0.000000000000000000e+00
9.146587155697427193e-08
3.647461676127063641e-07
8.164981754551846893e-07
1.441181520621313649e-06
2.231104324156320912e-06
3.176487679745309672e-06
4.265548307738455257e-06
5.484599202783611608e-06
6.818168051375967052e-06
8.249133155781812707e-06
9.758876561190137574e-06
1.132745404380392132e-05
1.293378157874115937e-05
1.455583786870663319e-05
1.617088247650263867e-05
1.775568906770085321e-05
1.928679323340236188e-05
2.074075432750522522e-05
2.209443071814163958e-05
2.332526781921658669e-05
2.441159823447670372e-05
2.533295331542806728e-05
2.607038540245849520e-05
2.660679998893221090e-05
2.692729701951558893e-05
2.701952050572333097e-05
2.687401561568962638e-05
2.648459236962402805e-05
2.584869504881490010e-05
2.496777640344445862e-05
2.384767572328050226e-05
2.249899981578355030e-05
2.093750591824903228e-05
1.918448555348961160e-05
1.726714832427059970e-05
1.521900462780815101e-05
1.308024626051620245e-05
1.089812387277837085e-05
8.727320225690285538e-06
6.630318195375440477e-06
4.677762465691761671e-06
2.948813847707278842e-06
1.531495163612591591e-06
5.230276336245882074e-07
3.015670790690725045e-08
1.694662903230929985e-07
1.067680308182280744e-06
2.861950591070646678e-06
5.700130033176733275e-06
9.741030026503937875e-06
1.515466116790933581e-05
2.212245626005306036e-05
3.083747464558848819e-05
4.150458693599230883e-05
5.434063921897548552e-05
6.957459585542363116e-05
8.744766000287317325e-05
1.082133710336256736e-04
1.321376780465433629e-04
1.594989887054058190e-04
1.905881926732683977e-04
2.257086589478199759e-04
2.651762064454823964e-04
3.093190472205406940e-04
3.584777017503821455e-04
4.130048857631551159e-04
4.732653681299898735e-04
5.396357993939683443e-04
6.125045105564563136e-04
6.922712817948634308e-04
7.793470808384024909e-04
8.741537707818261864e-04
9.771237871768157987e-04
1.088699784292972410e-03
1.209334250504703629e-03
1.339489092813286484e-03
1.479635190580694216e-03
1.630251918608947902e-03
1.791826639761492750e-03
1.964854167389434164e-03
2.149836197884562924e-03
2.347280713749269956e-03
2.557701357635680951e-03
2.781616777870721605e-03
3.019549946053453303e-03
3.272027447367794120e-03
3.539578744328067319e-03
3.822735414729984144e-03
4.122030364654609945e-03
4.437997017424372657e-03
4.771168479484640471e-03
5.122076684240985632e-03
5.491251514942900765e-03
5.879219907767132061e-03
6.286504936317071669e-03
6.713624878803133196e-03
7.161092269232493049e-03
7.629412933992515619e-03
8.119085015260317159e-03
8.630597982723029957e-03
9.164431635147860314e-03
9.721055093382663728e-03
1.030092578641286609e-02
1.090448843214881711e-02
1.153217401464914221e-02
1.218439875952947483e-02
1.286156310933592173e-02
1.356405070070526575e-02
1.429222734513557226e-02
1.504644001525715959e-02
1.582701583847568802e-02
1.663426109990776003e-02
1.746846025652266238e-02
1.832987496443853198e-02
1.921874312130979201e-02
2.013527792575716541e-02
2.107966695579094329e-02
2.205207126818156324e-02
2.305262452070832441e-02
2.408143211922809598e-02
2.513857039147544131e-02
2.622408578949476932e-02
2.733799412258232017e-02
2.848027982258400162e-02
2.965089524337804691e-02
3.084975999631853899e-02
3.207676032339475819e-02
3.333174850980843984e-02
3.461454233763514715e-02
3.592492458216330065e-02
3.726264255249265439e-02
3.862740767786252555e-02
4.001889514116662577e-02
4.143674356101659240e-02
4.288055472366502502e-02
4.434989336600536625e-02
4.584428701082148699e-02
4.736322585535063245e-02
4.890616271416634714e-02
5.047251301727220113e-02
5.206165486425708838e-02
5.367292913521867770e-02
5.530563965910498953e-02
5.695905344001747639e-02
5.863240094192220114e-02
6.032487643210507344e-02
6.203563838362953498e-02
6.376380993692748467e-02
6.550847942056042816e-02
6.726870093108248960e-02
6.904349497182465933e-02
7.083184915032017526e-02
7.263271893396228140e-02
7.444502846340408930e-02
7.626767142308410463e-02
7.809951196813874619e-02
7.993938570688924328e-02
8.178610073794696789e-02
8.363843874089173236e-02
8.549515611936252257e-02
8.735498519529702466e-02
8.921663545295759057e-02
9.107879483125662368e-02
9.294013106282282555e-02
9.479929305812929974e-02
9.665491233291133299e-02
9.850560447701252331e-02
1.003499706627028198e-01
1.021865991904260251e-01
1.040140670698428277e-01
1.058309416339536513e-01
1.076357821840226020e-01
1.094271416629278154e-01
1.112035683544964904e-01
1.129636076063367800e-01
1.147058035735875753e-01
1.164287009809655687e-01
1.181308469004386241e-01
1.198107925417966901e-01
1.214670950533458804e-01
1.230983193299321626e-01
1.247030398254347777e-01
1.262798423668871628e-01
1.278273259673081697e-01
1.293441046343498657e-01
1.308288091718404489e-01
1.322800889712914818e-01
1.336966137904493923e-01
1.350770755159607650e-01
1.364201899072521040e-01
1.377246983187150053e-01
1.389893693973436040e-01
1.402130007529616418e-01
1.413944205982350377e-01
1.425324893557112782e-01
1.436261012291291106e-01
1.446741857363543771e-01
1.456757092012928856e-01
1.466296762022429312e-01
1.475351309741657069e-01
1.483911587624795747e-01
1.491968871259990170e-01
1.499514871867825838e-01
1.506541748246785495e-01
1.513042118144924675e-01
1.519009069037713933e-01
1.524436168293174521e-01
1.529317472706116232e-01
1.533647537384681125e-01
1.537421423973443779e-01
1.540634708198152236e-01
1.543283486718803610e-01
1.545364383278491904e-01
1.546874554137045166e-01
1.547811692779401394e-01
1.548174033890221957e-01
1.547960356587181896e-01
1.547169986906970496e-01
1.545802799539145733e-01
1.543859218804500000e-01
1.541340218875444090e-01
1.538247323238021436e-01
1.534582603395603095e-01
1.530348676816484510e-01
1.525548704128115440e-01
1.520186385562721232e-01
1.514265956659979484e-01
1.507792183233669647e-01
1.500770355610828166e-01
1.493206282152810538e-01
1.485106282069248163e-01
1.476477177536826835e-01
1.467326285136192343e-01
1.457661406621338085e-01
1.447490819037149379e-01
1.436823264201492201e-01
1.425667937570005428e-01
1.414034476501783988e-01
1.401932947946248897e-01
1.389373835571481586e-01
1.376368026356053764e-01
1.362926796666341089e-01
1.349061797843134347e-01
1.334785041321261134e-01
1.320108883307260228e-01
1.305046009040469746e-01
1.289609416663659025e-01
1.273812400729962824e-01
1.257668535373196450e-01
1.241191657169340851e-01
1.224395847717236613e-01
1.207295415966866542e-01
1.189904880323925662e-01
1.172238950559883197e-01
1.154312509556360139e-01
1.136140594913332691e-01
1.117738380450407215e-01
1.099121157630583434e-01
1.080304316935823267e-01
1.061303329223625275e-01
1.042133727093648293e-01
1.022811086293409361e-01
1.003351007191402300e-01
9.837690963462307481e-02
9.640809481993359298e-02
9.443021269192304612e-02
9.244481484238886715e-02
9.045344626080689676e-02
8.845764358015227591e-02
8.645893334832985277e-02
8.445883032770330756e-02
8.245883582511390197e-02
8.046043605472581739e-02
7.846510053593527823e-02
7.647428052854592095e-02
7.448940750725482896e-02
7.251189167748930964e-02
7.054312053448381914e-02
6.858445746741838323e-02
6.663724041033800005e-02
6.470278054148753677e-02
6.278236103256641665e-02
6.087723584934704585e-02
5.898862860496010413e-02
5.711773146706355248e-02
5.526570412000147980e-02
5.343367278296408396e-02
5.162272928501681485e-02
4.983393019780735234e-02
4.806829602661159134e-02
4.632681046028389038e-02
4.461041968057959106e-02
4.292003173118798948e-02
4.125651594672635064e-02
3.962070244182593071e-02
3.801338166034291810e-02
3.643530398461578002e-02
3.488717940460122485e-02
3.336967724659777729e-02
3.188342596119345812e-02
3.042901296995239799e-02
2.900698457027556937e-02
2.761784589777469684e-02
2.626206094540232613e-02
2.494005263850503779e-02
2.365220296486937948e-02
2.239885315875621632e-02
2.118030393784673879e-02
1.999681579192330930e-02
1.884860932207631928e-02
1.773586562911528761e-02
1.665872674983453344e-02
1.561729613969932602e-02
1.461163920046827484e-02
1.364178385122010936e-02
1.270772114118545217e-02
1.180940590276120979e-02
1.094675744301713480e-02
1.011966027199137294e-02
9.327964866012922185e-03
8.571488464275812610e-03
7.850015896854937655e-03
7.163300442332357423e-03
6.511064713179536695e-03
5.893001567036765774e-03
5.308775042005367019e-03
4.758021314071172146e-03
4.240349674768367945e-03
3.755343527198671399e-03
3.302561398511886983e-03
2.881537966975766807e-03
2.491785101765237563e-03
2.132792913610355445e-03
1.804030814472399984e-03
1.504948584423631327e-03
1.234977443940114437e-03
9.935311298350857964e-04
7.800069730957105360e-04
5.937869769137706999e-04
4.342388932365643436e-04
3.007172962008697542e-04
1.925646508525942263e-04
1.091123755952806750e-04
4.968189685424637321e-05
1.358569448963614972e-05
1.283365374712348764e-07
8.607501908216686170e-06
3.831498972160759305e-05
8.853771400965333228e-05
1.585586825722920860e-04
2.476579588242166152e-04
3.551136055283562977e-04
4.802026093654308847e-04
6.222017853482567648e-04
7.803886601455155324e-04
9.540423334377712066e-04
1.142444316488714631e-03
1.344879347170720770e-03
1.560636180743259346e-03
1.789008355742601961e-03
2.029294934397839548e-03
2.280801217048251169e-03
2.542839430090553746e-03
2.814729387049965618e-03
3.095799122416043655e-03
3.385385497945449934e-03
3.682834781190811972e-03
3.987503196062189802e-03
4.298757445287273472e-03
4.615975204685891092e-03
4.938545589223341907e-03
5.265869590860130199e-03
5.597360488263628323e-03
5.932444228489343156e-03
6.270559780793156894e-03
6.611159462770952767e-03
6.953709239071819391e-03
7.297688992967279673e-03
7.642592771100365986e-03
7.987929001774543569e-03
8.333220687178288788e-03
8.678005569979468925e-03
9.021836274745190232e-03
9.364280424688505716e-03
9.704920734256506851e-03
1.004335507811352640e-02
1.037919653709270390e-02
1.071207342170759323e-02
1.104162927385387433e-02
1.136752284732304302e-02
1.168942806780315369e-02
1.200703397302025667e-02
1.232004463372266163e-02
1.262817905619658364e-02
1.293117106702813476e-02
1.322876918082926956e-02
1.352073645165695510e-02
1.380685030885459713e-02
1.408690237805442641e-02
1.436069828808432536e-02
1.462805746451419607e-02
1.488881291058758057e-02
1.514281097627670492e-02
1.538991111619952661e-02
1.562998563712738806e-02
1.586291943581438421e-02
1.608860972786942123e-02
1.630696576837689302e-02
1.651790856498069893e-02
1.672137058411200805e-02
1.691729545106027480e-02
1.710563764453707988e-02
1.728636218641440431e-02
1.745944432726051140e-02
1.762486922831764738e-02
1.778263164053056969e-02
1.793273558122335937e-02
1.807519400901586373e-02
1.821002849753179664e-02
1.833726890846000199e-02
1.845695306449034179e-02
1.856912642264067770e-02
1.867384174846860659e-02
1.877115879163942375e-02
1.886114396330884624e-02
1.894387001575478444e-02
1.901941572467453351e-02
1.908786557455075319e-02
1.914930944744959104e-02
1.920384231562610386e-02
1.925156393826175580e-02
1.929257856265810880e-02
1.932699463018957425e-02
1.935492448728396223e-02
1.937648410170721494e-02
1.939179278437928519e-02
1.940097291695539600e-02
1.940414968537215040e-02
1.940145081954645911e-02
1.939300633939904789e-02
1.937894830735042290e-02
1.935941058742641011e-02
1.933452861109230883e-02
1.930443914991555182e-02
1.926928009514445456e-02
1.922919024427283130e-02
1.918430909465193221e-02
1.913477664418052060e-02
1.908073319911400903e-02
1.902231918899645671e-02
1.895967498872545148e-02
1.889294074773263318e-02
1.882225622626161610e-02
1.874776063870904272e-02
1.866959250398031456e-02
1.858788950281226732e-02
1.850278834199066066e-02
1.841442462539545286e-02
1.832293273178671467e-02
1.822844569924063005e-02
1.813109511614235947e-02
1.803101101862480612e-02
1.792832179434239101e-02
1.782315409246534518e-02
1.771563273976592759e-02
1.760588066266929874e-02
1.749401881513789822e-02
1.738016611224650967e-02
1.726443936930931525e-02
1.714695324641463819e-02
1.702782019821473189e-02
1.690715042882775729e-02
1.678505185168811809e-02
1.666163005420325666e-02
1.653698826704906935e-02
1.641122733795668739e-02
1.628444570982453751e-02
1.615673940300778669e-02
1.602820200161380812e-02
1.589892464365960309e-02
1.576899601492469383e-02
1.563850234634629396e-02
1.550752741480198975e-02
1.537615254712338189e-02
1.524445662719552987e-02
1.511251610597696624e-02
1.498040501431093831e-02
1.484819497836261867e-02
1.471595523755564114e-02
1.458375266484808475e-02
1.445165178922717432e-02
1.431971482027224497e-02
1.418800167466157877e-02
1.405657000448663763e-02
1.392547522725504257e-02
1.379477055744656941e-02
1.366450703951453682e-02
1.353473358220395883e-02
1.340549699408269402e-02
1.327684202016758859e-02
1.314881137954183529e-02
1.302144580386391942e-02
1.289478407666032507e-02
1.276886307331463744e-02
1.264371780165466155e-02
1.251938144305136079e-02
1.239588539394280778e-02
1.227325930770355872e-02
1.215153113677772123e-02
1.203072717500549768e-02
1.191087210006548658e-02
1.179198901597235810e-02
1.167409949555927098e-02
1.155722362288576915e-02
1.144138003551529656e-02
1.132658596660172413e-02
1.121285728674267790e-02
1.110020854553823988e-02
1.098865301282120170e-02
1.087820271950946938e-02
1.076886849804433929e-02
1.066066002237071007e-02
1.055358584743646896e-02
1.044765344816664214e-02
1.034286925789063873e-02
1.023923870619627627e-02
1.013676625618048152e-02
1.003545544107791072e-02
9.935308900248981598e-03
9.836328414507079787e-03
9.738514940767573416e-03
9.641868646010430532e-03
9.546388940536991441e-03
9.452074510518732736e-03
9.358923349819001786e-03
9.266932791095272917e-03
9.176099536159878708e-03
9.086419685611968333e-03
8.997888767721522532e-03
8.910501766581408953e-03
8.824253149511856673e-03
8.739136893732062095e-03
8.655146512288340935e-03
8.572275079256596805e-03
8.490515254209128268e-03
8.409859305963074752e-03
8.330299135607907926e-03
8.251826298825981620e-03
8.174432027507810838e-03
8.098107250674143123e-03
8.022842614714529794e-03
7.948628502947268151e-03
7.875455054516771261e-03
7.803312182634372651e-03
7.732189592176236421e-03
7.662076796647851289e-03
7.592963134529776524e-03
7.524837785011106832e-03
7.457689783130998402e-03
7.391508034331177417e-03
7.326281328441389129e-03
7.261998353104557290e-03
7.198647706655050306e-03
7.136217910466468965e-03
7.074697420779147219e-03
7.014074640019559402e-03
6.954337927629226576e-03
6.895475610410944749e-03
6.837475992408922378e-03
6.780327364333447147e-03
6.724018012545625138e-03
6.668536227613547883e-03
6.613870312450238417e-03
6.560008590050374865e-03
6.506939410836700376e-03
6.454651159624793036e-03
6.403132262224437224e-03
6.352371191683487545e-03
6.302356474191180523e-03
6.253076694648868582e-03
6.204520501919970690e-03
6.156676613772535216e-03
6.109533821522194347e-03
6.063080994388765112e-03
6.017307083574522687e-03
5.972201126078433182e-03
5.927752248249550798e-03
5.883949669097147776e-03
5.840782703361097755e-03
5.798240764355622710e-03
5.756313366592060408e-03
5.714990128192523090e-03
5.674260773102329097e-03
5.634115133107801994e-03
5.594543149668338919e-03
5.555534875573822640e-03
5.517080476428511820e-03
5.479170231975162390e-03
5.441794537263908507e-03
5.404943903671191423e-03
5.368608959779106425e-03
5.332780452119097875e-03
5.297449245786694030e-03
5.262606324934409642e-03
5.228242793148922540e-03
5.194349873715002272e-03
5.160918909777057959e-03
5.127941364398463236e-03
5.095408820527994563e-03
5.063312980874662243e-03
5.031645667698671047e-03
5.000398822521986801e-03
4.969564505761353904e-03
4.939134896292413958e-03
4.909102290943574178e-03
4.879459103926604355e-03
4.850197866209549936e-03
4.821311224830867465e-03
4.792791942161849644e-03
4.764632895119726153e-03
4.736827074335384080e-03
4.709367583276001176e-03
4.682247637330643614e-03
4.655460562855853225e-03
4.628999796188490098e-03
4.602858882626138445e-03
4.577031475379091628e-03
4.551511334492927552e-03
4.526292325750353243e-03
4.501368419546493416e-03
4.476733689747323594e-03
4.452382312527206759e-03
4.428308565191513106e-03
4.404506824983566576e-03
4.380971567879933179e-03
4.357697367373360685e-03
4.334678893246627501e-03
4.311910910338016302e-03
4.289388277300501019e-03
4.267105945354411276e-03
4.245058957037837338e-03
4.223242444952641020e-03
4.201651630509486458e-03
4.180281822672175275e-03
4.159128416702305257e-03
4.138186892905365392e-03
4.117452815379997640e-03
4.096921830769323890e-03
4.076589667017306226e-03
4.056452132129053680e-03
4.036505112938524979e-03
4.016744573880725970e-03
3.997166555771766196e-03
3.977767174596277648e-03
3.958542620304313780e-03
3.939489155614330461e-03
3.920603114828518157e-03
3.901880902655174930e-03
3.883318993043585483e-03
3.864913928027231653e-03
3.846662316580337290e-03
3.828560833484154474e-03
3.810606218204393159e-03
3.792795273783082424e-03
3.775124865740006955e-03
3.757591920987622333e-03
3.740193426760245795e-03
3.722926429552462276e-03
3.705788034074672128e-03
3.688775402219080131e-03
3.671885752040518133e-03
3.655116356750609877e-03
3.638464543724565479e-03
3.621927693522947883e-03
3.605503238926948458e-03
3.589188663987140544e-03
3.572981503086771708e-03
3.556879340017790603e-03
3.540879807072679769e-03
3.524980584148349957e-03
3.509179397866383360e-03
3.493474020704067252e-03
3.477862270142310832e-03
3.462342007826123193e-03
3.446911138739023727e-03
3.431567610390983368e-03
3.416309412020877671e-03
3.401134573812464226e-03
3.386041166123658890e-03
3.371027298728319823e-03
3.356091120074225151e-03
3.341230816551693170e-03
3.326444611776324060e-03
3.311730765885532654e-03
3.297087574846926765e-03
3.282513369780174287e-03
3.268006516292064605e-03
3.253565413823218677e-03
3.239188495007739709e-03
3.224874225045477015e-03
3.210621101085889967e-03
3.196427651625398554e-03
3.182292435913588839e-03
3.168214043375480217e-03
3.154191093041497449e-03
3.140222232991265409e-03
3.126306139808289215e-03
3.112441518044511014e-03
3.098627099698272706e-03
3.084861643700419296e-03
3.071143935413357586e-03
3.057472786139583867e-03
3.043847032639826304e-03
3.030265536663518181e-03
3.016727184487272111e-03
3.003230886463950818e-03
2.989775576582323190e-03
2.976360212034436393e-03
2.962983772794186912e-03
2.949645261204145424e-03
2.936343701571271676e-03
2.923078139772697717e-03
2.909847642868899301e-03
2.896651298726478970e-03
2.883488215648414080e-03
2.870357522013859686e-03
2.857258365924643124e-03
2.844189914861074489e-03
2.831151355344352534e-03
2.818141892607740027e-03
2.805160750274261674e-03
2.792207170042427297e-03
2.779280411379154124e-03
2.766379751219148319e-03
2.753504483671969164e-03
2.740653919735113169e-03
2.727827387014603467e-03
2.715024229451477259e-03
2.702243807054414190e-03
2.689485495639295370e-03
2.676748686574422810e-03
2.664032786531708458e-03
2.651337217243535365e-03
2.638661415265998716e-03
2.626004831746696182e-03
2.613366932198641409e-03
2.600747196279540839e-03
2.588145117575775967e-03
2.575560203391936281e-03
2.562991974544792662e-03
2.550439965162825794e-03
2.537903722490136502e-03
2.525382806694261364e-03
2.512876790680046435e-03
2.500385259906041067e-03
2.487907812207176654e-03
2.475444057619979356e-03
2.462993618212728098e-03
2.450556127919332246e-03
2.438131232377128022e-03
2.425718588768645701e-03
2.413317865666698807e-03
2.400928742883384672e-03
2.388550911322646388e-03
2.376184072835983707e-03
2.363827940081154183e-03
2.351482236385963979e-03
2.339146695612198332e-03
2.326821062025367665e-03
2.314505090166253491e-03
2.302198544725211644e-03
2.289901200419797514e-03
2.277612841874991200e-03
2.265333263506271941e-03
2.253062269404757737e-03
2.240799673225815723e-03
2.228545298079428940e-03
2.216298976423260181e-03
2.204060549957879457e-03
2.191829869524719761e-03
2.179606795005732851e-03
2.167391195225583812e-03
2.155182947855644512e-03
2.142981939320674593e-03
2.130788064706251855e-03
2.118601227669748410e-03
2.106421340351656395e-03
2.094248323290064800e-03
2.082082105335681440e-03
2.069922623569682082e-03
2.057769823222069597e-03
2.045623657593297843e-03
2.033484087975506553e-03
2.021351083576900833e-03
2.009224621446795925e-03
1.997104686402021139e-03
1.984991270955612733e-03
1.972884375245622605e-03
1.960784006966224610e-03
1.948690181299546440e-03
1.936602920849328155e-03
1.924522255574694779e-03
1.912448222726419742e-03
1.900380866783304762e-03
1.888320239390265179e-03
1.876266399297048465e-03
1.864219412298119332e-03
1.852179351173709274e-03
1.840146295631800910e-03
1.828120332250524538e-03
1.816101554422162780e-03
1.804090062297624038e-03
1.792085962732033752e-03
1.780089369230374247e-03
1.768100401895235070e-03
1.756119187373937976e-03
1.744145858807127740e-03
1.732180555778474289e-03
1.720223424263723220e-03
1.708274616581935759e-03
1.696334291345983443e-03
1.684402613414737833e-03
1.672479753845344808e-03
1.660565889845946408e-03
1.648661204729219521e-03
1.636765887866488758e-03
1.624880134641794229e-03
1.613004146407120715e-03
1.601138130437811374e-03
1.589282299888193075e-03
1.577436873748258410e-03
1.565602076799636451e-03
1.553778139573353326e-03
1.541965298306697879e-03
1.530163794901420694e-03
1.518373876881632572e-03
1.506595797352054287e-03
1.494829814957244086e-03
1.483076193840103096e-03
1.471335203601457789e-03
1.459607119259419099e-03
1.447892221209507845e-03
1.436190795184207926e-03
1.424503132213681767e-03
1.412829528585729652e-03
1.401170285806852120e-03
1.389525710563053454e-03
1.377896114680122585e-03
1.366281815085882475e-03
1.354683133770354141e-03
1.343100397747979367e-03
1.331533939018664453e-03
1.319984094529483591e-03
1.308451206136628138e-03
1.296935620566882748e-03
1.285437689379641431e-03
1.273957768928787220e-03
1.262496220324753988e-03
1.251053409396596285e-03
1.239629706653767741e-03
1.228225487248651255e-03
1.216841130938285795e-03
1.205477022046559394e-03
1.194133549426452251e-03
1.182811106421990553e-03
1.171510090830462031e-03
1.160230904864305388e-03
1.148973955113192927e-03
1.137739652505975708e-03
1.126528412272690067e-03
1.115340653906201794e-03
1.104176801124298526e-03
1.093037281831033382e-03
1.081922528078851399e-03
1.070832976029462841e-03
1.059769065915954454e-03
1.048731242003885043e-03
1.037719952552304059e-03
1.026735649775225570e-03
1.015778789802410488e-03
1.004849832640247916e-03
9.939492421327767672e-04
9.830774859219410921e-04
9.722350354081621925e-04
9.614223657107476805e-04
9.506399556280373990e-04
9.398882875972753648e-04
9.291678476545711576e-04
9.184791253944050776e-04
9.078226139291954277e-04
8.971988098488773962e-04
8.866082131793984970e-04
8.760513273422451935e-04
8.655286591126476643e-04
8.550407185787328116e-04
8.445880190992384245e-04
8.341710772620777913e-04
8.237904128418545866e-04
8.134465487578669508e-04
8.031400110315020310e-04
7.928713287433028761e-04
7.826410339903190671e-04
7.724496618425021662e-04
7.622977502994391112e-04
7.521858402468000306e-04
7.421144754121712086e-04
7.320842023209115767e-04
7.220955702519071817e-04
7.121491311926156104e-04
7.022454397943891620e-04
6.923850533271249481e-04
6.825685316337830452e-04
6.727964370847560032e-04
6.630693345320289945e-04
6.533877912624603494e-04
6.437523769518729670e-04
6.341636636175752590e-04
6.246222255719029778e-04
6.151286393745252715e-04
6.056834837849088158e-04
5.962873397142127389e-04
5.869407901775083739e-04
5.776444202447907766e-04
5.683988169925418849e-04
5.592045694545545774e-04
5.500622685725120283e-04
5.409725071464226457e-04
5.319358797845621326e-04
5.229529828533699019e-04
5.140244144267346526e-04
5.051507742353055332e-04
4.963326636151776114e-04
4.875706854565970230e-04
4.788654441520383124e-04
4.702175455444130171e-04
4.616275968742893500e-04
4.530962067276524119e-04
4.446239849825816648e-04
4.362115427563319453e-04
4.278594923512574720e-04
4.195684472012655396e-04
4.113390218175986580e-04
4.031718317340618517e-04
3.950674934523852122e-04
3.870266243870656010e-04
3.790498428098561484e-04
3.711377677939575433e-04
3.632910191580545527e-04
3.555102174097902199e-04
3.477959836892496577e-04
3.401489397116457610e-04
3.325697077103577175e-04
3.250589103788882996e-04
3.176171708133839096e-04
3.102451124539405908e-04
3.029433590263017604e-04
2.957125344829635342e-04
2.885532629438021350e-04
2.814661686368314058e-04
2.744518758382173186e-04
2.675110088122682511e-04
2.606441917509440959e-04
2.538520487133269867e-04
2.471352035643520589e-04
2.404942799136446769e-04
2.339299010538844353e-04
2.274426898988969169e-04
2.210332689213396606e-04
2.147022600903235919e-04
2.084502848085159621e-04
2.022779638490208886e-04
1.961859172920921439e-04
1.901747644613379674e-04
1.842451238598622626e-04
1.783976131057732697e-04
1.726328488679931058e-04
1.669514468011424246e-04
1.613540214804903741e-04
1.558411863367037040e-04
1.504135535900279154e-04
1.450717341843648137e-04
1.398163377212216659e-04
1.346479723930478912e-04
1.295672449165395244e-04
1.245747604657308229e-04
1.196711226045624074e-04
1.148569332194959963e-04
1.101327924516377389e-04
1.054992986287428829e-04
1.009570481969564518e-04
9.650663565214649307e-05
9.214865347128149394e-05
8.788369204333257756e-05
8.371233960000385344e-05
7.963518214626107898e-05
7.565280339064411766e-05
7.176578467518261977e-05
6.797470490540094665e-05
6.428014047979678243e-05
