0.000000000000000000e+00
2.341134992093062833e-02
4.682269984186186729e-02
7.023404976279250256e-02
9.364539968372373457e-02
1.170567496046543698e-01
1.404680995255856157e-01
1.638794494465162510e-01
1.872907993674474691e-01
2.107021492883781044e-01
2.341134992093093503e-01
2.575248491302399856e-01
2.809361990511712315e-01
3.043475489721018667e-01
3.277588988930331126e-01
3.511702488139636924e-01
3.745815987348943277e-01
3.979929486558261842e-01
4.214042985767568195e-01
4.448156484976874547e-01
4.682269984186180900e-01
4.916383483395499465e-01
5.150496982604805263e-01
5.384610481814111616e-01
5.618723981023417968e-01
5.852837480232736533e-01
6.086950979442042886e-01
6.321064478651349239e-01
6.555177977860655592e-01
6.789291477069974157e-01
7.023404976279280509e-01
7.257518475488586862e-01
7.491631974697893215e-01
7.725745473907211780e-01
7.959858973116518133e-01
8.193972472325824485e-01
8.428085971535130838e-01
8.662199470744449403e-01
8.896312969953755756e-01
9.130426469163060998e-01
9.364539968372367351e-01
9.598653467581685916e-01
9.832766966790992269e-01
1.006688046600029862e+00
1.030099396520960608e+00
1.053510746441892465e+00
1.076922096362822989e+00
1.100333446283753736e+00
1.123744796204684260e+00
1.147156146125614784e+00
1.170567496046546641e+00
1.193978845967477387e+00
1.217390195888407911e+00
1.240801545809339768e+00
1.264212895730270514e+00
1.287624245651201038e+00
1.311035595572131784e+00
1.334446945493062309e+00
1.357858295413994165e+00
1.381269645334924911e+00
1.404680995255855436e+00
1.428092345176787292e+00
1.451503695097718039e+00
1.474915045018648563e+00
1.498326394939579309e+00
1.521737744860509833e+00
1.545149094781441690e+00
1.568560444702372214e+00
1.591971794623302960e+00
1.615383144544234817e+00
1.638794494465165341e+00
1.662205844386096087e+00
1.685617194307026612e+00
1.709028544227957358e+00
1.732439894148889215e+00
1.755851244069819739e+00
1.779262593990750485e+00
1.802673943911682342e+00
1.826085293832612866e+00
1.849496643753543612e+00
1.872907993674474136e+00
1.896319343595404883e+00
1.919730693516336739e+00
1.943142043437267263e+00
1.966553393358198010e+00
1.989964743279129866e+00
2.013376093200060168e+00
2.036787443120990915e+00
2.060198793041921661e+00
2.083610142962852407e+00
2.107021492883784042e+00
2.130432842804714788e+00
2.153844192725645534e+00
2.177255542646577169e+00
2.200666892567507915e+00
2.224078242488438661e+00
2.247489592409368964e+00
2.270900942330299710e+00
2.294312292251230456e+00
2.317723642172162091e+00
2.341134992093092837e+00
2.364546342014023583e+00
2.387957691934955218e+00
2.411369041855885964e+00
2.434780391776816710e+00
2.458191741697747013e+00
2.481603091618677759e+00
2.505014441539609837e+00
2.528425791460540140e+00
2.551837141381470886e+00
2.575248491302402964e+00
2.598659841223333267e+00
2.622071191144264013e+00
2.645482541065194759e+00
2.668893890986125506e+00
2.692305240907057140e+00
2.715716590827987886e+00
2.739127940748918633e+00
2.762539290669850267e+00
2.785950640590781013e+00
2.809361990511711760e+00
2.832773340432642062e+00
2.856184690353572808e+00
2.879596040274504887e+00
2.903007390195435189e+00
2.926418740116367267e+00
2.949830090037297570e+00
2.973241439958228316e+00
2.996652789879159062e+00
3.020064139800089809e+00
3.043475489721020111e+00
3.066886839641950857e+00
3.090298189562882936e+00
3.113709539483813238e+00
3.137120889404745316e+00
3.160532239325676063e+00
3.183943589246606365e+00
3.207354939167537111e+00
3.230766289088467857e+00
3.254177639009398604e+00
3.277588988930330238e+00
3.301000338851260985e+00
3.324411688772192619e+00
3.347823038693123365e+00
3.371234388614054112e+00
3.394645738534984414e+00
3.418057088455915160e+00
3.441468438376845906e+00
3.464879788297777541e+00
3.488291138218708287e+00
3.511702488139640366e+00
3.535113838060570668e+00
3.558525187981501414e+00
3.581936537902432161e+00
3.605347887823362907e+00
3.628759237744293209e+00
3.652170587665225288e+00
3.675581937586156034e+00
3.698993287507087668e+00
3.722404637428018415e+00
3.745815987348949161e+00
3.769227337269879463e+00
3.792638687190810209e+00
3.816050037111740956e+00
3.839461387032672590e+00
3.862872736953603336e+00
3.886284086874534971e+00
3.909695436795465717e+00
3.933106786716396464e+00
3.956518136637327210e+00
3.979929486558257512e+00
4.003340836479188702e+00
4.026752186400120337e+00
4.050163536321051083e+00
4.073574886241982718e+00
4.096986236162913464e+00
4.120397586083844210e+00
4.143808936004774957e+00
4.167220285925704815e+00
4.190631635846635561e+00
4.214042985767568084e+00
4.237454335688497942e+00
4.260865685609430464e+00
4.284277035530360322e+00
4.307688385451291069e+00
4.331099735372221815e+00
4.354511085293152561e+00
4.377922435214083308e+00
4.401333785135014942e+00
4.424745135055945688e+00
4.448156484976877323e+00
4.471567834897808069e+00
4.494979184818738815e+00
4.518390534739669562e+00
4.541801884660600308e+00
4.565213234581531054e+00
4.588624584502461801e+00
4.612035934423393435e+00
4.635447284344324181e+00
4.658858634265255816e+00
4.682269984186186562e+00
4.705681334107117308e+00
4.729092684028047167e+00
4.752504033948977913e+00
4.775915383869908659e+00
4.799326733790840294e+00
4.822738083711771040e+00
4.846149433632703563e+00
4.869560783553633421e+00
4.892972133474564167e+00
4.916383483395494913e+00
4.939794833316425660e+00
4.963206183237356406e+00
4.986617533158288040e+00
5.010028883079218787e+00
5.033440233000150421e+00
5.056851582921081167e+00
5.080262932842011914e+00
5.103674282762942660e+00
5.127085632683873406e+00
5.150496982604804153e+00
5.173908332525735787e+00
5.197319682446666533e+00
5.220731032367598168e+00
5.244142382288528914e+00
5.267553732209459660e+00
5.290965082130390407e+00
5.314376432051320265e+00
5.337787781972251011e+00
5.361199131893183534e+00
5.384610481814113392e+00
5.408021831735045915e+00
5.431433181655976661e+00
5.454844531576906519e+00
5.478255881497837265e+00
5.501667231418768900e+00
5.525078581339699646e+00
5.548489931260630392e+00
5.571901281181562915e+00
5.595312631102493661e+00
5.618723981023424408e+00
5.642135330944355154e+00
5.665546680865285900e+00
5.688958030786216646e+00
5.712369380707146505e+00
5.735780730628077251e+00
5.759192080549010662e+00
5.782603430469941408e+00
5.806014780390872154e+00
5.829426130311802012e+00
5.852837480232732759e+00
5.876248830153663505e+00
5.899660180074594251e+00
5.923071529995524998e+00
5.946482879916458408e+00
5.969894229837388266e+00
5.993305579758319013e+00
6.016716929679249759e+00
6.040128279600180505e+00
6.063539629521111252e+00
6.086950979442041998e+00
6.110362329362972744e+00
6.133773679283903491e+00
6.157185029204836013e+00
6.180596379125766759e+00
6.204007729046697506e+00
6.227419078967628252e+00
6.250830428888558998e+00
6.274241778809488856e+00
6.297653128730419603e+00
6.321064478651350349e+00
6.344475828572283760e+00
6.367887178493214506e+00
6.391298528414145252e+00
6.414709878335075111e+00
6.438121228256005857e+00
6.461532578176936603e+00
6.484943928097867349e+00
6.508355278018798096e+00
6.531766627939731507e+00
6.555177977860661365e+00
6.578589327781592111e+00
6.602000677702522857e+00
6.625412027623453604e+00
6.648823377544384350e+00
6.672234727465315096e+00
6.695646077386245842e+00
6.719057427307178365e+00
6.742468777228109111e+00
6.765880127149039858e+00
6.789291477069970604e+00
6.812702826990901350e+00
6.836114176911832097e+00
6.859525526832761955e+00
6.882936876753692701e+00
6.906348226674626112e+00
6.929759576595556858e+00
6.953170926516487604e+00
6.976582276437418351e+00
6.999993626358348209e+00
7.023404976279278955e+00
7.046816326200209701e+00
7.070227676121140448e+00
7.093639026042073858e+00
7.117050375963004605e+00
7.140461725883934463e+00
7.163873075804865209e+00
7.187284425725795955e+00
7.210695775646726702e+00
7.234107125567657448e+00
7.257518475488588194e+00
7.280929825409520717e+00
7.304341175330451463e+00
7.327752525251382210e+00
7.351163875172312956e+00
7.374575225093243702e+00
7.397986575014174448e+00
7.421397924935105195e+00
7.444809274856035053e+00
7.468220624776968464e+00
7.491631974697899210e+00
7.515043324618829956e+00
7.538454674539760703e+00
7.561866024460691449e+00
7.585277374381621307e+00
7.608688724302552053e+00
7.632100074223482800e+00
7.655511424144413546e+00
7.678922774065346957e+00
7.702334123986276815e+00
7.725745473907207561e+00
7.749156823828138307e+00
7.772568173749069054e+00
7.795979523669999800e+00
7.819390873590930546e+00
7.842802223511861293e+00
7.866213573432793815e+00
7.889624923353724562e+00
7.913036273274655308e+00
7.936447623195586054e+00
7.959858973116516800e+00
7.983270323037447547e+00
8.006681672958377405e+00
8.030093022879308151e+00
8.053504372800240674e+00
8.076915722721171420e+00
8.100327072642102166e+00
8.123738422563032913e+00
8.147149772483963659e+00
8.170561122404894405e+00
8.193972472325825152e+00
8.217383822246755898e+00
8.240795172167688420e+00
8.264206522088619167e+00
8.287617872009549913e+00
8.311029221930480659e+00
8.334440571851411406e+00
8.357851921772342152e+00
8.381263271693272898e+00
8.404674621614203645e+00
8.428085971535136167e+00
8.451497321456066913e+00
8.474908671376997660e+00
8.498320021297928406e+00
8.521731371218859152e+00
8.545142721139789899e+00
8.568554071060720645e+00
8.591965420981651391e+00
8.615376770902583914e+00
8.638788120823514660e+00
8.662199470744445406e+00
8.685610820665376153e+00
8.709022170586306899e+00
8.732433520507237645e+00
8.755844870428168392e+00
8.779256220349099138e+00
8.802667570270031661e+00
8.826078920190962407e+00
8.849490270111893153e+00
8.872901620032823899e+00
8.896312969953754646e+00
8.919724319874685392e+00
8.943135669795614362e+00
8.966547019716545108e+00
8.989958369637475855e+00
9.013369719558410154e+00
9.036781069479340900e+00
9.060192419400271646e+00
9.083603769321200616e+00
9.107015119242131362e+00
9.130426469163062109e+00
9.153837819083992855e+00
9.177249169004923601e+00
9.200660518925857900e+00
9.224071868846786870e+00
9.247483218767717617e+00
9.270894568688648363e+00
9.294305918609579109e+00
9.317717268530509855e+00
9.341128618451440602e+00
9.364539968372371348e+00
9.387951318293303871e+00
9.411362668214234617e+00
9.434774018135165363e+00
9.458185368056096110e+00
9.481596717977026856e+00
9.505008067897957602e+00
9.528419417818888348e+00
9.551830767739819095e+00
9.575242117660751617e+00
9.598653467581682364e+00
9.622064817502613110e+00
9.645476167423543856e+00
9.668887517344474603e+00
9.692298867265405349e+00
9.715710217186336095e+00
9.739121567107266841e+00
9.762532917028199364e+00
9.785944266949130110e+00
9.809355616870060857e+00
9.832766966790991603e+00
9.856178316711922349e+00
9.879589666632853096e+00
9.903001016553783842e+00
9.926412366474714588e+00
9.949823716395647111e+00
9.973235066316577857e+00
9.996646416237508603e+00
1.002005776615843935e+01
1.004346911607937010e+01
1.006688046600030084e+01
1.009029181592123159e+01
1.011370316584216056e+01
1.013711451576309486e+01
1.016052586568402560e+01
1.018393721560495635e+01
1.020734856552588710e+01
1.023075991544681784e+01
1.025417126536774681e+01
1.027758261528867756e+01
1.030099396520960831e+01
1.032440531513054260e+01
1.034781666505147335e+01
1.037122801497240232e+01
1.039463936489333307e+01
1.041805071481426381e+01
1.044146206473519456e+01
1.046487341465612531e+01
1.048828476457705605e+01
1.051169611449798680e+01
1.053510746441891932e+01
1.055851881433985007e+01
1.058193016426078081e+01
1.060534151418171156e+01
1.062875286410264231e+01
1.065216421402357305e+01
1.067557556394450380e+01
1.069898691386543454e+01
1.072239826378636707e+01
1.074580961370729781e+01
1.076922096362822856e+01
1.079263231354915931e+01
1.081604366347009005e+01
1.083945501339102080e+01
1.086286636331195155e+01
1.088627771323288229e+01
1.090968906315381481e+01
1.093310041307474556e+01
1.095651176299567631e+01
1.097992311291660705e+01
1.100333446283753780e+01
1.102674581275846855e+01
1.105015716267939929e+01
1.107356851260033004e+01
1.109697986252126078e+01
1.112039121244219153e+01
1.114380256236312405e+01
1.116721391228405480e+01
1.119062526220498555e+01
1.121403661212591629e+01
1.123744796204684704e+01
1.126085931196777601e+01
1.128427066188870675e+01
1.130768201180963750e+01
1.133109336173057180e+01
1.135450471165150255e+01
1.137791606157243329e+01
1.140132741149336226e+01
1.142473876141429301e+01
1.144815011133522376e+01
1.147156146125615450e+01
1.149497281117708525e+01
1.151838416109801955e+01
1.154179551101894852e+01
1.156520686093987926e+01
1.158861821086081001e+01
1.161202956078174076e+01
1.163544091070267150e+01
1.165885226062360225e+01
1.168226361054453299e+01
1.170567496046546552e+01
1.172908631038639626e+01
1.175249766030732701e+01
1.177590901022825776e+01
1.179932036014918850e+01
1.182273171007011925e+01
1.184614305999105000e+01
1.186955440991198074e+01
1.189296575983291326e+01
1.191637710975384401e+01
1.193978845967477476e+01
1.196319980959570550e+01
1.198661115951663625e+01
1.201002250943756700e+01
1.203343385935849774e+01
1.205684520927942849e+01
1.208025655920035923e+01
1.210366790912129176e+01
1.212707925904222250e+01
1.215049060896315325e+01
1.217390195888408400e+01
1.219731330880501474e+01
1.222072465872594549e+01
1.224413600864687623e+01
1.226754735856780698e+01
1.229095870848873950e+01
1.231437005840967025e+01
1.233778140833060100e+01
1.236119275825153174e+01
1.238460410817246249e+01
1.240801545809339324e+01
1.243142680801432221e+01
1.245483815793525295e+01
1.247824950785618725e+01
1.250166085777711800e+01
1.252507220769804874e+01
1.254848355761897771e+01
1.257189490753990846e+01
1.259530625746083921e+01
1.261871760738176995e+01
1.264212895730270070e+01
1.266554030722363500e+01
1.268895165714456397e+01
1.271236300706549471e+01
1.273577435698642546e+01
1.275918570690735621e+01
1.278259705682828695e+01
1.280600840674921770e+01
1.282941975667014844e+01
1.285283110659108097e+01
1.287624245651201171e+01
1.289965380643294246e+01
1.292306515635387321e+01
1.294647650627480395e+01
1.296988785619573470e+01
1.299329920611666545e+01
1.301671055603759619e+01
1.304012190595852871e+01
1.306353325587945946e+01
1.308694460580039021e+01
1.311035595572132095e+01
1.313376730564225170e+01
1.315717865556318245e+01
1.318059000548411319e+01
1.320400135540504394e+01
1.322741270532597646e+01
1.325082405524690721e+01
1.327423540516783795e+01
1.329764675508876870e+01
1.332105810500969945e+01
1.334446945493063019e+01
1.336788080485156094e+01
1.339129215477249168e+01
1.341470350469342421e+01
1.343811485461435495e+01
1.346152620453528570e+01
1.348493755445621645e+01
1.350834890437714719e+01
1.353176025429807794e+01
1.355517160421900869e+01
1.357858295413993766e+01
1.360199430406086840e+01
1.362540565398180270e+01
1.364881700390273345e+01
1.367222835382366419e+01
1.369563970374459494e+01
1.371905105366552391e+01
1.374246240358645466e+01
1.376587375350738540e+01
1.378928510342831615e+01
1.381269645334925045e+01
1.383610780327017942e+01
1.385951915319111016e+01
1.388293050311204091e+01
1.390634185303297166e+01
1.392975320295390240e+01
1.395316455287483315e+01
1.397657590279576389e+01
1.399998725271669642e+01
1.402339860263762716e+01
1.404680995255855791e+01
1.407022130247948866e+01
1.409363265240041940e+01
1.411704400232135015e+01
1.414045535224228090e+01
1.416386670216321164e+01
1.418727805208414416e+01
1.421068940200507491e+01
1.423410075192600566e+01
1.425751210184693640e+01
1.428092345176786715e+01
1.430433480168879790e+01
1.432774615160972864e+01
1.435115750153065939e+01
1.437456885145159191e+01
1.439798020137252266e+01
1.442139155129345340e+01
1.444480290121438415e+01
1.446821425113531490e+01
1.449162560105624564e+01
1.451503695097717639e+01
1.453844830089810714e+01
1.456185965081903966e+01
1.458527100073997040e+01
1.460868235066090115e+01
1.463209370058183190e+01
1.465550505050276264e+01
1.467891640042369339e+01
1.470232775034462414e+01
1.472573910026555311e+01
1.474915045018648740e+01
1.477256180010741815e+01
1.479597315002834890e+01
1.481938449994927964e+01
1.484279584987021039e+01
1.486620719979113936e+01
1.488961854971207011e+01
1.491302989963300085e+01
1.493644124955393515e+01
1.495985259947486590e+01
1.498326394939579664e+01
1.500667529931672561e+01
1.503008664923765636e+01
1.505349799915858711e+01
1.507690934907951785e+01
1.510032069900044860e+01
1.512373204892137935e+01
1.514714339884231187e+01
1.517055474876324261e+01
1.519396609868417336e+01
1.521737744860510411e+01
1.524078879852603485e+01
1.526420014844696560e+01
1.528761149836789635e+01
1.531102284828882709e+01
1.533443419820975961e+01
1.535784554813069036e+01
1.538125689805162111e+01
1.540466824797255185e+01
1.542807959789348260e+01
1.545149094781441335e+01
1.547490229773534409e+01
1.549831364765627484e+01
1.552172499757720736e+01
1.554513634749813811e+01
1.556854769741906885e+01
1.559195904733999960e+01
1.561537039726093035e+01
1.563878174718186109e+01
1.566219309710279184e+01
1.568560444702372259e+01
1.570901579694465511e+01
1.573242714686558585e+01
1.575583849678651660e+01
1.577924984670744735e+01
1.580266119662837809e+01
1.582607254654930884e+01
1.584948389647023959e+01
1.587289524639117033e+01
1.589630659631210285e+01
1.591971794623303360e+01
1.594312929615396435e+01
1.596654064607489509e+01
1.598995199599582584e+01
1.601336334591675481e+01
1.603677469583768556e+01
1.606018604575861630e+01
1.608359739567955060e+01
1.610700874560048135e+01
1.613042009552141209e+01
1.615383144544234284e+01
1.617724279536327359e+01
1.620065414528420433e+01
1.622406549520513508e+01
1.624747684512606583e+01
1.627088819504699657e+01
1.629429954496792732e+01
1.631771089488885806e+01
1.634112224480978881e+01
1.636453359473071956e+01
1.638794494465165030e+01
1.641135629457258105e+01
1.643476764449351180e+01
1.645817899441444609e+01
1.648159034433537684e+01
1.650500169425630759e+01
1.652841304417723833e+01
1.655182439409816908e+01
1.657523574401909983e+01
1.659864709394002702e+01
1.662205844386095777e+01
1.664546979378188851e+01
1.666888114370282281e+01
1.669229249362375356e+01
1.671570384354468430e+01
1.673911519346561505e+01
1.676252654338654580e+01
1.678593789330747654e+01
1.680934924322840729e+01
1.683276059314933804e+01
1.685617194307027233e+01
1.687958329299120308e+01
1.690299464291213383e+01
1.692640599283306457e+01
1.694981734275399532e+01
1.697322869267492607e+01
1.699664004259585681e+01
1.702005139251678756e+01
1.704346274243771830e+01
1.706687409235864905e+01
1.709028544227957980e+01
1.711369679220051054e+01
1.713710814212144129e+01
1.716051949204237204e+01
1.718393084196330278e+01
1.720734219188423353e+01
1.723075354180516783e+01
1.725416489172609857e+01
1.727757624164702932e+01
1.730098759156796007e+01
1.732439894148889081e+01
1.734781029140982156e+01
1.737122164133075231e+01
1.739463299125168305e+01
1.741804434117261380e+01
1.744145569109354454e+01
1.746486704101447529e+01
1.748827839093540604e+01
1.751168974085633678e+01
1.753510109077726753e+01
1.755851244069819828e+01
1.758192379061912902e+01
1.760533514054006332e+01
1.762874649046099407e+01
1.765215784038192481e+01
1.767556919030285556e+01
1.769898054022378631e+01
1.772239189014471705e+01
1.774580324006564780e+01
1.776921458998657855e+01
1.779262593990750929e+01
1.781603728982844004e+01
1.783944863974937078e+01
1.786285998967030153e+01
1.788627133959122872e+01
1.790968268951215947e+01
1.793309403943309022e+01
1.795650538935402096e+01
1.797991673927495171e+01
1.800332808919588956e+01
1.802673943911682031e+01
1.805015078903775105e+01
1.807356213895868180e+01
1.809697348887961255e+01
1.812038483880054329e+01
1.814379618872147404e+01
1.816720753864240123e+01
1.819061888856333198e+01
1.821403023848426272e+01
1.823744158840519347e+01
1.826085293832612422e+01
1.828426428824705496e+01
1.830767563816798571e+01
1.833108698808891646e+01
1.835449833800984720e+01
1.837790968793078505e+01
1.840132103785171580e+01
1.842473238777264299e+01
1.844814373769357374e+01
1.847155508761450449e+01
1.849496643753543523e+01
1.851837778745636598e+01
1.854178913737729673e+01
1.856520048729822747e+01
1.858861183721915822e+01
1.861202318714008896e+01
1.863543453706101971e+01
1.865884588698195046e+01
1.868225723690288120e+01
1.870566858682381195e+01
1.872907993674474270e+01
1.875249128666567699e+01
1.877590263658660774e+01
1.879931398650753849e+01
1.882272533642846923e+01
1.884613668634939998e+01
1.886954803627033073e+01
1.889295938619126147e+01
1.891637073611219222e+01
1.893978208603312297e+01
1.896319343595405371e+01
1.898660478587498446e+01
1.901001613579591520e+01
1.903342748571684595e+01
1.905683883563777670e+01
1.908025018555870744e+01
1.910366153547963819e+01
1.912707288540057249e+01
1.915048423532150323e+01
1.917389558524243398e+01
1.919730693516336473e+01
1.922071828508429547e+01
1.924412963500522622e+01
1.926754098492615697e+01
1.929095233484708771e+01
1.931436368476801846e+01
1.933777503468894921e+01
1.936118638460987995e+01
1.938459773453081070e+01
1.940800908445174144e+01
1.943142043437267219e+01
1.945483178429360294e+01
1.947824313421453368e+01
1.950165448413546443e+01
1.952506583405639873e+01
1.954847718397732947e+01
1.957188853389826022e+01
1.959529988381919097e+01
1.961871123374012171e+01
1.964212258366105246e+01
1.966553393358198321e+01
1.968894528350291395e+01
1.971235663342384470e+01
1.973576798334477544e+01
1.975917933326570619e+01
1.978259068318663694e+01
1.980600203310756768e+01
1.982941338302849843e+01
1.985282473294942918e+01
1.987623608287035992e+01
1.989964743279129422e+01
1.992305878271222497e+01
1.994647013263315571e+01
1.996988148255408646e+01
1.999329283247501721e+01
2.001670418239594795e+01
2.004011553231687870e+01
2.006352688223780945e+01
2.008693823215874019e+01
2.011034958207967094e+01
2.013376093200060168e+01
2.015717228192153243e+01
2.018058363184246318e+01
2.020399498176339037e+01
2.022740633168432112e+01
2.025081768160525186e+01
2.027422903152618971e+01
2.029764038144712046e+01
2.032105173136805121e+01
2.034446308128898195e+01
2.036787443120991270e+01
2.039128578113084345e+01
2.041469713105177419e+01
2.043810848097270494e+01
2.046151983089363569e+01
2.048493118081456288e+01
2.050834253073549363e+01
2.053175388065642437e+01
2.055516523057735512e+01
2.057857658049828586e+01
2.060198793041921661e+01
2.062539928034014736e+01
2.064881063026108521e+01
2.067222198018201595e+01
2.069563333010294670e+01
2.071904468002387745e+01
2.074245602994480464e+01
2.076586737986573539e+01
2.078927872978666613e+01
2.081269007970759688e+01
2.083610142962852763e+01
2.085951277954945837e+01
2.088292412947038912e+01
2.090633547939131986e+01
2.092974682931225061e+01
2.095315817923318136e+01
2.097656952915411210e+01
2.099998087907504285e+01
2.102339222899597360e+01
2.104680357891690790e+01
2.107021492883783864e+01
2.109362627875876939e+01
2.111703762867970013e+01
2.114044897860063088e+01
2.116386032852156163e+01
2.118727167844249237e+01
2.121068302836342312e+01
2.123409437828435387e+01
2.125750572820528461e+01
2.128091707812621536e+01
2.130432842804714610e+01
2.132773977796807685e+01
2.135115112788900760e+01
2.137456247780993834e+01
2.139797382773086909e+01
2.142138517765180339e+01
2.144479652757273413e+01
2.146820787749366488e+01
2.149161922741459563e+01
2.151503057733552637e+01
2.153844192725645712e+01
2.156185327717738787e+01
2.158526462709831861e+01
2.160867597701924936e+01
2.163208732694018011e+01
2.165549867686111085e+01
2.167891002678204160e+01
2.170232137670297234e+01
2.172573272662390309e+01
2.174914407654483384e+01
2.177255542646576458e+01
2.179596677638669888e+01
2.181937812630762963e+01
2.184278947622856037e+01
2.186620082614949112e+01
2.188961217607042187e+01
2.191302352599135261e+01
2.193643487591228336e+01
2.195984622583321411e+01
2.198325757575414485e+01
2.200666892567507560e+01
2.203008027559600635e+01
2.205349162551693709e+01
2.207690297543786784e+01
2.210031432535879858e+01
2.212372567527972933e+01
2.214713702520066008e+01
2.217054837512159082e+01
2.219395972504252157e+01
2.221737107496345232e+01
2.224078242488438306e+01
2.226419377480531736e+01
2.228760512472624811e+01
2.231101647464717885e+01
2.233442782456810960e+01
2.235783917448904035e+01
2.238125052440997109e+01
2.240466187433090184e+01
2.242807322425183258e+01
2.245148457417276333e+01
2.247489592409369408e+01
2.249830727401462482e+01
2.252171862393555202e+01
2.254512997385648276e+01
2.256854132377741351e+01
2.259195267369834426e+01
2.261536402361927500e+01
2.263877537354020575e+01
2.266218672346114360e+01
2.268559807338207435e+01
2.270900942330300509e+01
2.273242077322393584e+01
2.275583212314486659e+01
2.277924347306579378e+01
2.280265482298672453e+01
2.282606617290765527e+01
2.284947752282858602e+01
2.287288887274951676e+01
2.289630022267044751e+01
2.291971157259137826e+01
2.294312292251230900e+01
2.296653427243323975e+01
2.298994562235417050e+01
2.301335697227510124e+01
2.303676832219603909e+01
2.306017967211696629e+01
2.308359102203789703e+01
2.310700237195882778e+01
2.313041372187975853e+01
2.315382507180068927e+01
2.317723642172162002e+01
2.320064777164255077e+01
2.322405912156348151e+01
2.324747047148441226e+01
2.327088182140534300e+01
2.329429317132627375e+01
2.331770452124720450e+01
2.334111587116813524e+01
2.336452722108906599e+01
2.338793857100999674e+01
