0.000000000000000000e+00
7.087254112427208153e-01
1.417450822485459172e+00
2.126176233728178211e+00
2.834901644970916568e+00
3.543627056213636717e+00
4.252352467456355534e+00
4.961077878699094335e+00
5.669803289941814484e+00
6.378528701184554173e+00
7.087254112427272545e+00
7.795979523669994471e+00
8.504704934912732384e+00
9.213430346155451645e+00
9.922155757398172682e+00
1.063088116864090971e+01
1.133960657988362897e+01
1.204833199112636954e+01
1.275705740236908881e+01
1.346578281361184715e+01
1.417450822485458417e+01
1.488323363609732120e+01
1.559195904734006000e+01
1.630068445858279702e+01
1.700940986982553227e+01
1.771813528106809343e+01
1.842686069231083223e+01
1.913558610355356748e+01
1.984431151479630628e+01
2.055303692603904864e+01
2.126176233728178389e+01
2.197048774852452269e+01
2.267921315976725793e+01
2.338793857100999674e+01
