477 526 490 488 533 497 484 565 583 492 544 484 499 497 492 499 578 492 488 628 501 711 486 489 502 505 514 532 495 498 497 506 505 604 485 497 502 490 489 528 563 482 623 559 521 490 496 734 507 501 482 525 505 485 509 498 818 493 511 490 477 489 630 606 608 521 528 780 479 748 481 502 485 531 498 504
498 492 508 485 649 511 601 496 499 509 506 504 520 495 503 500 487 551 504 493 506 501 545 498 630 505 540 496 492 763 487 470 486 480 500 477 485 495 548 505 504 579 492 863 506 503 507 490 485 498 690 502 498 491 498 496 491 488 500 494 487 492 470 616 604 496 501 490 487 558 690 486 489 497 483 497
525 485 502 473 486 491 576 492 495 563 482 491 495 496 478 504 494 509 556 501 550 635 497 509 501 776 478 487 506 480 520 665 495 543 526 485 483 498 490 509 498 586 577 628 488 490 484 497 498 483 506 518 489 492 492 500 493 505 508 490 783 477 512 491 491 494 495 489 504 493 495 488 493 509 506 495
472 497 503 545 490 606 497 494 546 481 512 670 507 480 492 493 532 484 476 550 568 501 492 489 565 497 501 493 492 500 488 487 780 529 520 485 491 492 497 509 530 497 493 551 484 514 501 502 499 533 489 587 573 489 487 543 476 517 495 484 503 492 505 623 506 481 496 495 502 493 489 721 504 502 592 706
488 491 490 523 598 692 477 491 501 494 527 658 497 524 489 496 496 566 498 641 497 617 498 476 580 500 519 600 495 469 482 580 473 497 534 491 682 478 514 815 770 832 512 482 506 482 502 501 493 494 497 510 510 827 525 496 506 496 480 499 497 474 496 489 495 505 501 499 477 490 612 493 509 568 491 568
482 497 503 500 491 474 495 507 563 628 490 531 481 496 489 580 472 494 478 494 608 560 594 494 492 483 490 513 597 474 508 515 478 500 505 533 492 479 483 489 574 564 590 586 476 498 502 498 503 602 476 518 490 487 510 484 496 633 490 567 491 767 480 504 507 487 696 520 679 516 490 486 502 487 481 501
473 502 488 501 484 492 646 498 530 483 557 526 511 643 472 494 486 507 532 499 498 500 593 677 497 500 645 477 498 486 725 492 500 917 489 580 538 734 481 504 657 696 499 492 519 491 572 803 582 481 489 509 610 499 497 485 600 478 540 490 548 524 544 544 507 527 505 503 737 495 666 510 492 492 510 479
487 492 644 513 499 505 564 541 677 512 721 537 680 511 502 502 489 552 476 499 497 506 485 508 476 490 487 487 580 501 497 515 537 477 518 487 491 512 540 543 548 500 506 487 508 595 503 484 498 516 508 743 473 686 534 497 734 488 505 491 499 498 741 490 505 502 509 501 493 478 493 480 501 484 501 490
496 577 524 493 645 559 504 496 805 526 759 485 664 513 480 515 481 482 505 519 532 499 526 592 495 501 480 497 554 519 499 540 494 507 495 491 489 499 671 517 481 862 497 507 478 881 485 484 501 487 787 494 486 601 483 624 715 483 489 489 490 484 507 497 551 589 547 480 483 492 715 495 653 659 527 493
479 500 489 575 496 872 489 526 687 497 681 481 494 497 490 501 491 563 687 490 540 491 499 495 527 482 558 491 485 539 703 481 502 493 490 489 747 913 478 497 915 487 518 477 511 477 503 534 497 483 482 488 511 908 693 554 750 526 500 487 634 500 722 806 491 489 509 487 482 500 494 488 482 491 497 514
499 487 575 494 517 577 491 505 485 501 621 507 490 488 672 662 523 496 494 505 494 489 567 540 777 485 500 506 497 476 575 496 494 492 503 505 485 510 687 490 579 516 504 873 516 647 503 488 472 484 525 470 495 494 575 513 488 564 501 498 490 539 502 634 487 828 673 500 495 570 493 589 479 494 477 473
532 588 497 485 492 477 646 514 567 491 495 493 544 654 526 487 485 485 479 540 555 762 670 597 480 565 493 534 533 482 553 550 494 549 485 648 499 506 486 526 503 515 729 493 522 491 705 579 487 484 634 742 601 844 474 513 560 483 493 681 580 559 499 498 503 512 490 501 483 566 529 494 594 486 488 504
480 727 677 492 507 502 492 534 491 709 486 504 506 673 481 484 484 497 578 489 488 494 624 594 668 586 491 646 625 485 506 479 757 668 486 518 658 504 474 509 521 643 529 492 562 728 595 664 542 653 470 490 489 806 477 697 481 561 483 550 655 868 486 493 485 575 575 546 530 492 484 488 518 495 487 471
503 546 555 500 516 576 517 490 802 959 615 499 541 479 479 508 487 564 494 474 494 613 492 632 534 492 587 510 555 492 489 496 541 648 569 483 841 530 870 494 643 922 722 487 483 514 684 681 697 484 800 509 957 641 541 503 539 641 738 536 679 668 566 585 669 511 528 607 475 494 676 480 494 484 491 481
502 496 544 484 535 656 1135 1161 821 530 537 528 818 491 508 488 759 597 492 571 584 653 479 487 662 495 530 600 484 570 495 726 688 1256 945 646 667 1173 623 777 637 707 612 761 993 852 787 617 615 1151 503 829 1610 622 596 512 522 624 925 985 971 585 734 1278 1079 594 626 493 1226 531 537 488 504 652 501 516
487 512 1014 509 771 1059 1972 1225 1509 1020 1484 866 609 830 861 553 687 624 754 637 731 598 668 494 500 513 492 594 599 706 621 1144 1222 1750 908 1125 1185 809 723 483 630 722 958 1208 816 2242 1083 1017 954 1373 880 591 1135 623 586 521 707 1019 820 1539 1473 1121 827 983 792 837 791 579 565 470 574 662 513 493 496 646
487 517 494 635 1109 1096 1976 1801 2165 595 647 1024 792 615 494 843 568 567 578 499 609 521 493 545 500 588 570 730 698 702 730 1406 1681 1861 2166 1851 756 493 587 589 530 514 619 917 1972 2516 2051 1351 916 650 620 714 476 504 564 529 1064 1046 1386 1682 1713 938 653 702 508 670 491 493 485 480 626 498 492 548 490 489
595 545 606 819 1190 1138 1532 1711 1168 494 610 527 497 473 724 502 655 622 479 776 559 588 712 645 526 708 763 494 522 718 665 1033 1138 1371 885 695 614 541 802 656 511 818 862 1079 754 1524 1777 1037 716 639 550 505 478 485 694 701 910 1346 1152 1790 1452 872 547 736 501 565 487 485 506 491 530 500 487 483 523 718
578 708 537 903 491 1132 691 633 953 591 482 477 494 480 494 716 505 575 465 482 498 525 548 686 490 480 700 778 527 619 996 994 807 717 708 476 589 727 522 488 521 896 590 739 528 684 606 1157 466 472 490 500 541 1063 760 663 828 809 498 500 681 633 555 492 487 599 515 489 789 582 491 483 487 525 488 489
663 703 595 637 620 514 478 880 488 491 476 475 486 488 955 493 801 499 575 594 483 626 498 536 598 490 528 932 525 661 654 627 752 486 986 804 559 728 540 500 766 491 610 713 484 563 490 870 742 513 651 496 574 537 498 682 620 515 657 731 502 615 492 470 493 488 785 770 470 501 490 496 517 506 492 530
499 501 492 508 1127 679 658 502 525 504 486 484 491 504 482 672 475 500 564 537 492 493 480 481 484 494 552 671 504 709 540 703 677 890 625 708 534 489 588 549 674 526 793 541 496 702 562 496 524 539 501 490 493 506 503 879 772 483 488 480 494 502 491 496 485 490 560 484 538 484 488 502 479 495 491 500
841 511 491 578 555 569 486 494 479 489 665 486 481 673 478 504 499 866 509 588 489 607 630 560 484 615 492 686 605 885 508 495 634 723 744 684 485 629 623 650 536 749 573 660 514 506 544 627 493 501 493 503 481 572 498 567 539 492 495 478 720 521 522 510 481 478 609 487 480 500 493 501 605 495 551 486
480 491 558 933 477 552 499 497 525 480 490 484 500 469 583 782 477 492 629 490 496 602 559 483 1003 480 506 491 596 571 595 640 497 513 496 492 508 637 490 672 626 669 647 524 494 506 491 585 485 494 497 542 487 486 496 615 486 485 534 504 484 488 531 511 509 550 477 496 489 487 487 498 485 491 561 503
485 476 681 612 514 511 487 499 477 494 481 505 658 483 602 526 488 493 505 488 485 561 490 488 623 551 597 499 484 551 494 487 483 917 573 502 633 550 486 617 526 600 504 732 549 570 503 629 591 497 481 469 488 574 631 482 552 492 813 491 499 497 493 487 513 497 493 494 515 491 495 577 496 490 488 496
478 480 563 479 474 614 485 499 487 476 503 573 551 498 485 487 527 493 613 582 497 614 541 590 478 605 516 488 679 560 486 496 529 493 499 492 494 578 498 572 496 523 555 494 661 502 486 544 569 581 744 619 521 476 508 489 612 550 522 492 490 491 493 514 507 501 503 491 493 779 477 476 492 494 476 481
495 632 598 491 821 478 516 577 539 478 495 501 523 492 486 470 585 490 492 620 520 497 474 509 493 511 755 488 498 500 494 488 507 1075 480 485 487 479 511 575 504 495 493 595 482 492 550 476 487 495 499 477 489 575 489 527 589 489 613 490 577 494 496 527 496 496 494 498 481 485 509 602 489 599 607 492
