0.000000000000000000e+00
2.026904293478083360e-02
4.053808586956189619e-02
6.080712880434273326e-02
8.107617173912357034e-02
1.013452146739044074e-01
1.216142576086852306e-01
1.418833005434660677e-01
1.621523434782469186e-01
1.824213864130277418e-01
2.026904293478085650e-01
2.229594722825898601e-01
2.432285152173707110e-01
2.634975581521515342e-01
2.837666010869323574e-01
3.040356440217131806e-01
3.243046869564940593e-01
3.445737298912748825e-01
3.648427728260557057e-01
3.851118157608365289e-01
4.053808586956178517e-01
4.256499016303986749e-01
4.459189445651794981e-01
4.661879874999603213e-01
4.864570304347412000e-01
5.067260733695220232e-01
5.269951163043028464e-01
5.472641592390836696e-01
5.675332021738644928e-01
5.878022451086453160e-01
6.080712880434261391e-01
6.283403309782075175e-01
6.486093739129883406e-01
6.688784168477691638e-01
6.891474597825499870e-01
7.094165027173308102e-01
7.296855456521116334e-01
7.499545885868924566e-01
7.702236315216732798e-01
7.904926744564546581e-01
8.107617173912354813e-01
8.310307603260163045e-01
8.512998032607971277e-01
8.715688461955779509e-01
8.918378891303587741e-01
9.121069320651395973e-01
9.323759749999204205e-01
9.526450179347012437e-01
9.729140608694820669e-01
9.931831038042630011e-01
1.013452146739043824e+00
1.033721189673824536e+00
1.053990232608605915e+00
1.074259275543386849e+00
1.094528318478167561e+00
1.114797361412948495e+00
1.135066404347729208e+00
1.155335447282510586e+00
1.175604490217291298e+00
1.195873533152072232e+00
1.216142576086852944e+00
1.236411619021633879e+00
1.256680661956414813e+00
1.276949704891195525e+00
1.297218747825976459e+00
1.317487790760757171e+00
1.337756833695538106e+00
1.358025876630318818e+00
1.378294919565099752e+00
1.398563962499880464e+00
1.418833005434661398e+00
1.439102048369442333e+00
1.459371091304223489e+00
1.479640134239004423e+00
1.499909177173785135e+00
1.520178220108566070e+00
1.540447263043346782e+00
1.560716305978128160e+00
1.580985348912909094e+00
1.601254391847689806e+00
1.621523434782470741e+00
1.641792477717251453e+00
1.662061520652032387e+00
1.682330563586813099e+00
1.702599606521594033e+00
1.722868649456374746e+00
1.743137692391155680e+00
1.763406735325936392e+00
1.783675778260717326e+00
1.803944821195498260e+00
1.824213864130278973e+00
1.844482907065059907e+00
1.864751949999841063e+00
1.885020992934621997e+00
1.905290035869402709e+00
1.925559078804183644e+00
1.945828121738965022e+00
1.966097164673745734e+00
1.986366207608526668e+00
2.006635250543307603e+00
2.026904293478088093e+00
2.047173336412869027e+00
2.067442379347649517e+00
2.087711422282430451e+00
2.107980465217211385e+00
2.128249508151992320e+00
2.148518551086773254e+00
2.168787594021553744e+00
2.189056636956334678e+00
2.209325679891115612e+00
2.229594722825896547e+00
2.249863765760677037e+00
2.270132808695457971e+00
2.290401851630238905e+00
2.310670894565020728e+00
2.330939937499801662e+00
2.351208980434582152e+00
2.371478023369363086e+00
2.391747066304144020e+00
2.412016109238924955e+00
2.432285152173705445e+00
2.452554195108486379e+00
2.472823238043267313e+00
2.493092280978048247e+00
2.513361323912829182e+00
2.533630366847609672e+00
2.553899409782390606e+00
2.574168452717171540e+00
2.594437495651952474e+00
2.614706538586732965e+00
2.634975581521513899e+00
2.655244624456294833e+00
2.675513667391075767e+00
2.695782710325857590e+00
2.716051753260638080e+00
2.736320796195419014e+00
2.756589839130199948e+00
2.776858882064980882e+00
2.797127924999761373e+00
2.817396967934542307e+00
2.837666010869323241e+00
2.857935053804104175e+00
2.878204096738885109e+00
2.898473139673665600e+00
2.918742182608446534e+00
2.939011225543227468e+00
2.959280268478008402e+00
2.979549311412788892e+00
2.999818354347569827e+00
3.020087397282350761e+00
3.040356440217131695e+00
3.060625483151912629e+00
3.080894526086693119e+00
3.101163569021474942e+00
3.121432611956255876e+00
3.141701654891036810e+00
3.161970697825817300e+00
3.182239740760598234e+00
3.202508783695379169e+00
3.222777826630160103e+00
3.243046869564941037e+00
3.263315912499721527e+00
3.283584955434502461e+00
3.303853998369283396e+00
3.324123041304064330e+00
3.344392084238844820e+00
3.364661127173625754e+00
3.384930170108406688e+00
3.405199213043187623e+00
3.425468255977968557e+00
3.445737298912749047e+00
3.466006341847529981e+00
3.486275384782310915e+00
3.506544427717092738e+00
3.526813470651873672e+00
3.547082513586654162e+00
3.567351556521435096e+00
3.587620599456216031e+00
3.607889642390996965e+00
3.628158685325777455e+00
3.648427728260558389e+00
3.668696771195339323e+00
3.688965814130120258e+00
3.709234857064900748e+00
3.729503899999681682e+00
3.749772942934462616e+00
3.770041985869243550e+00
3.790311028804024485e+00
3.810580071738804975e+00
3.830849114673585909e+00
3.851118157608366843e+00
3.871387200543147777e+00
3.891656243477929600e+00
3.911925286412710090e+00
3.932194329347491024e+00
3.952463372282271958e+00
3.972732415217052893e+00
3.993001458151833383e+00
4.013270501086614317e+00
4.033539544021395251e+00
4.053808586956176185e+00
4.074077629890957120e+00
4.094346672825738054e+00
4.114615715760518988e+00
4.134884758695299034e+00
4.155153801630079968e+00
4.175422844564860902e+00
4.195691887499642725e+00
4.215960930434423659e+00
4.236229973369204593e+00
4.256499016303985528e+00
4.276768059238766462e+00
4.297037102173547396e+00
4.317306145108327442e+00
4.337575188043108376e+00
4.357844230977889310e+00
4.378113273912670245e+00
4.398382316847451179e+00
4.418651359782232113e+00
4.438920402717013047e+00
4.459189445651793982e+00
4.479458488586574916e+00
4.499727531521354962e+00
4.519996574456135896e+00
4.540265617390916830e+00
4.560534660325697764e+00
4.580803703260478699e+00
4.601072746195260521e+00
4.621341789130041455e+00
4.641610832064822389e+00
4.661879874999603324e+00
4.682148917934383370e+00
4.702417960869164304e+00
4.722687003803945238e+00
4.742956046738726172e+00
4.763225089673507107e+00
4.783494132608288041e+00
4.803763175543068975e+00
4.824032218477849909e+00
4.844301261412630843e+00
4.864570304347410890e+00
4.884839347282191824e+00
4.905108390216972758e+00
4.925377433151753692e+00
4.945646476086534626e+00
4.965915519021315561e+00
4.986184561956096495e+00
5.006453604890878317e+00
5.026722647825659251e+00
5.046991690760439297e+00
5.067260733695220232e+00
5.087529776630001166e+00
5.107798819564782100e+00
5.128067862499563034e+00
5.148336905434343969e+00
5.168605948369124903e+00
5.188874991303905837e+00
5.209144034238686771e+00
5.229413077173466817e+00
5.249682120108247751e+00
5.269951163043028686e+00
5.290220205977809620e+00
5.310489248912590554e+00
5.330758291847371488e+00
5.351027334782152423e+00
5.371296377716933357e+00
5.391565420651715179e+00
5.411834463586495225e+00
5.432103506521276159e+00
5.452372549456057094e+00
5.472641592390838028e+00
5.492910635325618962e+00
5.513179678260399896e+00
5.533448721195180831e+00
5.553717764129961765e+00
5.573986807064742699e+00
5.594255849999522745e+00
5.614524892934303679e+00
5.634793935869084613e+00
5.655062978803865548e+00
5.675332021738646482e+00
5.695601064673427416e+00
5.715870107608208350e+00
5.736139150542989285e+00
5.756408193477770219e+00
5.776677236412550265e+00
5.796946279347332087e+00
5.817215322282113021e+00
5.837484365216893956e+00
5.857753408151674890e+00
5.878022451086455824e+00
5.898291494021236758e+00
5.918560536956017692e+00
5.938829579890798627e+00
5.959098622825578673e+00
5.979367665760359607e+00
5.999636708695140541e+00
6.019905751629921475e+00
6.040174794564702410e+00
6.060443837499483344e+00
6.080712880434264278e+00
6.100981923369045212e+00
6.121250966303826146e+00
6.141520009238606193e+00
6.161789052173387127e+00
6.182058095108168061e+00
6.202327138042949883e+00
6.222596180977730818e+00
6.242865223912510864e+00
6.263134266847292686e+00
6.283403309782072732e+00
6.303672352716854554e+00
6.323941395651633712e+00
6.344210438586415535e+00
6.364479481521195581e+00
6.384748524455977403e+00
6.405017567390757449e+00
6.425286610325539272e+00
6.445555653260319318e+00
6.465824696195101140e+00
6.486093739129881186e+00
6.506362782064662120e+00
6.526631824999442166e+00
6.546900867934223989e+00
6.567169910869004035e+00
6.587438953803785857e+00
6.607707996738567680e+00
6.627977039673347726e+00
6.648246082608129548e+00
6.668515125542909594e+00
6.688784168477690528e+00
6.709053211412470574e+00
6.729322254347252397e+00
6.749591297282032443e+00
6.769860340216814265e+00
6.790129383151594311e+00
6.810398426086376134e+00
6.830667469021156180e+00
6.850936511955938002e+00
6.871205554890717160e+00
6.891474597825498982e+00
6.911743640760279028e+00
6.932012683695060851e+00
6.952281726629840897e+00
6.972550769564622719e+00
6.992819812499404541e+00
7.013088855434184588e+00
7.033357898368966410e+00
7.053626941303745568e+00
7.073895984238527390e+00
7.094165027173307436e+00
7.114434070108089259e+00
7.134703113042869305e+00
7.154972155977651127e+00
7.175241198912431173e+00
7.195510241847212995e+00
7.215779284781993042e+00
7.236048327716773976e+00
7.256317370651554022e+00
7.276586413586335844e+00
7.296855456521115890e+00
7.317124499455897713e+00
7.337393542390677759e+00
7.357662585325459581e+00
7.377931628260239627e+00
7.398200671195021449e+00
7.418469714129803272e+00
7.438738757064582430e+00
7.459007799999364252e+00
7.479276842934144298e+00
7.499545885868926121e+00
7.519814928803706167e+00
7.540083971738487989e+00
7.560353014673268035e+00
7.580622057608049857e+00
7.600891100542829015e+00
7.621160143477610838e+00
7.641429186412390884e+00
7.661698229347172706e+00
7.681967272281952752e+00
7.702236315216734575e+00
7.722505358151514621e+00
7.742774401086296443e+00
7.763043444021076489e+00
7.783312486955858311e+00
7.803581529890639246e+00
7.823850572825419292e+00
7.844119615760201114e+00
7.864388658694981160e+00
7.884657701629762983e+00
7.904926744564543029e+00
7.925195787499324851e+00
7.945464830434104897e+00
7.965733873368886719e+00
7.986002916303665877e+00
8.006271959238448588e+00
8.026541002173228634e+00
8.046810045108010456e+00
8.067079088042788726e+00
8.087348130977570548e+00
8.107617173912350594e+00
8.127886216847132417e+00
8.148155259781912463e+00
8.168424302716694285e+00
8.188693345651476108e+00
8.208962388586256154e+00
8.229231431521037976e+00
8.249500474455818022e+00
8.269769517390598068e+00
8.290038560325379891e+00
8.310307603260159937e+00
8.330576646194941759e+00
8.350845689129721805e+00
8.371114732064503627e+00
8.391383774999285450e+00
8.411652817934065496e+00
8.431921860868847318e+00
8.452190903803627364e+00
8.472459946738409187e+00
8.492728989673189233e+00
8.512998032607971055e+00
8.533267075542751101e+00
8.553536118477532924e+00
8.573805161412312970e+00
8.594074204347094792e+00
8.614343247281873062e+00
8.634612290216654884e+00
8.654881333151434930e+00
8.675150376086216752e+00
8.695419419020996799e+00
8.715688461955778621e+00
8.735957504890558667e+00
8.756226547825340489e+00
8.776495590760120535e+00
8.796764633694902358e+00
8.817033676629684180e+00
8.837302719564464226e+00
8.857571762499246049e+00
8.877840805434026095e+00
8.898109848368807917e+00
8.918378891303587963e+00
8.938647934238369785e+00
8.958916977173149832e+00
8.979186020107931654e+00
8.999455063042709924e+00
9.019724105977491746e+00
9.039993148912271792e+00
9.060262191847053614e+00
9.080531234781833660e+00
9.100800277716615483e+00
9.121069320651395529e+00
9.141338363586177351e+00
9.161607406520957397e+00
9.181876449455739220e+00
9.202145492390521042e+00
9.222414535325301088e+00
9.242683578260082911e+00
9.262952621194862957e+00
9.283221664129644779e+00
9.303490707064424825e+00
9.323759749999206647e+00
9.344028792933984917e+00
9.364297835868766740e+00
9.384566878803546786e+00
9.404835921738328608e+00
9.425104964673108654e+00
9.445374007607890476e+00
9.465643050542670522e+00
9.485912093477452345e+00
9.506181136412232391e+00
9.526450179347014213e+00
9.546719222281794259e+00
9.566988265216576082e+00
9.587257308151357904e+00
9.607526351086137950e+00
9.627795394020919773e+00
9.648064436955699819e+00
9.668333479890481641e+00
9.688602522825261687e+00
9.708871565760043509e+00
9.729140608694821779e+00
9.749409651629603601e+00
9.769678694564383648e+00
9.789947737499165470e+00
9.810216780433945516e+00
9.830485823368727338e+00
9.850754866303507384e+00
9.871023909238289207e+00
9.891292952173069253e+00
9.911561995107851075e+00
9.931831038042631121e+00
9.952100080977412944e+00
9.972369123912192990e+00
9.992638166846974812e+00
1.001290720978175663e+01
1.003317625271653668e+01
1.005344529565131850e+01
1.007371433858609855e+01
1.009398338152087859e+01
1.011425242445565864e+01
1.013452146739044046e+01
1.015479051032522051e+01
1.017505955326000233e+01
1.019532859619478238e+01
1.021559763912956420e+01
1.023586668206434425e+01
1.025613572499912607e+01
1.027640476793390611e+01
1.029667381086868794e+01
1.031694285380346798e+01
1.033721189673824981e+01
1.035748093967302985e+01
1.037774998260781167e+01
1.039801902554259350e+01
1.041828806847737354e+01
1.043855711141215536e+01
1.045882615434693363e+01
1.047909519728171546e+01
1.049936424021649550e+01
1.051963328315127733e+01
1.053990232608605737e+01
1.056017136902083919e+01
1.058044041195561924e+01
1.060070945489040106e+01
1.062097849782518111e+01
1.064124754075996293e+01
1.066151658369474298e+01
1.068178562662952480e+01
1.070205466956430485e+01
1.072232371249908667e+01
1.074259275543386671e+01
1.076286179836864854e+01
1.078313084130343036e+01
1.080339988423821040e+01
1.082366892717299045e+01
1.084393797010777050e+01
1.086420701304255232e+01
1.088447605597733236e+01
1.090474509891211419e+01
1.092501414184689423e+01
1.094528318478167606e+01
1.096555222771645610e+01
1.098582127065123792e+01
1.100609031358601797e+01
1.102635935652079979e+01
1.104662839945557984e+01
1.106689744239036166e+01
1.108716648532514171e+01
1.110743552825992353e+01
1.112770457119470358e+01
1.114797361412948540e+01
1.116824265706426544e+01
1.118851169999904549e+01
1.120878074293382731e+01
1.122904978586860736e+01
1.124931882880338918e+01
1.126958787173816923e+01
1.128985691467295105e+01
1.131012595760773110e+01
1.133039500054251292e+01
1.135066404347729296e+01
1.137093308641207479e+01
1.139120212934685483e+01
1.141147117228163665e+01
1.143174021521641670e+01
1.145200925815119852e+01
1.147227830108597857e+01
1.149254734402076039e+01
1.151281638695554044e+01
1.153308542989032226e+01
1.155335447282510053e+01
1.157362351575988235e+01
1.159389255869466417e+01
1.161416160162944422e+01
1.163443064456422604e+01
1.165469968749900609e+01
1.167496873043378791e+01
1.169523777336856796e+01
1.171550681630334978e+01
1.173577585923812983e+01
1.175604490217291165e+01
1.177631394510769169e+01
1.179658298804247352e+01
1.181685203097725356e+01
1.183712107391203538e+01
1.185739011684681543e+01
1.187765915978159725e+01
1.189792820271637730e+01
1.191819724565115735e+01
1.193846628858593739e+01
1.195873533152071921e+01
1.197900437445550104e+01
1.199927341739028108e+01
1.201954246032506290e+01
1.203981150325984295e+01
1.206008054619462477e+01
1.208034958912940482e+01
1.210061863206418664e+01
1.212088767499896669e+01
1.214115671793374851e+01
1.216142576086852856e+01
1.218169480380331038e+01
1.220196384673809042e+01
1.222223288967287225e+01
1.224250193260765229e+01
1.226277097554243412e+01
1.228304001847721239e+01
1.230330906141199421e+01
1.232357810434677425e+01
1.234384714728155608e+01
1.236411619021633612e+01
1.238438523315111794e+01
1.240465427608589977e+01
1.242492331902067981e+01
1.244519236195546164e+01
1.246546140489024168e+01
1.248573044782502350e+01
1.250599949075980355e+01
1.252626853369458537e+01
1.254653757662936542e+01
1.256680661956414724e+01
1.258707566249892729e+01
1.260734470543370911e+01
1.262761374836848915e+01
1.264788279130326920e+01
1.266815183423804925e+01
1.268842087717283107e+01
1.270868992010761112e+01
1.272895896304239294e+01
1.274922800597717298e+01
1.276949704891195481e+01
1.278976609184673663e+01
1.281003513478151667e+01
1.283030417771629850e+01
1.285057322065107854e+01
1.287084226358586037e+01
1.289111130652064041e+01
1.291138034945542223e+01
1.293164939239020228e+01
1.295191843532498410e+01
1.297218747825976415e+01
1.299245652119454597e+01
1.301272556412932424e+01
1.303299460706410606e+01
1.305326364999888611e+01
1.307353269293366793e+01
1.309380173586844798e+01
1.311407077880322980e+01
1.313433982173800985e+01
1.315460886467279167e+01
1.317487790760757349e+01
1.319514695054235354e+01
1.321541599347713536e+01
1.323568503641191541e+01
1.325595407934669723e+01
1.327622312228147727e+01
1.329649216521625910e+01
1.331676120815103914e+01
1.333703025108582096e+01
1.335729929402060101e+01
1.337756833695538106e+01
1.339783737989016110e+01
1.341810642282494292e+01
1.343837546575972297e+01
1.345864450869450479e+01
1.347891355162928484e+01
1.349918259456406666e+01
1.351945163749884671e+01
1.353972068043362853e+01
1.355998972336840858e+01
1.358025876630319040e+01
1.360052780923797222e+01
1.362079685217275227e+01
1.364106589510753409e+01
1.366133493804231414e+01
1.368160398097709596e+01
1.370187302391187600e+01
1.372214206684665783e+01
1.374241110978143610e+01
1.376268015271621792e+01
1.378294919565099796e+01
1.380321823858577979e+01
1.382348728152055983e+01
1.384375632445534166e+01
1.386402536739012170e+01
1.388429441032490352e+01
1.390456345325968357e+01
1.392483249619446539e+01
1.394510153912924544e+01
1.396537058206402726e+01
1.398563962499880908e+01
1.400590866793358913e+01
1.402617771086837095e+01
1.404644675380315100e+01
1.406671579673793282e+01
1.408698483967271287e+01
1.410725388260749469e+01
1.412752292554227296e+01
1.414779196847705478e+01
1.416806101141183483e+01
1.418833005434661665e+01
1.420859909728139669e+01
1.422886814021617852e+01
1.424913718315095856e+01
1.426940622608574039e+01
1.428967526902052043e+01
1.430994431195530225e+01
1.433021335489008230e+01
1.435048239782486412e+01
1.437075144075964594e+01
1.439102048369442599e+01
1.441128952662920781e+01
1.443155856956398786e+01
1.445182761249877146e+01
1.447209665543354795e+01
1.449236569836832977e+01
1.451263474130311160e+01
1.453290378423789342e+01
1.455317282717267169e+01
1.457344187010745351e+01
1.459371091304223533e+01
1.461397995597701716e+01
1.463424899891179543e+01
1.465451804184657725e+01
1.467478708478135907e+01
1.469505612771614089e+01
1.471532517065091916e+01
1.473559421358570098e+01
1.475586325652048281e+01
1.477613229945526463e+01
1.479640134239004645e+01
1.481667038532482472e+01
1.483693942825960654e+01
1.485720847119438659e+01
1.487747751412916841e+01
1.489774655706394668e+01
1.491801559999872850e+01
1.493828464293351033e+01
1.495855368586829215e+01
1.497882272880307042e+01
1.499909177173785224e+01
1.501936081467263406e+01
1.503962985760741589e+01
1.505989890054219416e+01
1.508016794347697598e+01
1.510043698641175780e+01
1.512070602934653962e+01
1.514097507228131789e+01
1.516124411521609971e+01
1.518151315815088154e+01
1.520178220108566336e+01
1.522205124402044341e+01
1.524232028695522168e+01
1.526258932989000350e+01
1.528285837282478532e+01
1.530312741575956714e+01
1.532339645869434541e+01
1.534366550162912723e+01
1.536393454456390906e+01
1.538420358749869088e+01
1.540447263043346915e+01
1.542474167336825097e+01
1.544501071630303279e+01
1.546527975923781462e+01
1.548554880217259289e+01
1.550581784510737471e+01
1.552608688804215653e+01
1.554635593097693835e+01
1.556662497391172018e+01
1.558689401684649667e+01
1.560716305978127849e+01
1.562743210271606031e+01
1.564770114565084214e+01
1.566797018858562041e+01
1.568823923152040223e+01
1.570850827445518405e+01
1.572877731738996587e+01
1.574904636032474414e+01
1.576931540325952597e+01
1.578958444619430779e+01
1.580985348912908961e+01
1.583012253206386788e+01
1.585039157499864970e+01
1.587066061793343152e+01
1.589092966086821335e+01
1.591119870380299162e+01
1.593146774673777344e+01
1.595173678967255348e+01
1.597200583260733531e+01
1.599227487554211713e+01
1.601254391847689718e+01
1.603281296141167900e+01
1.605308200434646082e+01
1.607335104728124264e+01
1.609362009021602091e+01
1.611388913315080273e+01
1.613415817608558100e+01
1.615442721902036283e+01
1.617469626195514110e+01
1.619496530488992292e+01
1.621523434782470474e+01
1.623550339075948656e+01
1.625577243369426483e+01
1.627604147662904666e+01
1.629631051956382848e+01
1.631657956249861030e+01
1.633684860543338857e+01
1.635711764836817039e+01
1.637738669130295222e+01
1.639765573423773404e+01
1.641792477717251586e+01
1.643819382010729413e+01
1.645846286304207595e+01
1.647873190597685777e+01
1.649900094891163604e+01
1.651926999184641787e+01
1.653953903478119614e+01
1.655980807771597796e+01
1.658007712065075978e+01
1.660034616358554160e+01
1.662061520652031987e+01
1.664088424945510170e+01
1.666115329238988352e+01
1.668142233532466534e+01
1.670169137825944361e+01
1.672196042119422543e+01
1.674222946412900725e+01
1.676249850706378908e+01
1.678276754999857090e+01
1.680303659293334917e+01
1.682330563586813099e+01
1.684357467880291281e+01
1.686384372173769464e+01
1.688411276467247291e+01
1.690438180760725473e+01
1.692465085054203655e+01
1.694491989347681837e+01
1.696518893641159664e+01
1.698545797934637847e+01
1.700572702228116029e+01
1.702599606521594211e+01
1.704626510815072038e+01
1.706653415108550220e+01
1.708680319402028402e+01
1.710707223695506585e+01
1.712734127988984412e+01
1.714761032282462594e+01
1.716787936575940776e+01
1.718814840869418958e+01
1.720841745162897141e+01
1.722868649456374612e+01
1.724895553749852795e+01
1.726922458043330977e+01
1.728949362336809159e+01
1.730976266630286986e+01
1.733003170923765168e+01
1.735030075217243350e+01
1.737056979510721533e+01
1.739083883804199360e+01
1.741110788097677542e+01
1.743137692391155724e+01
1.745164596684633906e+01
1.747191500978111733e+01
1.749218405271589916e+01
1.751245309565068098e+01
1.753272213858546280e+01
1.755299118152024107e+01
1.757326022445502289e+01
1.759352926738980472e+01
1.761379831032458654e+01
1.763406735325936836e+01
1.765433639619414663e+01
1.767460543912892845e+01
1.769487448206371027e+01
1.771514352499849210e+01
1.773541256793327037e+01
1.775568161086805219e+01
1.777595065380283401e+01
1.779621969673761583e+01
1.781648873967239410e+01
1.783675778260717593e+01
1.785702682554195775e+01
1.787729586847673957e+01
1.789756491141151784e+01
1.791783395434629966e+01
1.793810299728108149e+01
1.795837204021586331e+01
1.797864108315064158e+01
1.799891012608541985e+01
1.801917916902020167e+01
1.803944821195498349e+01
1.805971725488976531e+01
1.807998629782454358e+01
1.810025534075932541e+01
1.812052438369410723e+01
1.814079342662888905e+01
1.816106246956366732e+01
1.818133151249844914e+01
1.820160055543323097e+01
1.822186959836801279e+01
1.824213864130279106e+01
1.826240768423757288e+01
1.828267672717235470e+01
1.830294577010713652e+01
1.832321481304191479e+01
1.834348385597669662e+01
1.836375289891147844e+01
1.838402194184626026e+01
1.840429098478104208e+01
1.842456002771582035e+01
1.844482907065060218e+01
1.846509811358538400e+01
1.848536715652016582e+01
1.850563619945494409e+01
1.852590524238972591e+01
1.854617428532450774e+01
1.856644332825928956e+01
1.858671237119406783e+01
1.860698141412884965e+01
1.862725045706363147e+01
1.864751949999841329e+01
1.866778854293319156e+01
1.868805758586796983e+01
1.870832662880275166e+01
1.872859567173753348e+01
1.874886471467231175e+01
1.876913375760709357e+01
1.878940280054187539e+01
1.880967184347665722e+01
1.882994088641143904e+01
1.885020992934621731e+01
1.887047897228099913e+01
1.889074801521578095e+01
1.891101705815056278e+01
1.893128610108534104e+01
1.895155514402012287e+01
1.897182418695490469e+01
1.899209322988968651e+01
1.901236227282446478e+01
1.903263131575924660e+01
1.905290035869402843e+01
1.907316940162881025e+01
1.909343844456358852e+01
1.911370748749837034e+01
1.913397653043315216e+01
1.915424557336793399e+01
1.917451461630271581e+01
1.919478365923749408e+01
1.921505270217227590e+01
1.923532174510705772e+01
1.925559078804183955e+01
1.927585983097661781e+01
1.929612887391139964e+01
1.931639791684618146e+01
1.933666695978096328e+01
1.935693600271574155e+01
1.937720504565052337e+01
1.939747408858530520e+01
1.941774313152008702e+01
1.943801217445486174e+01
1.945828121738964356e+01
1.947855026032442538e+01
1.949881930325920720e+01
1.951908834619398547e+01
1.953935738912876730e+01
1.955962643206354912e+01
1.957989547499833094e+01
1.960016451793311276e+01
1.962043356086789103e+01
1.964070260380267285e+01
1.966097164673745468e+01
1.968124068967223650e+01
1.970150973260701477e+01
1.972177877554179659e+01
1.974204781847657841e+01
1.976231686141136024e+01
1.978258590434613851e+01
1.980285494728092033e+01
1.982312399021570215e+01
1.984339303315048397e+01
1.986366207608526224e+01
1.988393111902004406e+01
1.990420016195482589e+01
1.992446920488960771e+01
1.994473824782438598e+01
1.996500729075916780e+01
1.998527633369394962e+01
2.000554537662873145e+01
2.002581441956351327e+01
2.004608346249829154e+01
2.006635250543307336e+01
2.008662154836785518e+01
2.010689059130263701e+01
2.012715963423741528e+01
2.014742867717219710e+01
2.016769772010697537e+01
2.018796676304175719e+01
2.020823580597653546e+01
2.022850484891131728e+01
2.024877389184609910e+01
