0.000000000000000000e+00
5.005749822514923912e-05
2.000466177954151421e-04
4.496191475905414654e-04
7.983297009805152443e-04
1.245636250153954027e-03
1.790900767380382546e-03
2.433389972386066843e-03
3.172276184892418565e-03
4.006638281231004496e-03
4.935462753821934397e-03
5.957644872174538107e-03
7.071989943933765232e-03
8.277214674387880361e-03
9.571948622710206578e-03
1.095473575310559021e-02
1.242403607890294262e-02
1.397822739752396792e-02
1.561560711415063522e-02
1.733439415179724441e-02
1.913273094539016603e-02
2.100868551736037940e-02
2.296025363215116813e-02
2.498536102693958011e-02
2.708186571580071395e-02
2.924756036442813581e-02
3.148017473246187553e-02
3.377737818038831219e-02
3.613678223789169863e-02
3.855594323048068539e-02
4.103236496113634585e-02
4.356350144366741978e-02
4.614675968440345999e-02
4.877950250879346111e-02
5.145905142944576932e-02
5.418268955208396798e-02
5.694766451585901029e-02
5.975119146443234885e-02
6.259045604420125641e-02
6.546261742602312028e-02
6.836481134676510030e-02
7.129415316700996041e-02
7.424774094120602241e-02
7.722265849659062931e-02
8.021597851715879524e-02
8.322476562901268138e-02
8.624607948338741670e-02
8.927697783369498152e-02
9.231451960294821679e-02
9.535576793790256911e-02
9.839779324637033808e-02
1.014376762141066951e-01
1.044725107977568235e-01
1.074994071903924570e-01
1.105154947561872991e-01
1.135179249308640170e-01
1.165038740845858178e-01
1.194705463440133703e-01
1.224151763703658219e-01
1.253350320902981985e-01
1.282274173765975966e-01
1.310896746756681497e-01
1.339191875789455810e-01
1.367133833353786909e-01
1.394697353022965602e-01
1.421857653319917592e-01
1.448590460914802036e-01
1.474872033129961402e-01
1.500679179728817425e-01
1.525989283965943077e-01
1.550780322877435002e-01
1.575030886790748375e-01
1.598720198035036566e-01
1.621828128833997240e-01
1.644335218363940088e-01
1.666222688961672416e-01
1.687472461467068030e-01
1.708067169687612075e-01
1.727990173971820920e-01
1.747225573881276417e-01
1.765758219950917252e-01
1.783573724529398663e-01
1.800658471691857498e-01
1.816999626219290842e-01
1.832585141639381243e-01
1.847403767325296042e-01
1.861445054650122388e-01
1.874699362195619556e-01
1.887157860015403199e-01
1.898812532954012311e-01
1.909656183024032450e-01
1.919682430845326693e-01
1.928885716151029495e-01
1.937261297366407731e-01
1.944805250268005214e-01
1.951514465731040149e-01
1.957386646574995615e-01
1.962420303517659059e-01
1.966614750249614241e-01
1.969970097641492446e-01
1.972487247098128338e-01
1.974167883074340324e-01
1.975014464767916589e-01
1.975030217006723543e-01
1.974219120347449064e-01
1.972585900404635051e-01
1.970136016429240577e-01
1.966875649157179273e-01
1.962811687948541606e-01
1.957951717239593825e-01
1.952304002329913191e-01
1.945877474527714091e-01
1.938681715677488260e-01
1.930726942094130039e-01
1.922023987928708211e-01
1.912584287991473952e-01
1.902419860057944501e-01
1.891543286684758685e-01
1.879967696562152291e-01
1.867706745430221804e-01
1.854774596586734048e-01
1.841185901014351922e-01
1.826955777155093719e-01
1.812099790360960361e-01
1.796633932048757321e-01
1.780574598587779389e-01
1.763938569949269342e-01
1.746742988146271491e-01
1.729005335492611595e-01
1.710743412709572198e-01
1.691975316909233307e-01
1.672719419482519287e-01
1.652994343920655140e-01
1.632818943597814376e-01
1.612212279543191462e-01
1.591193598229823924e-01
1.569782309407541376e-01
1.547997964007076233e-01
1.525860232141771078e-01
1.503388881233172492e-01
1.480603754285985951e-01
1.457524748337742926e-01
1.434171793108034165e-01
1.410564829871041315e-01
1.386723790575432325e-01
1.362668577234150968e-01
1.338419041606796478e-01
1.313994965196213505e-01
1.289416039580100759e-01
1.264701847098296805e-01
1.239871841915102940e-01
1.214945331475667661e-01
1.189941458374333266e-01
1.164879182652682893e-01
1.139777264543210267e-01
1.114654247675043452e-01
1.089528442756021315e-01
1.064417911745628165e-01
1.039340452531851006e-01
1.014313584124343776e-01
9.893545323754197873e-02
9.644802162396555467e-02
9.397072345817850114e-02
9.150518535418286636e-02
8.905299944654736233e-02
8.661572224070515635e-02
8.419487352111879042e-02
8.179193531786405069e-02
7.940835093209475115e-02
7.704552402074286988e-02
7.470481774076213888e-02
7.238755395308077434e-02
7.009501248640793991e-02
6.782843046090644701e-02
6.558900167168658923e-02
6.337787603199571129e-02
6.119615907588113468e-02
5.904491152003445154e-02
5.692514888447589017e-02
5.483784117160851734e-02
5.278391260313736177e-02
5.076424141427874487e-02
4.877965970459449685e-02
4.683095334472544419e-02
4.491886193824613099e-02
4.304407883778078175e-02
4.120725121447757489e-02
3.940898017985586949e-02
3.764982095901713705e-02
3.593028311412106712e-02
3.425083081700659032e-02
3.261188316976563334e-02
3.101381457204890196e-02
2.945695513382685926e-02
2.794159113229300467e-02
2.646796551155494379e-02
2.503627842372615694e-02
2.364668780999883146e-02
2.229931002023475411e-02
2.099422046960651433e-02
1.973145433077192618e-02
1.851100726005627459e-02
1.733283615609537698e-02
1.619685994936454279e-02
1.510296042102612923e-02
1.405098304948415068e-02
1.304073788305833669e-02
1.207200043716019112e-02
1.114451261435877444e-02
1.025798364571507172e-02
9.412091051777446080e-03
8.606481621623163561e-03
7.840772408329879650e-03
7.114551739291102503e-03
6.427380239778134746e-03
5.778791868167289063e-03
5.168294961282649327e-03
4.595373288293048107e-03
4.059487111643243773e-03
3.560074253509319317e-03
3.096551166294887920e-03
2.668314005702144241e-03
2.274739704946964966e-03
1.915187048706029930e-03
1.588997745422686663e-03
1.295497496614888807e-03
1.033997061878092752e-03
8.037933182938652435e-04
6.041703129995911001e-04
4.344003077048986042e-04
2.937448139819534261e-04
1.814556181903818769e-04
9.677579494039373819e-05
3.894070803426345843e-05
7.178997869685257279e-06
7.135543278081607589e-07
1.876247421189345467e-05
6.054000234418365769e-05
1.252574554721327580e-04
2.121241281778208732e-04
3.203481800283240928e-04
4.491375032484757755e-04
5.977005702412420841e-04
7.652472603246410080e-04
9.509896650993620443e-04
1.154142871902911777e-03
1.373925724851745049e-03
1.609561563015550218e-03
1.860278935310972917e-03
2.125312291744351628e-03
2.403902650677398976e-03
2.695298241829732072e-03
2.998755124772183554e-03
3.313537782711724073e-03
3.638919691400076088e-03
3.974183863045857926e-03
4.318623365143580903e-03
4.671541814169733776e-03
5.032253844142621675e-03
5.400085550062209971e-03
5.774374906298513320e-03
6.154472160023847713e-03
6.539740199808499223e-03
6.929554899552213196e-03
7.323305437936435819e-03
7.720394593618886900e-03
8.120239016427876003e-03
8.522269474825159077e-03
8.925931079951873043e-03
9.330683486583652916e-03
9.736001071351280123e-03
1.014137308860553997e-02
1.054630380432723495e-02
1.095031260850283690e-02
1.135293410640578204e-02
1.175371818924491815e-02
1.215223008465662891e-02
1.254805038752689408e-02
1.294077507165804566e-02
1.333001548279883278e-02
1.371539831356527288e-02
1.409656556080369008e-02
1.447317446594648463e-02
1.484489743892287474e-02
1.521142196619653351e-02
1.557245050351364901e-02
1.592770035392861508e-02
1.627690353171022328e-02
1.661980661271732218e-02
1.695617057182722751e-02
1.728577060802034479e-02
1.760839595771698449e-02
1.792384969695394806e-02
1.823194853300311863e-02
1.853252258601210956e-02
1.882541516126625195e-02
1.911048251264711381e-02
1.938759359787087591e-02
1.965662982607713563e-02
1.991748479833848826e-02
2.017006404164453995e-02
2.041428473692275328e-02
2.065007544163019459e-02
2.087737580745288937e-02
2.109613629364736134e-02
2.130631787652631157e-02
2.150789175560099964e-02
2.170083905687459486e-02
2.188515053376714412e-02
2.206082626613801653e-02
2.222787535787651772e-02
2.238631563348723527e-02
2.253617333412878676e-02
2.267748281349341033e-02
2.281028623396805927e-02
2.293463326343812836e-02
2.305058077313683687e-02
2.315819253689275353e-02
2.325753893212186701e-02
2.334869664292281086e-02
2.343174836556630170e-02
2.350678251671330446e-02
2.357389294464333832e-02
2.363317864377148872e-02
2.368474347272976968e-02
2.372869587624847412e-02
2.376514861108879051e-02
2.379421847624263106e-02
2.381602604760816103e-02
2.383069541733891933e-02
2.383835393804991515e-02
2.383913197204251891e-02
2.383316264571366458e-02
2.382058160927751772e-02
2.380152680194390705e-02
2.377613822266150603e-02
2.374455770653025738e-02
2.370692870698047974e-02
2.366339608379742013e-02
2.361410589705780633e-02
2.355920520704234480e-02
2.349884188016674452e-02
2.343316440096934045e-02
2.336232169018820706e-02
2.328646292893616146e-02
2.320573738898032076e-02
2.312029426914037275e-02
2.303028253777405707e-02
2.293585078134240118e-02
2.283714705903110848e-02
2.273431876337801347e-02
2.262751248688334854e-02
2.251687389453965391e-02
2.240254760222704436e-02
2.228467706091459555e-02
2.216340444660395287e-02
2.203887055592405539e-02
2.191121470731477797e-02
2.178057464770567775e-02
2.164708646460053107e-02
2.151088450347908576e-02
2.137210129040708131e-02
2.123086745976809561e-02
2.108731168699227651e-02
2.094156062620181752e-02
2.079373885262237459e-02
2.064396880969120857e-02
2.049237076070706265e-02
2.033906274493154503e-02
2.018416053800498045e-02
2.002777761656472297e-02
1.987002512693868822e-02
1.971101185779572731e-02
1.955084421662263774e-02
1.938962620990801813e-02
1.922745942690800430e-02
1.906444302686082296e-02
1.890067372954137501e-02
1.873624580901600903e-02
1.857125109047972136e-02
1.840577895005671150e-02
1.823991631743175981e-02
1.807374768120482630e-02
1.790735509683180626e-02
1.774081819705045776e-02
1.757421420466188933e-02
1.740761794755427833e-02
1.724110187585834592e-02
1.707473608112005520e-02
1.690858831737972884e-02
1.674272402404944696e-02
1.657720635048086366e-02
1.641209618212948612e-02
1.624745216819187266e-02
1.608333075064506332e-02
1.591978619456057772e-02
1.575687061962971827e-02
1.559463403277422909e-02
1.543312436178565991e-02
1.527238748987995096e-02
1.511246729109868778e-02
1.495340566646623411e-02
1.479524258082794835e-02
1.463801610029069264e-02
1.448176243018930824e-02
1.432651595351552495e-02
1.417230926972515466e-02
1.401917323387425959e-02
1.386713699600897534e-02
1.371622804074832704e-02
1.356647222700889215e-02
1.341789382780364179e-02
1.327051557007473057e-02
1.312435867449236737e-02
1.297944289518972692e-02
1.283578655936675611e-02
1.269340660673870698e-02
1.255231862877111658e-02
1.241253690767355790e-02
1.227407445510553773e-02
1.213694305056604861e-02
1.200115327942999875e-02
1.186671457060197235e-02
1.173363523375557833e-02
1.160192249613798375e-02
1.147158253890315574e-02
1.134262053296461459e-02
1.121504067433500527e-02
1.108884621893431455e-02
1.096403951685691672e-02
1.084062204607110988e-02
1.071859444553972807e-02
1.059795654775457126e-02
1.047870741065852832e-02
1.036084534896515759e-02
1.024436796484401273e-02
1.012927217798577882e-02
1.001555425502357807e-02
9.903209838315777530e-03
9.792233974081795272e-03
9.682621139886634157e-03
9.574365271480676093e-03
9.467459788978387081e-03
9.361897622393295856e-03
9.257671236517897584e-03
9.154772655153941771e-03
9.053193484697732649e-03
8.952924937081555706e-03
8.853957852076153531e-03
8.756282718955586686e-03
8.659889697538362616e-03
8.564768638599248515e-03
8.470909103668232409e-03
8.378300384218426156e-03
8.286931520249349661e-03
8.196791318280174932e-03
8.107868368750825727e-03
8.020151062850883888e-03
7.933627608776094159e-03
7.848286047424849962e-03
7.764114267549990754e-03
7.681100020363031307e-03
7.599230933614251234e-03
7.518494525148835574e-03
7.438878215955402329e-03
7.360369342714994691e-03
7.282955169860228124e-03
7.206622901158298358e-03
7.131359690824040642e-03
7.057152654180194953e-03
6.983988877867819238e-03
6.911855429625813826e-03
6.840739367642274457e-03
6.770627749497826198e-03
6.701507640699670178e-03
6.633366122830629263e-03
6.566190301312389496e-03
6.499967312800087639e-03
6.434684332216238437e-03
6.370328579435707503e-03
6.306887325628973175e-03
6.244347899279262086e-03
6.182697691877877925e-03
6.121924163310667882e-03
6.062014846945839100e-03
6.002957354429938261e-03
5.944739380205133969e-03
5.887348705752979208e-03
5.830773203578525597e-03
5.775000840937763620e-03
5.720019683325149734e-03
5.665817897720188193e-03
5.612383755609549191e-03
5.559705635790971809e-03
5.507772026963050037e-03
5.456571530113691997e-03
5.406092860712286528e-03
5.356324850715328025e-03
5.307256450389440799e-03
5.258876729962187052e-03
5.211174881106503572e-03
5.164140218264517794e-03
5.117762179819560810e-03
5.072030329120214530e-03
5.026934355365458677e-03
4.982464074354498069e-03
4.938609429109184004e-03
4.895360490372161789e-03
4.852707456990801478e-03
4.810640656187200638e-03
4.769150543722133068e-03
4.728227703958707943e-03
4.687862849829464718e-03
4.648046822710746179e-03
4.608770592211607758e-03
4.570025255879166075e-03
4.531802038825897064e-03
4.494092293283367089e-03
4.456887498085286212e-03
4.420179258084554370e-03
4.383959303508346700e-03
4.348219489253599829e-03
4.312951794127673107e-03
4.278148320037219662e-03
4.243801291127020231e-03
4.209903052875321391e-03
4.176446071143949564e-03
4.143422931190682626e-03
4.110826336643900840e-03
4.078649108441783494e-03
4.046884183741789737e-03
4.015524614798966427e-03
3.984563567817515223e-03
3.953994321778007623e-03
3.923810267242388607e-03
3.894004905136856914e-03
3.864571845517117063e-03
3.835504806317943400e-03
3.806797612084610646e-03
3.778444192695730626e-03
3.750438582070057120e-03
3.722774916866174004e-03
3.695447435173277763e-03
3.668450475193746948e-03
3.641778473921442483e-03
3.615425965814676301e-03
3.589387581467103072e-03
3.563658046275240514e-03
3.538232179106618521e-03
3.513104890967381003e-03
3.488271183671242531e-03
3.463726148510604726e-03
3.439464964931076164e-03
3.415482899209680741e-03
3.391775303137925870e-03
3.368337612710430896e-03
3.345165346819994803e-03
3.322254105958539431e-03
3.299599570927982690e-03
3.277197501556329377e-03
3.255043735424825203e-03
3.233134186603073192e-03
3.211464844394191099e-03
3.190031772090999064e-03
3.168831105741665415e-03
3.147859052926533629e-03
3.127111891547368610e-03
3.106585968627062922e-03
3.086277699122576788e-03
3.066183564749212342e-03
3.046300112818014529e-03
3.026623955085551432e-03
3.007151766618463597e-03
2.987880284667798498e-03
2.968806307561241281e-03
2.949926693604631479e-03
2.931238360000550276e-03
2.912738281778560773e-03
2.894423490740986177e-03
2.876291074421370979e-03
2.858338175057702039e-03
2.840561988580354857e-03
2.822959763613259749e-03
2.805528800489103230e-03
2.788266450280728684e-03
2.771170113844371747e-03
2.754237240878584965e-03
2.737465328997162103e-03
2.720851922815983176e-03
2.704394613054666649e-03
2.688091035650897256e-03
2.671938870890865503e-03
2.655935842552124750e-03
2.640079717060976605e-03
2.624368302663757091e-03
2.608799448611608118e-03
2.593371044359506217e-03
2.578081018777920053e-03
2.562927339378657556e-03
2.547908011554493243e-03
2.533021077830521859e-03
2.518264617130271023e-03
2.503636744053757031e-03
2.489135608169145645e-03
2.474759393316590221e-03
2.460506316925188241e-03
2.446374629341531871e-03
2.432362613171933780e-03
2.418468582635984170e-03
2.404690882931926482e-03
2.391027889614724764e-03
2.377478007985385500e-03
2.364039672491941978e-03
2.350711346141794601e-03
2.337491519926167792e-03
2.324378712254105295e-03
2.311371468399081239e-03
2.298468359955411523e-03
2.285667984306101377e-03
2.272968964100066484e-03
2.260369946741511496e-03
2.247869603887312114e-03
2.235466630956285238e-03
2.223159746647862187e-03
2.210947692469482362e-03
2.198829232275155074e-03
2.186803151811981573e-03
2.174868258277336524e-03
2.163023379883597264e-03
2.151267365433590616e-03
2.139599083903028463e-03
2.128017424032963532e-03
2.116521293930014556e-03
2.105109620675501420e-03
2.093781349942236067e-03
2.082535445619222020e-03
2.071370889445134627e-03
2.060286680648859038e-03
2.049281835597353482e-03
2.038355387452173585e-03
2.027506385831890842e-03
2.016733896482665166e-03
2.006037000955911143e-03
1.995414796291281653e-03
1.984866394709459622e-03
1.974390923308207146e-03
1.963987523767524081e-03
1.953655352059604881e-03
1.943393578165878094e-03
1.933201385800046917e-03
1.923077972136603237e-03
1.913022547545736082e-03
1.903034335334194719e-03
1.893112571490931581e-03
1.883256504439100336e-03
1.873465394793006602e-03
1.863738515120782818e-03
1.854075149711315127e-03
1.844474594347518927e-03
1.834936156083341032e-03
1.825459153026476019e-03
1.816042914125654212e-03
1.806686778962145060e-03
1.797390097546029903e-03
1.788152230117272560e-03
1.778972546950688925e-03
1.769850428165481698e-03
1.760785263538153494e-03
1.751776452320980178e-03
1.742823403062689677e-03
1.733925533434506295e-03
1.725082270059142978e-03
1.716293048343735510e-03
1.707557312315996370e-03
1.698874514465090061e-03
1.690244115584542189e-03
1.681665584619451747e-03
1.673138398516351008e-03
1.664662042077378170e-03
1.656236007816076295e-03
1.647859795817610161e-03
1.639532913600984547e-03
1.631254875985541433e-03
1.623025204958674543e-03
1.614843429547133894e-03
1.606709085691527227e-03
1.598621716123081347e-03
1.590580870242502051e-03
1.582586104002105731e-03
1.574636979790313253e-03
1.566733066318495241e-03
1.558873938510136692e-03
1.551059177391979392e-03
1.543288369988450549e-03
1.535561109217281660e-03
1.527876993787769151e-03
1.520235628101051194e-03
1.512636622152431064e-03
1.505079591435826191e-03
1.497564156849980977e-03
1.490089944606807918e-03
1.482656586141357620e-03
1.475263718024073670e-03
1.467910981874031955e-03
1.460598024275183661e-03
1.453324496692703438e-03
1.446090055392475031e-03
1.438894361361216798e-03
1.431737080228768274e-03
1.424617882191448782e-03
1.417536441937749256e-03
1.410492438574182782e-03
1.403485555553987468e-03
1.396515480606251927e-03
1.389581905667191392e-03
1.382684526811563249e-03
1.375823044186931217e-03
1.368997161948279275e-03
1.362206588193797191e-03
1.355451034902666182e-03
1.348730217872835683e-03
1.342043856661396346e-03
1.335391674525151021e-03
1.328773398362177553e-03
1.322188758655264661e-03
1.315637489415992034e-03
1.309119328129515827e-03
1.302634015700996489e-03
1.296181296402786195e-03
1.289760917822106983e-03
1.283372630810643809e-03
1.277016189434434243e-03
1.270691350924569793e-03
1.264397875629015263e-03
1.258135526965597963e-03
1.251904071375184490e-03
1.245703278276005885e-03
1.239532920019197765e-03
1.233392771844682607e-03
1.227282611837577676e-03
1.221202220885834371e-03
1.215151382638920150e-03
1.209129883466149823e-03
1.203137512416800571e-03
1.197174061180439905e-03
1.191239324048014737e-03
1.185333097873318177e-03
1.179455182035967289e-03
1.173605378403894681e-03
1.167783491297257580e-03
1.161989327452845862e-03
1.156222695988645341e-03
1.150483408369628582e-03
1.144771278373640918e-03
1.139086122058002469e-03
1.133427757726817057e-03
1.127796005898506647e-03
1.122190689274126180e-03
1.116611632706486371e-03
1.111058663168541186e-03
1.105531609723947421e-03
1.100030303497401794e-03
1.094554577644460663e-03
1.089104267323764714e-03
1.083679209667973674e-03
1.078279243756585142e-03
1.072904210587567742e-03
1.067553953051502249e-03
1.062228315903731906e-03
1.056927145739492129e-03
1.051650290967082570e-03
1.046397601783018508e-03
1.041168930146977104e-03
1.035964129757422150e-03
1.030783056026964711e-03
1.025625566058875398e-03
1.020491518623492999e-03
1.015380774135272350e-03
1.010293194629643563e-03
1.005228643741185512e-03
1.000186986680868867e-03
9.951680902148328338e-04
9.901718226428281831e-04
9.851980537767936284e-04
9.802466549206820777e-04
9.753174988495046322e-04
9.704104597891704967e-04
9.655254133967096147e-04
9.606622367406859051e-04
9.558208082822115814e-04
9.510010078548957000e-04
9.462027166473998890e-04
9.414258171839061211e-04
9.366701933065607697e-04
9.319357301571681807e-04
9.272223141596394992e-04
9.225298330023911893e-04
9.178581756213146032e-04
9.132072321828628610e-04
9.085768940670113127e-04
9.039670538511415231e-04
8.993776052934605685e-04
8.948084433173206535e-04
8.902594639952188900e-04
8.857305645331160467e-04
8.812216432551540695e-04
8.767325995887008134e-04
8.722633340491022565e-04
8.678137482250169316e-04
8.633837447641074924e-04
8.589732273581554859e-04
8.545821007298494811e-04
8.502102706175887828e-04
8.458576437627503448e-04
8.415241278956043331e-04
8.372096317221631870e-04
8.329140649105645821e-04
8.286373380785005396e-04
8.243793627801187466e-04
8.201400514932613876e-04
8.159193176070103724e-04
8.117170754093500909e-04
8.075332400748633449e-04
8.033677276528831870e-04
7.992204550554586010e-04
7.950913400453701657e-04
7.909803012253156795e-04
7.868872580255434259e-04
7.828121306932158243e-04
7.787548402811611580e-04
7.747153086366194473e-04
7.706934583907461798e-04
7.666892129477621571e-04
7.627024964740508660e-04
7.587332338884821914e-04
7.547813508513143057e-04
7.508467737545688808e-04
7.469294297117147962e-04
7.430292465478240170e-04
7.391461527898415297e-04
7.352800776568127776e-04
7.314309510504501260e-04
7.275987035455696575e-04
7.237832663809613213e-04
7.199845714500304264e-04
7.162025512919364565e-04
7.124371390822416099e-04
7.086882686246845234e-04
7.049558743416812524e-04
7.012398912663953075e-04
6.975402550337878906e-04
6.938569018723329644e-04
6.901897685956207571e-04
6.865387925942607232e-04
6.829039118278832764e-04
6.792850648167632430e-04
6.756821906341637686e-04
6.720952288984918983e-04
6.685241197656005248e-04
6.649688039210505455e-04
6.614292225726958957e-04
6.579053174431552823e-04
6.543970307626787841e-04
6.509043052614945767e-04
6.474270841629038665e-04
6.439653111762116749e-04
6.405189304896664057e-04
6.370878867634745474e-04
6.336721251232874368e-04
6.302715911527849912e-04
6.268862308877795999e-04
6.235159908091556912e-04
6.201608178365577246e-04
6.168206593218214431e-04
6.134954630427862229e-04
6.101851771968859212e-04
6.068897503949906075e-04
6.036091316554336936e-04
6.003432703976602442e-04
5.970921164365249403e-04
5.938556199763016458e-04
5.906337316048319679e-04
5.874264022876759866e-04
5.842335833626960146e-04
5.810552265339985088e-04
5.778912838669634372e-04
5.747417077820765781e-04
5.716064510502036995e-04
5.684854667866528176e-04
5.653787084461599785e-04
5.622861298177482970e-04
5.592076850191953809e-04
5.561433284924533361e-04
5.530930149981854718e-04
5.500566996109035453e-04
5.470343377142755517e-04
5.440258849957791982e-04
5.410312974424097638e-04
5.380505313357578220e-04
5.350835432471460519e-04
5.321302900332943809e-04
5.291907288315912368e-04
5.262648170556561257e-04
5.233525123905949459e-04
5.204537727892638273e-04
5.175685564670563961e-04
5.146968218984969944e-04
5.118385278122016338e-04
5.089936331872828897e-04
5.061620972489945525e-04
5.033438794644312479e-04
5.005389395390035879e-04
4.977472374120611373e-04
4.949687332529338840e-04
4.922033874573955711e-04
4.894511606435708335e-04
4.867120136481979534e-04
4.839859075229214851e-04
4.812728035305245981e-04
4.785726631415884334e-04
4.758854480304719361e-04
4.732111200721534662e-04
4.705496413384118587e-04
4.679009740946339906e-04
4.652650807961712111e-04
4.626419240853814753e-04
4.600314667877780411e-04
4.574336719091307468e-04
4.548485026321148501e-04
4.522759223132643116e-04
4.497158944794898256e-04
4.471683828254108695e-04
4.446333512100210232e-04
4.421107636537621949e-04
4.396005843354352420e-04
4.371027775895503431e-04
4.346173079032888465e-04
4.321441399133865691e-04
4.296832384037986953e-04
4.272345683026240585e-04
4.247980946794536702e-04
4.223737827426994086e-04
4.199615978370399095e-04
4.175615054405031404e-04
4.151734711622969125e-04
4.127974607399803597e-04
4.104334400371527445e-04
4.080813750407722264e-04
4.057412318590703447e-04
4.034129767188279064e-04
4.010965759632826927e-04
3.987919960496979187e-04
3.964992035471024312e-04
3.942181651341363988e-04
3.919488475966541405e-04
3.896912178258912286e-04
3.874452428160113718e-04
3.852108896621273134e-04
3.829881255584858765e-04
3.807769177958892975e-04
3.785772337602959551e-04
3.763890409306557602e-04
3.742123068767856079e-04
3.720469992577598792e-04
3.698930858198919277e-04
3.677505343950732445e-04
3.656193128988487282e-04
3.634993893288146678e-04
3.613907317626433805e-04
3.592933083567525707e-04
3.572070873443358762e-04
3.551320370338660192e-04
3.530681258077612373e-04
3.510153221202875150e-04
3.489735944965526612e-04
3.469429115307508769e-04
3.449232418847382226e-04
3.429145542866421283e-04
3.409168175294697125e-04
3.389300004698023476e-04
3.369540720262726276e-04
3.349890011783949475e-04
3.330347569654360895e-04
3.310913084848685008e-04
3.291586248913446378e-04
3.272366753954622769e-04
3.253254292627546888e-04
3.234248558123697004e-04
3.215349244159745423e-04
3.196556044970556712e-04
3.177868655293443999e-04
3.159286770362477992e-04
3.140810085895815915e-04
3.122438298089424513e-04
3.104171103604943496e-04
3.086008199562302124e-04
3.067949283531901561e-04
3.049994053523428085e-04
3.032142207981385626e-04
3.014393445775054975e-04
