0.000000000000000000e+00
5.062193472961522556e-01
1.012438694592304733e+00
1.518658041888457211e+00
2.024877389184609910e+00
2.531096736480762832e+00
3.037316083776914866e+00
3.543535431073068231e+00
4.049754778369219821e+00
4.555974125665373187e+00
5.062193472961524776e+00
5.568412820257678142e+00
6.074632167553829731e+00
6.580851514849983097e+00
7.087070862146135575e+00
7.593290209442287164e+00
8.099509556738441418e+00
8.605728904034593896e+00
9.111948251330746373e+00
9.618167598626898851e+00
1.012438694592305133e+01
1.063060629321920381e+01
1.113682564051535628e+01
1.164304498781151054e+01
1.214926433510766124e+01
1.265548368240381372e+01
1.316170302969996619e+01
1.366792237699612045e+01
1.417414172429227293e+01
1.468036107158842363e+01
1.518658041888457788e+01
1.569279976618072858e+01
1.619901911347688284e+01
1.670523846077303531e+01
1.721145780806918424e+01
1.771767715536533672e+01
1.822389650266148919e+01
1.873011584995764167e+01
1.923633519725379770e+01
1.974255454454994663e+01
2.024877389184609910e+01
