0.000000000000000000e+00
2.590956148114045035e-05
1.035846763317217501e-04
2.329190285010495265e-04
4.137717585639682648e-04
6.459675755513817315e-04
9.292968946322335572e-04
1.263516000529954237e-03
1.648347236533651916e-03
2.083479218943042575e-03
2.568567076763348615e-03
3.103232716445537918e-03
3.687065111445358371e-03
4.319620616353206898e-03
5.000423305326285456e-03
5.728965334533358406e-03
6.504707328302105317e-03
7.327078788638836417e-03
8.195478527770206842e-03
9.109275123337779237e-03
1.006780739585622086e-02
1.107038490802751338e-02
1.211628848548544288e-02
1.320477075852613189e-02
1.433505672436322965e-02
1.550634432942882626e-02
1.671780507122519466e-02
1.796858461921541431e-02
1.925780345422629936e-02
2.058455752582065770e-02
2.194791892708243194e-02
2.334693658624358015e-02
2.478063697456802869e-02
2.624802482989482821e-02
2.774808389523095858e-02
2.927977767177159657e-02
3.084205018571531745e-02
3.243382676822920141e-02
3.405401484791176214e-02
3.570150475508940269e-02
3.737517053727450883e-02
3.907387078510601158e-02
4.079644946808434064e-02
4.254173677940536330e-02
4.430854998919504101e-02
4.609569430543722368e-02
4.790196374188309542e-02
4.972614199222906428e-02
5.156700330984285291e-02
5.342331339231672083e-02
5.529383027012509805e-02
5.717730519865972527e-02
5.907248355291767894e-02
6.097810572411609120e-02
6.289290801750711812e-02
6.481562355066874948e-02
6.674498315154997474e-02
6.867971625554825099e-02
7.061855180090455264e-02
7.256021912169989541e-02
7.450344883774810689e-02
7.644697374067668805e-02
7.838952967550286144e-02
8.032985641700833568e-02
8.226669854023056783e-02
8.419880628439391224e-02
8.612493640960844354e-02
8.804385304568000670e-02
8.995432853237698978e-02
9.185514425051481691e-02
9.374509144322555609e-02
9.562297202679390096e-02
9.748759939045188727e-02
9.933779918453154723e-02
1.011724100963988238e-01
1.029902846135892086e-01
1.047902897735934202e-01
1.065713078997487379e-01
1.083322373227014607e-01
1.100719930869332175e-01
1.117895076418446570e-01
1.134837315169175964e-01
1.151536339804822562e-01
1.167982036816428704e-01
1.184164492749218700e-01
1.200074000272079028e-01
1.215701064066000564e-01
1.231036406527741683e-01
1.246070973284938294e-01
1.260795938519274906e-01
1.275202710094354430e-01
1.289282934485176391e-01
1.303028501506293402e-01
1.316431548835892973e-01
1.329484466333267223e-01
1.342179900147293936e-01
1.354510756613749312e-01
1.366470205939505911e-01
1.378051685671805027e-01
1.389248903951015579e-01
1.400055842545470663e-01
1.410466759667207970e-01
1.420476192567583229e-01
1.430078959911932623e-01
1.439270163932680757e-01
1.448045192360449818e-01
1.456399720132949549e-01
1.464329710881580315e-01
1.471831418195885532e-01
1.478901386666246487e-01
1.485536452705233379e-01
1.491733745148425272e-01
1.497490685635509411e-01
1.502804988772741546e-01
1.507674662078063721e-01
1.512098005710260651e-01
1.516073611983705105e-01
1.519600364670605219e-01
1.522677438092547575e-01
1.525304296003518745e-01
1.527480690266650454e-01
1.529206659327131401e-01
1.530482526483858130e-01
1.531308897962538607e-01
1.531686660793209198e-01
1.531616980495105473e-01
1.531101298572120351e-01
1.530141329822142515e-01
1.528739059463722072e-01
1.526896740083627524e-01
1.524616888409025539e-01
1.521902281908040222e-01
1.518755955222717280e-01
1.515181196438374067e-01
1.511181543193488297e-01
1.506760778634469444e-01
1.501922927219543624e-01
1.496672250376327451e-01
1.491013242017538987e-01
1.484950623919497892e-01
1.478489340968170696e-01
1.471634556277427730e-01
1.464391646184465545e-01
1.456766195127219554e-01
1.448763990408813429e-01
1.440391016853996287e-01
1.431653451362674967e-01
1.422557657365657591e-01
1.413110179187760940e-01
1.403317736323442255e-01
1.393187217630228458e-01
1.382725675445111990e-01
1.371940319629262051e-01
1.360838511546208218e-01
1.349427757978928499e-01
1.337715704990969645e-01
1.325710131737023734e-01
1.313418944228157414e-01
1.300850169056992356e-01
1.288011947088116838e-01
1.274912527118903516e-01
1.261560259516054661e-01
1.247963589832914444e-01
1.234131052412860974e-01
1.220071263983756454e-01
1.205792917248625501e-01
1.191304774477534023e-01
1.176615661105688965e-01
1.161734459342655679e-01
1.146670101797573199e-01
1.131431565125186472e-01
1.116027863697409001e-01
1.100468043305135313e-01
1.084761174894849634e-01
1.068916348344617212e-01
1.052942666283845086e-01
1.036849237961255249e-01
1.020645173165262987e-01
1.004339576201011275e-01
9.879415399281801791e-02
9.714601398634956086e-02
9.549044283519834975e-02
9.382834288106170484e-02
9.216061300482428220e-02
9.048814806652635823e-02
8.881183835366616985e-02
8.713256903817304111e-02
8.545121964237897827e-02
8.376866351431072610e-02
8.208576731260658343e-02
8.040339050135177079e-02
7.872238485511783013e-02
7.704359397447850533e-02
7.536785281226282551e-02
7.369598721079013981e-02
7.202881345033028404e-02
7.036713780900540061e-02
6.871175613435487328e-02
6.706345342675494592e-02
6.542300343488750836e-02
6.379116826343331215e-02
6.216869799314930778e-02
6.055633031348654077e-02
5.895479016788740534e-02
5.736478941188815489e-02
5.578702648414005788e-02
5.422218609045968002e-02
5.267093890099226738e-02
5.113394126056896444e-02
4.961183491233012860e-02
4.810524673466313322e-02
4.661478849150494513e-02
4.514105659603874499e-02
4.368463188780647571e-02
4.224607942324572901e-02
4.082594827965237844e-02
3.942477137255266662e-02
3.804306528646542174e-02
3.668133011901737045e-02
3.534004933836688150e-02
3.401968965388401517e-02
3.272070090001695519e-02
3.144351593327616295e-02
3.018855054224300893e-02
2.895620337051667964e-02
2.774685585248952771e-02
2.656087216183945776e-02
2.539859917261949596e-02
2.426036643281031732e-02
2.314648615019958972e-02
2.205725319043721350e-02
2.099294508711656640e-02
1.995382206371264580e-02
1.894012706721017597e-02
1.795208581324358663e-02
1.698990684256200881e-02
1.605378158863064730e-02
1.514388445616812219e-02
1.426037291041825847e-02
1.340338757694242017e-02
1.257305235172183344e-02
1.176947452134430999e-02
1.099274489305231486e-02
1.024293793441945558e-02
9.520111922421288161e-03
8.824309101660956361e-03
8.155555851503321074e-03
7.513862861874029235e-03
6.899225317469236812e-03
6.311623090123916723e-03
5.751020939080213681e-03
5.217368718898399149e-03
4.710601594745398787e-03
4.230640264799769706e-03
3.777391189504728051e-03
3.350746827403362337e-03
2.950585877285760890e-03
2.576773526379346011e-03
2.229161704310907242e-03
1.907589342568541358e-03
1.611882639193183003e-03
1.341855328426528465e-03
1.097308955044505032e-03
8.780331531049270256e-04
6.838059288388369022e-04
5.143939474152599929e-04
3.695528233114558372e-04
2.490274140206456474e-04
1.525521168315746600e-04
7.985116841576641819e-05
3.063894695986763071e-05
4.620276583320355395e-06
1.490733783020547769e-06
2.093695564987227620e-05
6.263694960433541985e-05
1.262604044009856810e-04
2.114690021553467740e-04
3.179167311491218882e-04
4.452501991733113693e-04
5.931089471725955239e-04
7.611257629573251133e-04
9.489269947536833980e-04
1.156132864366598732e-03
1.382357779733482932e-03
1.627210646651429697e-03
1.890295179464585073e-03
2.171210210503712358e-03
2.469549998071884824e-03
2.784904532778249842e-03
3.116859842024310556e-03
3.464998292451542099e-03
3.828898890166608678e-03
4.208137578561507545e-03
4.602287533555211342e-03
5.010919456084658719e-03
5.433601861680712602e-03
5.869901366967932022e-03
6.319382972934403306e-03
6.781610344820318548e-03
7.256146088481860504e-03
7.742552023090876201e-03
8.240389450035743787e-03
8.749219417896702405e-03
9.268602983370042431e-03
9.798101468025205429e-03
1.033727671078117465e-02
1.088569131599622167e-02
1.144290889706820781e-02
1.200849431544852124e-02
1.258201391498121532e-02
1.316303575147863107e-02
1.375112981745406707e-02
1.434586826193723526e-02
1.494682560530091742e-02
1.555357894903452304e-02
1.616570818040600349e-02
1.678279617195520962e-02
1.740442897577088727e-02
1.803019601250634499e-02
1.865969025509276943e-02
1.929250840711816892e-02
1.992825107583825681e-02
2.056652293979657764e-02
2.120693291103330907e-02
2.184909429186406016e-02
2.249262492621977721e-02
2.313714734553998231e-02
2.378228890921527117e-02
2.442768193958196055e-02
2.507296385147348566e-02
2.571777727633962202e-02
2.636177018094569557e-02
2.700459598066952752e-02
2.764591364742097560e-02
2.828538781220138465e-02
2.892268886234224123e-02
2.955749303344555601e-02
3.018948249606902626e-02
3.081834543718951075e-02
3.144377613649133874e-02
3.206547503752331385e-02
3.268314881377056696e-02
3.329651042969718200e-02
3.390527919680974556e-02
3.450918082480130405e-02
3.510794746783334891e-02
3.570131776601862678e-02
3.628903688217006984e-02
3.687085653388123829e-02
3.744653502100663695e-02
3.801583724861597180e-02
3.857853474548984113e-02
3.913440567823906618e-02
3.968323486111634268e-02
4.022481376160507577e-02
4.075894050186071316e-02
4.128541985608911308e-02
4.180406324394176504e-02
4.231468872001476617e-02
4.281712095953472963e-02
4.331119124031757028e-02
4.379673742108985274e-02
4.427360391625817515e-02
4.474164166721698865e-02
4.520070811028351065e-02
4.565066714135149889e-02
4.609138907735294693e-02
4.652275061462066846e-02
4.694463478424193426e-02
4.735693090449494269e-02
4.775953453046205555e-02
4.815234740091071247e-02
4.853527738253264612e-02
4.890823841163777913e-02
4.927115043338999717e-02
4.962393933868158163e-02
4.996653689873218479e-02
5.029888069750992202e-02
5.062091406206110922e-02
5.093258599083891336e-02
5.123385108012636080e-02
5.152466944863418052e-02
5.180500666037002322e-02
5.207483364586435598e-02
5.233412662183640346e-02
5.258286700939433095e-02
5.282104135084828012e-02
5.304864122522394421e-02
5.326566316256049066e-02
5.347210855707392602e-02
5.366798357927108493e-02
5.385329908708695601e-02
5.402807053613702809e-02
5.419231788914948000e-02
5.434606552466492851e-02
5.448934214507183960e-02
5.462218068405879506e-02
5.474461821355047081e-02
5.485669585020412631e-02
5.495845866153443310e-02
5.504995557173707893e-02
5.513123926727749730e-02
5.520236610231300106e-02
5.526339600401097146e-02
5.531439237782936891e-02
5.535542201281849761e-02
5.538655498700626595e-02
5.540786457292567330e-02
5.541942714334161663e-02
5.542132207723292348e-02
5.541363166608627433e-02
5.539644102054901847e-02
5.536983797750070352e-02
5.533391300758461195e-02
5.528875912325476039e-02
5.523447178737911356e-02
5.517114882244922303e-02
5.509889032043668172e-02
5.501779855333959607e-02
5.492797788445952234e-02
5.482953468044863415e-02
5.472257722416461190e-02
5.460721562836668569e-02
5.448356175029220316e-02
5.435172910714243522e-02
5.421183279251221704e-02
5.406398939379089552e-02
5.390831691056709868e-02
5.374493467405880298e-02
5.357396326760224814e-02
5.339552444821666494e-02
5.320974106927311292e-02
5.301673700428510827e-02
5.281663707184727774e-02
5.260956696173385572e-02
5.239565316217942997e-02
5.217502288835797891e-02
5.194780401207405723e-02
5.171412499268077112e-02
5.147411480923778926e-02
5.122790289391825763e-02
5.097561906668038323e-02
5.071739347120641367e-02
5.045335651212228684e-02
5.018363879350160039e-02
4.990837105866165885e-02
4.962768413125530353e-02
4.934170885766280684e-02
4.905057605068745274e-02
4.875441643455434571e-02
4.845336059121565370e-02
4.814753890796018981e-02
4.783708152632865085e-02
4.752211829232980134e-02
4.720277870795754754e-02
4.687919188400386378e-02
4.655148649416212397e-02
4.621979073041908304e-02
4.588423225972615427e-02
4.554493818194537552e-02
4.520203498906038425e-02
4.485564852564873084e-02
4.450590395060208260e-02
4.415292570008719913e-02
4.379683745173861692e-02
4.343776209007123995e-02
4.307582167310046450e-02
4.271113740016239946e-02
4.234382958091800764e-02
4.197401760553033656e-02
4.160181991600140489e-02
4.122735397865701090e-02
4.085073625776091538e-02
4.047208219025048848e-02
4.009150616157435010e-02
3.970912148261748070e-02
3.932504036770211042e-02
3.893937391364353517e-02
3.855223207984954242e-02
3.816372366944346950e-02
3.777395631139769672e-02
3.738303644365849332e-02
3.699106929724637477e-02
3.659815888131539435e-02
3.620440796915250226e-02
3.580991808510091551e-02
3.541478949239089402e-02
3.501912118185580847e-02
3.462301086152341778e-02
3.422655494705545420e-02
3.382984855302562099e-02
3.343298548501233425e-02
3.303605823249231715e-02
3.263915796251327245e-02
3.224237451413090177e-02
3.184579639359042674e-02
3.144951077023439706e-02
3.105360347312034058e-02
3.065815898832831982e-02
3.026326045694223421e-02
2.986898967368627894e-02
2.947542708619799168e-02
2.908265179492272937e-02
2.869074155360801931e-02
2.829977277038518355e-02
2.790982050941630613e-02
2.752095849309250594e-02
2.713325910476493616e-02
2.674679339199221434e-02
2.636163107028653002e-02
2.597784052734360485e-02
2.559548882773808598e-02
2.521464171806913485e-02
2.483536363254064405e-02
2.445771769895814865e-02
2.408176574512922719e-02
2.370756830565046158e-02
2.333518462906555499e-02
2.296467268537955714e-02
2.259608917391587798e-02
2.222948953149834345e-02
2.186492794094751710e-02
2.150245733987315305e-02
2.114212942975283657e-02
2.078399468527940622e-02
2.042810236396661386e-02
2.007450051599720883e-02
1.972323599430250360e-02
1.937435446485894636e-02
1.902790041719080311e-02
1.868391717506519972e-02
1.834244690736790140e-02
1.800353063914835253e-02
1.766720826282238907e-02
1.733351854952111873e-02
1.700249916057397156e-02
1.667418665911777134e-02
1.634861652181803654e-02
1.602582315069428845e-02
1.570583988503908290e-02
1.538869901341979526e-02
1.507443178575539923e-02
1.476306842545686490e-02
1.445463814162435343e-02
1.414916914128995507e-02
1.384668864170011254e-02
1.354722288262646610e-02
1.325079713869978248e-02
1.295743573175678343e-02
1.266716204319441076e-02
1.237999852632210365e-02
1.209596671870640655e-02
1.181508725450064815e-02
1.153737987675233778e-02
1.126286344968289999e-02
1.099155597093255665e-02
1.072347458376504692e-02
1.045863558922577839e-02
1.019705445824885780e-02
9.938745843705753397e-03
9.683723592393023508e-03
9.432000756951686507e-03
9.183589607715241659e-03
8.938501644480663019e-03
8.696747608199105126e-03
8.458337492581060810e-03
8.223280555612676873e-03
7.991585330979818907e-03
7.763259639394988129e-03
7.538310599825405814e-03
7.316744640617736835e-03
7.098567510516755677e-03
6.883784289575668562e-03
6.672399399954836476e-03
6.464416616605805216e-03
6.259839077840241746e-03
6.058669295779041918e-03
5.860909166681714522e-03
5.666559981152423028e-03
5.475622434222703235e-03
5.288096635307392573e-03
5.103982118033810120e-03
4.923277849942159397e-03
4.745982242055911057e-03
4.572093158321629408e-03
4.401607924916570505e-03
4.234523339424156770e-03
4.070835679875967235e-03
3.910540713659520912e-03
3.753633706292597468e-03
3.600109430062281134e-03
3.449962172529693651e-03
3.303185744899291270e-03
3.159773490253897643e-03
3.019718291654403981e-03
2.883012580105143077e-03
2.749648342384832227e-03
2.619617128743711304e-03
2.492910060466962691e-03
2.369517837305601827e-03
2.249430744774621928e-03
2.132638661320121563e-03
2.019131065355266302e-03
1.908897042166597148e-03
1.801925290691337982e-03
1.698204130166743302e-03
1.597721506652825243e-03
1.500464999429016073e-03
1.406421827266755246e-03
1.315578854578547873e-03
1.227922597445331920e-03
1.143439229523193637e-03
1.062114587831058422e-03
9.839341784207689384e-04
9.088831819310406318e-04
8.369464590269348227e-04
7.681085557264035737e-04
7.023537086155673360e-04
6.396658499545061728e-04
5.800286126750653143e-04
5.234253352727674452e-04
4.698390665943325321e-04
4.192525705228036456e-04
3.716483305619587498e-04
3.270085543221672121e-04
2.853151779093289942e-04
2.465498702189082049e-04
2.106940371370979884e-04
1.777288256509677779e-04
1.476351278695851919e-04
1.203935849582495336e-04
9.598459098766862793e-05
7.438829670025019075e-05
5.558461319543733353e-05
3.955321553623553256e-05
2.627354627896389178e-05
1.572481892822602041e-05
7.886021319272289233e-06
2.735918929777193264e-06
2.530581231190891115e-07
4.157693252359582427e-07
3.202170137161373336e-06
8.590168385302135299e-06
1.655746511154338650e-05
2.708155750526548760e-05
4.013974177932028311e-05
5.570911599207395567e-05
7.376658281754265177e-05
9.428885226569022030e-05
1.172524443549323881e-04
1.426336917388876886e-04
1.704087422893725047e-04
2.005535616377443031e-04
2.330439356764601923e-04
2.678554730229692126e-04
3.049636074478446839e-04
3.443436002691275285e-04
3.859705427148805426e-04
4.298193582558045922e-04
4.758648049099445192e-04
5.240814775211626118e-04
5.744438100136599898e-04
6.269260776239776473e-04
6.815023991124507250e-04
7.381467389563502830e-04
7.968329095256952406e-04
8.575345732443584142e-04
9.202252447376270753e-04
9.848782929683616051e-04
1.051466943363187512e-03
1.119964279930599086e-03
1.190343247372394227e-03
1.262576653190653755e-03
1.336637169791051122e-03
1.412497336584897295e-03
1.490129562090848885e-03
1.569506126038531851e-03
1.650599181474635656e-03
1.733380756874163897e-03
1.817822758257110066e-03
1.903896971312976421e-03
1.991575063533944367e-03
2.080828586358471170e-03
2.171628977326208777e-03
2.263947562246317307e-03
2.357755557379588671e-03
2.453024071636358133e-03
2.549724108791163752e-03
2.647826569715374095e-03
2.747302254629092628e-03
2.848121865373351002e-03
2.950256007703847168e-03
3.053675193607206274e-03
3.158349843641140419e-03
3.264250289299130883e-03
3.371346775400899196e-03
3.479609462509659738e-03
3.589008429377047241e-03
3.699513675416787797e-03
3.811095123207554856e-03
3.923722621026577533e-03
4.037365945414232368e-03
4.151994803770817262e-03
4.267578836986053552e-03
4.384087622102018390e-03
4.501490675010622403e-03
4.619757453185843396e-03
4.738857358451518433e-03
4.858759739785543409e-03
4.979433896160672703e-03
5.100849079423014354e-03
5.222974497208064670e-03
5.345779315895481804e-03
5.469232663602492488e-03
5.593303633216981444e-03
5.717961285469674512e-03
5.843174652047324578e-03
5.968912738745506437e-03
6.095144528662976499e-03
6.221838985436221707e-03
6.348965056516446721e-03
6.476491676487059965e-03
6.604387770423555439e-03
6.732622257295341889e-03
6.861164053409081302e-03
6.989982075894926247e-03
7.119045246234783492e-03
7.248322493832274303e-03
7.377782759626257993e-03
7.507394999745358247e-03
7.637128189205741324e-03
7.766951325650734046e-03
7.896833433132431634e-03
8.026743565935724745e-03
8.156650812443801135e-03
8.286524299045174013e-03
8.416333194082890184e-03
8.546046711844241389e-03
8.675634116591500120e-03
8.805064726633700725e-03
8.934307918438424978e-03
9.063333130783612912e-03
9.192109868949074544e-03
9.320607708947098793e-03
9.448796301791687752e-03
9.576645377806702539e-03
9.704124750970731517e-03
9.831204323300360079e-03
9.957854089269461972e-03
1.008404414026535870e-02
1.020974466907958664e-02
1.033492597443462675e-02
1.045955846554450126e-02
1.058361266670890602e-02
1.070705922194083171e-02
1.082986889962601722e-02
1.095201259721375990e-02
1.107346134593902541e-02
1.119418631557410164e-02
1.131415881920939774e-02
1.143335031806271170e-02
1.155173242631572436e-02
1.166927691597717531e-02
1.178595572177152176e-02
1.190174094605254279e-02
1.201660486374009525e-02
1.213051992728042712e-02
1.224345877162751235e-02
1.235539421924561863e-02
1.246629928513092941e-02
1.257614718185292267e-02
1.268491132461179935e-02
1.279256533631315668e-02
1.289908305265840410e-02
1.300443852724791037e-02
1.310860603669863553e-02
1.321156008577260843e-02
1.331327541251583861e-02
1.341372699340743352e-02
1.351289004851631038e-02
1.361074004666418952e-02
1.370725271059523333e-02
1.380240402214910969e-02
1.389617022743735303e-02
1.398852784202090846e-02
1.407945365608859883e-02
1.416892473963404959e-02
1.425691844762956746e-02
1.434341242519743265e-02
1.442838461277471708e-02
1.451181325127150722e-02
1.459367688722181845e-02
1.467395437792338476e-02
1.475262489656777032e-02
1.482966793735669871e-02
1.490506332060526247e-02
1.497879119782846886e-02
1.505083205681174811e-02
1.512116672666161468e-02
1.518977638283698466e-02
1.525664255215855060e-02
1.532174711779430397e-02
1.538507232422034118e-02
1.544660078215543374e-02
1.550631547346759988e-02
1.556419975604945299e-02
1.562023736866451074e-02
1.567441243575847312e-02
1.572670947223698407e-02
1.577711338820686135e-02
1.582560949367943504e-02
1.587218350323378255e-02
1.591682154063975979e-02
1.595951014343734847e-02
1.600023626747185124e-02
1.603898729138211049e-02
1.607575102104184112e-02
1.611051569395070132e-02
1.614326998357422382e-02
1.617400300363059512e-02
1.620270431232278402e-02
1.622936391651490576e-02
1.625397227584956042e-02
1.627652030680590625e-02
1.629699938669615378e-02
1.631540135759918311e-02
1.633171853022852629e-02
1.634594368773511358e-02
1.635807008943998206e-02
1.636809147449886856e-02
1.637600206549362503e-02
1.638179657195159428e-02
1.638547019378912284e-02
1.638701862467846146e-02
1.638643805533674183e-02
1.638372517673487155e-02
1.637887718322416503e-02
1.637189177558024539e-02
1.636276716396205602e-02
1.635150207078315057e-02
1.633809573349657984e-02
1.632254790728806387e-02
1.630485886767858023e-02
1.628502941303390864e-02
1.626306086697905731e-02
1.623895508071662025e-02
1.621271443524771594e-02
1.618434184349233987e-02
1.615384075230977962e-02
1.612121514441645573e-02
1.608646954019934613e-02
1.604960899942366875e-02
1.601063912283438515e-02
1.596956605364843393e-02
1.592639647893732621e-02
1.588113763089836830e-02
1.583379728801279779e-02
1.578438377608986504e-02
1.573290596919517739e-02
1.567937329046268161e-02
1.562379571278630329e-02
1.556618375939469723e-02
1.550654850430250968e-02
1.544490157264137055e-02
1.538125514086522393e-02
1.531562193683214113e-02
1.524801523976093871e-02
1.517844888005788484e-02
1.510693723901734842e-02
1.503349524839176291e-02
1.495813838983178247e-02
1.488088269419336751e-02
1.480174474071230956e-02
1.472074165604611920e-02
1.463789111317903742e-02
1.455321133019248266e-02
1.446672106889781463e-02
1.437843963333176010e-02
1.428838686811280401e-02
1.419658315665748953e-02
1.410304941925739214e-02
1.400780711101385148e-02
1.391087821963083067e-02
1.381228526306480832e-02
1.371205128703160102e-02
1.361019986236894352e-02
1.350675508225325852e-02
1.340174155927201238e-02
1.329518442234973487e-02
1.318710931352708518e-02
1.307754238459292624e-02
1.296651029356916777e-02
1.285404020104738768e-02
1.274015976637639207e-02
1.262489714370244182e-02
1.250828097785884087e-02
1.239034040010714328e-02
1.227110502372883577e-02
1.215060493946607326e-02
1.202887071081378163e-02
1.190593336916130444e-02
1.178182440878313732e-02
1.165657578168036342e-02
1.153021989227185316e-02
1.140278959193481885e-02
1.127431817339543361e-02
1.114483936497011156e-02
1.101438732465653304e-02
1.088299663407517499e-02
1.075070229226223091e-02
1.061753970931239230e-02
1.048354469987507719e-02
1.034875347650003954e-02
1.021320264283759327e-02
1.007692918669023975e-02
9.939970472918285491e-03
9.802364236199135814e-03
9.664148573641275983e-03
9.525361937253992717e-03
9.386043126272149151e-03
9.246231279338797474e-03
9.105965866545053314e-03
8.965286681328468732e-03
8.824233832230653218e-03
8.682847734516352736e-03
8.541169101652588622e-03
8.399238936651282419e-03
8.257098523275970339e-03
8.114789417112263856e-03
7.972353436505192834e-03
7.829832653364119863e-03
7.687269383835735811e-03
7.544706178847939045e-03
7.402185814524449119e-03
7.259751282473498636e-03
7.117445779949947531e-03
6.975312699894707300e-03
6.833395620851021555e-03
6.691738296761090554e-03
6.550384646643214043e-03
6.409378744152691154e-03
6.268764807026778324e-03
6.128587186416990795e-03
5.988890356110432127e-03
5.849718901640884629e-03
5.711117509293384305e-03
5.573130955003805995e-03
5.435804093154527304e-03
5.299181845270622623e-03
5.163309188616229013e-03
5.028231144695811082e-03
4.893992767660385566e-03
4.760639132623370288e-03
4.628215323886798217e-03
4.496766423080938470e-03
4.366337497220119761e-03
4.236973586677257771e-03
4.108719693079381473e-03
3.981620767126874995e-03
3.855721696340477789e-03
3.731067292735958975e-03
3.607702280433167531e-03
3.485671283198519405e-03
3.365018811926447518e-03
3.245789252061882877e-03
3.128026850966818609e-03
3.011775705233608446e-03
2.897079747949224144e-03
2.783982735912455056e-03
2.672528236807838499e-03
2.562759616339766507e-03
2.454720025329052303e-03
2.348452386776766869e-03
2.243999382897347069e-03
2.141403442124944784e-03
2.040706726097084138e-03
1.941951116617536078e-03
1.845178202603704265e-03
1.750429267020818394e-03
1.657745273806998307e-03
1.567166854793178993e-03
1.478734296620503328e-03
1.392487527660258781e-03
1.308466104939000297e-03
1.226709201073175994e-03
1.147255591216807301e-03
1.070143640026475574e-03
9.954112886467727985e-04
9.230960417208224208e-04
8.532349544293317068e-04
7.858646195624184550e-04
7.210211546279764053e-04
6.587401890007621962e-04
5.990568511159498994e-04
5.420057557116580993e-04
4.876209911241253408e-04
4.359361066398518918e-04
3.869840999087547652e-04
3.407974044222216738e-04
2.974078770611609688e-04
