0.000000000000000000e+00
3.523834881278273268e-02
7.047669762556546535e-02
1.057150464383481842e-01
1.409533952511305976e-01
1.761917440639133303e-01
2.114300928766960630e-01
2.466684416894787957e-01
2.819067905022615284e-01
3.171451393150442333e-01
3.523834881278269937e-01
3.876218369406096986e-01
4.228601857533921260e-01
4.580985345661748309e-01
4.933368833789575914e-01
5.285752321917402963e-01
5.638135810045227236e-01
5.990519298173054841e-01
6.342902786300881335e-01
6.695286274428708939e-01
7.047669762556536543e-01
7.400053250684364148e-01
7.752436738812190642e-01
8.104820226940018246e-01
8.457203715067845851e-01
8.809587203195672345e-01
9.161970691323499949e-01
9.514354179451327553e-01
9.866737667579155158e-01
1.021912115570698276e+00
1.057150464383481037e+00
1.092388813196262909e+00
1.127627162009045669e+00
1.162865510821828430e+00
1.198103859634611190e+00
1.233342208447393951e+00
1.268580557260176711e+00
1.303818906072959471e+00
1.339057254885742232e+00
1.374295603698524770e+00
1.409533952511307531e+00
1.444772301324089625e+00
1.480010650136872385e+00
1.515248998949655146e+00
1.550487347762437906e+00
1.585725696575220667e+00
1.620964045388003427e+00
1.656202394200785966e+00
1.691440743013568726e+00
1.726679091826351486e+00
1.761917440639134247e+00
1.797155789451917007e+00
1.832394138264699768e+00
1.867632487077482528e+00
1.902870835890265067e+00
1.938109184703047827e+00
1.973347533515830587e+00
2.008585882328613348e+00
2.043824231141396108e+00
2.079062579954178869e+00
2.114300928766961629e+00
2.149539277579743501e+00
2.184777626392526262e+00
2.220015975205309022e+00
2.255254324018091783e+00
2.290492672830874543e+00
2.325731021643657304e+00
2.360969370456440064e+00
2.396207719269221936e+00
2.431446068082004697e+00
2.466684416894787457e+00
2.501922765707570218e+00
2.537161114520352978e+00
2.572399463333135738e+00
2.607637812145918499e+00
2.642876160958701259e+00
2.678114509771484020e+00
2.713352858584266780e+00
2.748591207397049541e+00
2.783829556209832301e+00
2.819067905022615061e+00
2.854306253835397378e+00
2.889544602648180138e+00
2.924782951460962899e+00
2.960021300273745659e+00
2.995259649086527975e+00
3.030497997899310736e+00
3.065736346712093496e+00
3.100974695524876257e+00
3.136213044337659017e+00
3.171451393150441778e+00
3.206689741963224538e+00
3.241928090776007299e+00
3.277166439588788727e+00
3.312404788401571487e+00
3.347643137214354248e+00
3.382881486027137008e+00
3.418119834839919768e+00
3.453358183652702529e+00
3.488596532465485289e+00
3.523834881278268050e+00
3.559073230091050366e+00
3.594311578903833126e+00
3.629549927716615887e+00
3.664788276529398647e+00
3.700026625342181408e+00
3.735264974154964168e+00
3.770503322967746929e+00
3.805741671780529689e+00
3.840980020593312450e+00
3.876218369406095210e+00
3.911456718218877970e+00
3.946695067031660731e+00
3.981933415844443491e+00
4.017171764657225808e+00
4.052410113470008568e+00
4.087648462282791328e+00
4.122886811095574089e+00
4.158125159908356849e+00
4.193363508721139610e+00
4.228601857533922370e+00
4.263840206346704242e+00
4.299078555159487003e+00
4.334316903972269763e+00
4.369555252785051636e+00
4.404793601597834396e+00
4.440031950410617156e+00
4.475270299223399917e+00
4.510508648036182677e+00
4.545746996848965438e+00
4.580985345661748198e+00
4.616223694474530959e+00
4.651462043287313719e+00
4.686700392100096479e+00
4.721938740912879240e+00
4.757177089725662000e+00
4.792415438538444761e+00
4.827653787351227521e+00
4.862892136164010282e+00
4.898130484976793042e+00
4.933368833789575802e+00
4.968607182602358563e+00
5.003845531415141323e+00
5.039083880227924084e+00
5.074322229040706844e+00
5.109560577853489605e+00
5.144798926666272365e+00
5.180037275479055126e+00
5.215275624291837886e+00
5.250513973104620646e+00
5.285752321917401630e+00
5.320990670730184391e+00
5.356229019542967151e+00
5.391467368355749912e+00
5.426705717168532672e+00
5.461944065981315433e+00
5.497182414794098193e+00
5.532420763606880953e+00
5.567659112419663714e+00
5.602897461232446474e+00
5.638135810045229235e+00
5.673374158858011995e+00
5.708612507670794756e+00
5.743850856483577516e+00
5.779089205296360277e+00
5.814327554109143037e+00
5.849565902921925797e+00
5.884804251734708558e+00
5.920042600547491318e+00
5.955280949360273191e+00
5.990519298173055951e+00
6.025757646985838711e+00
6.060995995798621472e+00
6.096234344611404232e+00
6.131472693424186993e+00
6.166711042236969753e+00
6.201949391049752514e+00
6.237187739862535274e+00
6.272426088675318034e+00
6.307664437488100795e+00
6.342902786300883555e+00
6.378141135113666316e+00
6.413379483926449076e+00
6.448617832739231837e+00
6.483856181552014597e+00
6.519094530364795581e+00
6.554332879177578342e+00
6.589571227990361102e+00
6.624809576803143862e+00
6.660047925615926623e+00
6.695286274428709383e+00
6.730524623241492144e+00
6.765762972054274904e+00
6.801001320867057665e+00
6.836239669679840425e+00
6.871478018492623185e+00
6.906716367305405946e+00
6.941954716118188706e+00
6.977193064930971467e+00
7.012431413743754227e+00
7.047669762556536988e+00
7.082908111369319748e+00
7.118146460182102508e+00
7.153384808994885269e+00
7.188623157807668029e+00
7.223861506620450790e+00
7.259099855433233550e+00
7.294338204246016311e+00
7.329576553058799071e+00
7.364814901871581831e+00
7.400053250684364592e+00
7.435291599497147352e+00
7.470529948309930113e+00
7.505768297122712873e+00
7.541006645935493857e+00
7.576244994748276618e+00
7.611483343561059378e+00
7.646721692373842139e+00
7.681960041186624899e+00
7.717198389999407659e+00
7.752436738812190420e+00
7.787675087624973180e+00
7.822913436437755941e+00
7.858151785250538701e+00
7.893390134063321462e+00
7.928628482876104222e+00
7.963866831688886982e+00
7.999105180501669743e+00
8.034343529314451615e+00
8.069581878127234376e+00
8.104820226940017136e+00
8.140058575752799896e+00
8.175296924565582657e+00
8.210535273378365417e+00
8.245773622191148178e+00
8.281011971003930938e+00
8.316250319816713699e+00
8.351488668629496459e+00
8.386727017442279219e+00
8.421965366255061980e+00
8.457203715067844740e+00
8.492442063880627501e+00
8.527680412693408485e+00
8.562918761506191245e+00
8.598157110318974006e+00
8.633395459131756766e+00
8.668633807944539527e+00
8.703872156757322287e+00
8.739110505570105047e+00
8.774348854382887808e+00
8.809587203195670568e+00
8.844825552008453329e+00
8.880063900821236089e+00
8.915302249634018850e+00
8.950540598446801610e+00
8.985778947259584370e+00
9.021017296072367131e+00
9.056255644885149891e+00
9.091493993697932652e+00
9.126732342510715412e+00
9.161970691323498173e+00
9.197209040136280933e+00
9.232447388949063694e+00
9.267685737761844678e+00
9.302924086574629214e+00
9.338162435387410198e+00
9.373400784200194735e+00
9.408639133012975719e+00
9.443877481825760256e+00
9.479115830638541240e+00
9.514354179451325777e+00
9.549592528264106761e+00
9.584830877076887745e+00
9.620069225889672282e+00
9.655307574702453266e+00
9.690545923515237803e+00
9.725784272328018787e+00
9.761022621140803324e+00
9.796260969953584308e+00
9.831499318766368845e+00
9.866737667579149829e+00
9.901976016391934365e+00
9.937214365204715349e+00
9.972452714017499886e+00
1.000769106283028087e+01
1.004292941164306541e+01
1.007816776045584639e+01
1.011340610926863093e+01
1.014864445808141191e+01
1.018388280689419645e+01
1.021912115570697743e+01
1.025435950451976197e+01
1.028959785333254295e+01
1.032483620214532749e+01
1.036007455095810847e+01
1.039531289977089301e+01
1.043055124858367400e+01
1.046578959739645853e+01
1.050102794620923952e+01
1.053626629502202050e+01
1.057150464383480504e+01
1.060674299264758602e+01
1.064198134146037056e+01
1.067721969027315154e+01
1.071245803908593608e+01
1.074769638789871706e+01
1.078293473671150160e+01
1.081817308552428258e+01
1.085341143433706712e+01
1.088864978314984810e+01
1.092388813196263264e+01
1.095912648077541363e+01
1.099436482958819816e+01
1.102960317840097915e+01
1.106484152721376368e+01
1.110007987602654467e+01
1.113531822483932920e+01
1.117055657365211019e+01
1.120579492246489473e+01
1.124103327127767571e+01
1.127627162009046025e+01
1.131150996890324123e+01
1.134674831771602399e+01
1.138198666652880675e+01
1.141722501534158951e+01
1.145246336415437227e+01
1.148770171296715503e+01
1.152294006177993779e+01
1.155817841059271878e+01
1.159341675940550331e+01
1.162865510821828607e+01
1.166389345703106883e+01
1.169913180584385159e+01
1.173437015465663436e+01
1.176960850346941712e+01
1.180484685228219988e+01
1.184008520109498264e+01
1.187532354990776540e+01
1.191056189872054638e+01
1.194580024753333092e+01
1.198103859634611190e+01
1.201627694515889644e+01
1.205151529397167742e+01
1.208675364278446018e+01
1.212199199159724294e+01
1.215723034041002570e+01
1.219246868922280846e+01
1.222770703803559122e+01
1.226294538684837399e+01
1.229818373566115675e+01
1.233342208447393951e+01
1.236866043328672227e+01
1.240389878209950503e+01
1.243913713091228779e+01
1.247437547972507055e+01
1.250961382853785153e+01
1.254485217735063607e+01
1.258009052616341705e+01
1.261532887497620159e+01
1.265056722378898257e+01
1.268580557260176711e+01
1.272104392141454809e+01
1.275628227022733263e+01
1.279152061904011362e+01
1.282675896785289815e+01
1.286199731666567914e+01
1.289723566547846367e+01
1.293247401429124466e+01
1.296771236310402919e+01
1.300295071191681018e+01
1.303818906072959116e+01
1.307342740954237570e+01
1.310866575835515668e+01
1.314390410716794122e+01
1.317914245598072220e+01
1.321438080479350674e+01
1.324961915360628772e+01
1.328485750241907226e+01
1.332009585123185325e+01
1.335533420004463778e+01
1.339057254885741877e+01
1.342581089767020330e+01
1.346104924648298429e+01
1.349628759529576882e+01
1.353152594410854981e+01
1.356676429292133435e+01
1.360200264173411533e+01
1.363724099054689987e+01
1.367247933935968085e+01
1.370771768817246539e+01
1.374295603698524637e+01
1.377819438579803091e+01
1.381343273461081189e+01
1.384867108342359643e+01
1.388390943223637741e+01
1.391914778104916195e+01
1.395438612986194293e+01
1.398962447867472747e+01
1.402486282748750845e+01
1.406010117630028944e+01
1.409533952511307398e+01
1.413057787392585496e+01
1.416581622273863950e+01
1.420105457155142048e+01
1.423629292036420502e+01
1.427153126917698600e+01
1.430676961798977054e+01
1.434200796680255152e+01
1.437724631561533606e+01
1.441248466442811704e+01
1.444772301324090158e+01
1.448296136205368256e+01
1.451819971086646710e+01
1.455343805967924808e+01
1.458867640849203262e+01
1.462391475730481361e+01
1.465915310611759814e+01
1.469439145493037913e+01
1.472962980374316366e+01
1.476486815255594465e+01
1.480010650136872918e+01
1.483534485018151017e+01
1.487058319899429470e+01
1.490582154780707569e+01
1.494105989661986023e+01
1.497629824543264121e+01
1.501153659424542575e+01
1.504677494305820673e+01
1.508201329187098771e+01
1.511725164068377225e+01
1.515248998949655324e+01
1.518772833830933777e+01
1.522296668712211876e+01
1.525820503593490329e+01
1.529344338474768428e+01
1.532868173356046881e+01
1.536392008237324980e+01
1.539915843118603433e+01
1.543439677999881532e+01
1.546963512881159986e+01
1.550487347762438084e+01
1.554011182643716538e+01
1.557535017524994636e+01
1.561058852406273090e+01
1.564582687287551188e+01
1.568106522168829464e+01
1.571630357050107740e+01
1.575154191931386016e+01
1.578678026812664292e+01
1.582201861693942568e+01
1.585725696575220844e+01
1.589249531456499120e+01
1.592773366337777396e+01
1.596297201219055673e+01
1.599821036100333949e+01
1.603344870981612402e+01
1.606868705862890323e+01
1.610392540744168599e+01
1.613916375625446875e+01
1.617440210506725151e+01
1.620964045388003427e+01
1.624487880269281703e+01
1.628011715150559979e+01
1.631535550031838255e+01
1.635059384913116531e+01
1.638583219794394807e+01
1.642107054675673083e+01
1.645630889556951360e+01
1.649154724438229636e+01
1.652678559319507912e+01
1.656202394200786188e+01
1.659726229082064464e+01
1.663250063963342740e+01
1.666773898844621016e+01
1.670297733725899292e+01
1.673821568607177568e+01
1.677345403488455844e+01
1.680869238369734120e+01
1.684393073251012396e+01
1.687916908132290672e+01
1.691440743013568948e+01
1.694964577894847224e+01
1.698488412776125500e+01
1.702012247657403776e+01
1.705536082538681697e+01
1.709059917419960328e+01
1.712583752301238249e+01
1.716107587182516880e+01
1.719631422063794801e+01
1.723155256945073432e+01
1.726679091826351353e+01
1.730202926707629985e+01
1.733726761588907905e+01
1.737250596470186537e+01
1.740774431351464457e+01
1.744298266232743089e+01
1.747822101114021009e+01
1.751345935995299641e+01
1.754869770876577562e+01
1.758393605757856193e+01
1.761917440639134114e+01
1.765441275520412745e+01
1.768965110401690666e+01
1.772488945282969297e+01
1.776012780164247218e+01
1.779536615045525849e+01
1.783060449926803770e+01
1.786584284808082046e+01
1.790108119689360322e+01
1.793631954570638598e+01
1.797155789451916874e+01
1.800679624333195150e+01
1.804203459214473426e+01
1.807727294095751702e+01
1.811251128977029978e+01
1.814774963858308254e+01
1.818298798739586530e+01
1.821822633620864806e+01
1.825346468502143082e+01
1.828870303383421358e+01
1.832394138264699635e+01
1.835917973145977911e+01
1.839441808027256187e+01
1.842965642908534463e+01
1.846489477789812739e+01
1.850013312671091015e+01
1.853537147552369291e+01
1.857060982433647567e+01
1.860584817314925843e+01
1.864108652196204119e+01
1.867632487077482395e+01
1.871156321958760671e+01
1.874680156840038947e+01
1.878203991721317223e+01
1.881727826602595499e+01
1.885251661483873775e+01
1.888775496365152051e+01
1.892299331246430327e+01
1.895823166127708603e+01
1.899347001008986524e+01
1.902870835890265155e+01
1.906394670771543076e+01
1.909918505652821352e+01
1.913442340534099628e+01
1.916966175415377904e+01
1.920490010296656180e+01
1.924013845177934456e+01
1.927537680059212732e+01
1.931061514940491008e+01
1.934585349821769285e+01
1.938109184703047561e+01
1.941633019584325837e+01
1.945156854465604113e+01
1.948680689346882389e+01
1.952204524228160665e+01
1.955728359109438941e+01
1.959252193990717217e+01
1.962776028871995493e+01
1.966299863753273769e+01
1.969823698634552045e+01
1.973347533515830321e+01
1.976871368397108597e+01
1.980395203278386873e+01
1.983919038159665149e+01
1.987442873040943425e+01
1.990966707922221701e+01
1.994490542803499977e+01
1.998014377684778253e+01
2.001538212566056529e+01
2.005062047447334805e+01
2.008585882328613081e+01
2.012109717209891002e+01
2.015633552091169634e+01
2.019157386972447554e+01
2.022681221853726186e+01
2.026205056735004106e+01
2.029728891616282738e+01
2.033252726497560658e+01
2.036776561378839290e+01
2.040300396260117211e+01
2.043824231141395842e+01
2.047348066022673763e+01
2.050871900903952394e+01
2.054395735785230315e+01
2.057919570666508946e+01
2.061443405547786867e+01
2.064967240429065498e+01
2.068491075310343419e+01
2.072014910191622050e+01
2.075538745072899971e+01
2.079062579954178602e+01
2.082586414835456523e+01
2.086110249716735154e+01
2.089634084598013430e+01
2.093157919479291706e+01
2.096681754360569627e+01
2.100205589241848259e+01
2.103729424123126535e+01
2.107253259004404811e+01
2.110777093885682731e+01
2.114300928766961007e+01
2.117824763648239639e+01
2.121348598529517915e+01
2.124872433410795836e+01
2.128396268292074112e+01
2.131920103173352743e+01
2.135443938054631019e+01
2.138967772935908940e+01
2.142491607817187216e+01
2.146015442698465847e+01
2.149539277579744123e+01
2.153063112461022044e+01
2.156586947342300320e+01
2.160110782223578951e+01
2.163634617104856872e+01
2.167158451986135148e+01
2.170682286867413424e+01
2.174206121748692055e+01
2.177729956629969976e+01
2.181253791511248252e+01
2.184777626392526528e+01
2.188301461273805160e+01
2.191825296155083080e+01
2.195349131036361356e+01
2.198872965917639632e+01
2.202396800798918264e+01
2.205920635680196185e+01
2.209444470561474461e+01
2.212968305442752737e+01
2.216492140324030657e+01
2.220015975205309289e+01
2.223539810086587565e+01
2.227063644967865841e+01
2.230587479849143762e+01
2.234111314730422393e+01
2.237635149611700669e+01
2.241158984492978945e+01
2.244682819374256866e+01
2.248206654255535497e+01
2.251730489136813773e+01
2.255254324018092049e+01
2.258778158899369970e+01
2.262301993780648601e+01
2.265825828661926877e+01
2.269349663543204798e+01
2.272873498424483074e+01
2.276397333305761705e+01
2.279921168187039981e+01
2.283445003068317902e+01
2.286968837949596178e+01
2.290492672830874810e+01
2.294016507712153086e+01
2.297540342593431006e+01
2.301064177474709282e+01
2.304588012355987914e+01
2.308111847237266190e+01
2.311635682118544111e+01
2.315159516999822387e+01
2.318683351881100663e+01
2.322207186762379294e+01
2.325731021643657215e+01
2.329254856524935136e+01
2.332778691406213767e+01
2.336302526287492043e+01
2.339826361168770319e+01
2.343350196050048240e+01
2.346874030931326871e+01
2.350397865812605147e+01
2.353921700693883423e+01
2.357445535575161344e+01
2.360969370456439975e+01
2.364493205337718251e+01
2.368017040218996527e+01
2.371540875100274448e+01
2.375064709981553079e+01
2.378588544862831355e+01
2.382112379744109276e+01
2.385636214625387552e+01
2.389160049506666184e+01
2.392683884387944460e+01
2.396207719269222380e+01
2.399731554150500656e+01
2.403255389031779288e+01
2.406779223913057564e+01
2.410303058794335485e+01
2.413826893675613761e+01
2.417350728556892037e+01
2.420874563438170668e+01
2.424398398319448589e+01
2.427922233200726865e+01
2.431446068082005141e+01
2.434969902963283772e+01
2.438493737844561693e+01
2.442017572725839969e+01
2.445541407607118245e+01
2.449065242488396876e+01
2.452589077369674797e+01
2.456112912250953073e+01
2.459636747132231349e+01
2.463160582013509980e+01
2.466684416894787901e+01
2.470208251776066177e+01
2.473732086657344453e+01
2.477255921538623085e+01
2.480779756419901005e+01
2.484303591301179281e+01
2.487827426182457558e+01
2.491351261063736189e+01
2.494875095945014110e+01
2.498398930826292386e+01
2.501922765707570306e+01
2.505446600588849293e+01
2.508970435470127214e+01
2.512494270351405490e+01
2.516018105232683411e+01
2.519541940113961687e+01
2.523065774995240318e+01
2.526589609876518594e+01
2.530113444757796515e+01
2.533637279639074791e+01
2.537161114520353422e+01
2.540684949401631698e+01
2.544208784282909619e+01
2.547732619164187895e+01
2.551256454045466526e+01
2.554780288926744802e+01
2.558304123808022723e+01
2.561827958689300999e+01
2.565351793570579630e+01
2.568875628451857906e+01
2.572399463333135827e+01
2.575923298214414103e+01
2.579447133095692735e+01
2.582970967976971011e+01
2.586494802858248931e+01
2.590018637739527207e+01
2.593542472620805839e+01
2.597066307502084115e+01
2.600590142383362036e+01
2.604113977264640312e+01
2.607637812145918232e+01
2.611161647027197219e+01
2.614685481908475140e+01
2.618209316789753416e+01
2.621733151671031337e+01
2.625256986552310323e+01
2.628780821433588244e+01
2.632304656314866520e+01
2.635828491196144441e+01
2.639352326077423427e+01
2.642876160958701348e+01
2.646399995839979624e+01
2.649923830721257545e+01
2.653447665602536176e+01
2.656971500483814452e+01
2.660495335365092728e+01
2.664019170246370649e+01
2.667543005127649280e+01
2.671066840008927556e+01
2.674590674890205833e+01
2.678114509771483753e+01
2.681638344652762385e+01
2.685162179534040661e+01
2.688686014415318937e+01
2.692209849296596857e+01
2.695733684177875489e+01
2.699257519059153765e+01
2.702781353940432041e+01
2.706305188821709962e+01
2.709829023702988238e+01
2.713352858584266869e+01
2.716876693465545145e+01
2.720400528346823066e+01
2.723924363228101342e+01
2.727448198109379973e+01
2.730972032990658249e+01
2.734495867871936170e+01
2.738019702753214446e+01
2.741543537634493077e+01
2.745067372515771353e+01
2.748591207397049274e+01
2.752115042278327550e+01
2.755638877159606182e+01
2.759162712040884102e+01
2.762686546922162378e+01
2.766210381803440654e+01
2.769734216684719286e+01
2.773258051565997206e+01
2.776781886447275483e+01
2.780305721328553759e+01
2.783829556209832390e+01
2.787353391091110311e+01
2.790877225972388587e+01
2.794401060853666863e+01
2.797924895734945494e+01
2.801448730616223415e+01
2.804972565497501691e+01
2.808496400378779967e+01
2.812020235260057888e+01
2.815544070141336519e+01
2.819067905022614795e+01
2.822591739903893071e+01
2.826115574785170992e+01
2.829639409666449623e+01
2.833163244547727899e+01
2.836687079429006175e+01
2.840210914310284096e+01
2.843734749191562727e+01
2.847258584072841003e+01
2.850782418954119279e+01
2.854306253835397200e+01
2.857830088716675832e+01
2.861353923597954108e+01
2.864877758479232384e+01
2.868401593360510304e+01
2.871925428241788936e+01
2.875449263123067212e+01
2.878973098004345132e+01
2.882496932885623409e+01
2.886020767766902040e+01
2.889544602648180316e+01
2.893068437529458237e+01
2.896592272410736513e+01
2.900116107292015144e+01
2.903639942173293420e+01
2.907163777054571341e+01
2.910687611935849617e+01
2.914211446817127893e+01
2.917735281698406524e+01
2.921259116579684445e+01
2.924782951460962721e+01
2.928306786342240997e+01
2.931830621223519628e+01
2.935354456104797549e+01
2.938878290986075825e+01
2.942402125867354101e+01
2.945925960748632733e+01
2.949449795629910653e+01
2.952973630511188929e+01
2.956497465392467205e+01
2.960021300273745837e+01
2.963545135155023758e+01
2.967068970036302034e+01
2.970592804917580310e+01
2.974116639798858941e+01
2.977640474680136862e+01
2.981164309561415138e+01
2.984688144442693059e+01
2.988211979323972045e+01
2.991735814205249966e+01
2.995259649086528242e+01
2.998783483967806163e+01
3.002307318849085149e+01
3.005831153730363070e+01
3.009354988611641346e+01
3.012878823492919267e+01
3.016402658374197543e+01
3.019926493255476174e+01
3.023450328136754450e+01
3.026974163018032371e+01
3.030497997899310647e+01
3.034021832780589278e+01
3.037545667661867554e+01
3.041069502543145475e+01
3.044593337424423751e+01
3.048117172305702383e+01
3.051641007186980659e+01
3.055164842068258579e+01
3.058688676949536855e+01
3.062212511830815487e+01
3.065736346712093763e+01
3.069260181593371684e+01
3.072784016474649960e+01
3.076307851355928591e+01
3.079831686237206867e+01
3.083355521118484788e+01
3.086879355999763064e+01
3.090403190881041695e+01
3.093927025762319971e+01
3.097450860643597892e+01
3.100974695524876168e+01
3.104498530406154799e+01
3.108022365287433075e+01
3.111546200168710996e+01
3.115070035049989272e+01
3.118593869931267193e+01
3.122117704812546179e+01
3.125641539693824100e+01
3.129165374575102376e+01
3.132689209456380297e+01
3.136213044337658928e+01
3.139736879218937204e+01
3.143260714100215480e+01
3.146784548981493401e+01
3.150308383862772033e+01
3.153832218744050309e+01
3.157356053625328585e+01
3.160879888506606505e+01
3.164403723387885137e+01
3.167927558269163413e+01
3.171451393150441689e+01
3.174975228031719610e+01
3.178499062912998241e+01
3.182022897794276517e+01
3.185546732675554793e+01
3.189070567556832714e+01
3.192594402438111345e+01
3.196118237319389621e+01
3.199642072200667897e+01
3.203165907081945818e+01
3.206689741963224805e+01
3.210213576844502370e+01
3.213737411725780646e+01
3.217261246607058922e+01
3.220785081488337198e+01
3.224308916369615474e+01
3.227832751250893750e+01
3.231356586132172026e+01
3.234880421013450302e+01
3.238404255894728578e+01
3.241928090776006854e+01
3.245451925657285130e+01
3.248975760538563406e+01
3.252499595419841683e+01
3.256023430301119959e+01
3.259547265182398235e+01
3.263071100063676511e+01
3.266594934944954787e+01
3.270118769826233063e+01
3.273642604707511339e+01
3.277166439588789615e+01
3.280690274470067891e+01
3.284214109351346167e+01
3.287737944232624443e+01
3.291261779113902719e+01
3.294785613995180995e+01
3.298309448876459271e+01
3.301833283757737547e+01
3.305357118639015823e+01
3.308880953520294099e+01
3.312404788401572375e+01
3.315928623282850651e+01
3.319452458164128927e+01
3.322976293045407203e+01
3.326500127926685479e+01
3.330023962807963755e+01
3.333547797689242032e+01
3.337071632570520308e+01
3.340595467451798584e+01
3.344119302333076860e+01
3.347643137214355136e+01
3.351166972095633412e+01
3.354690806976911688e+01
3.358214641858189964e+01
3.361738476739468240e+01
3.365262311620746516e+01
3.368786146502024792e+01
3.372309981383303068e+01
3.375833816264581344e+01
3.379357651145859620e+01
3.382881486027137896e+01
3.386405320908416172e+01
3.389929155789694448e+01
3.393452990670972724e+01
3.396976825552251000e+01
3.400500660433529276e+01
3.404024495314807552e+01
3.407548330196085828e+01
3.411072165077363394e+01
3.414595999958642381e+01
3.418119834839920657e+01
3.421643669721198222e+01
3.425167504602476498e+01
3.428691339483755485e+01
3.432215174365033761e+01
3.435739009246311326e+01
3.439262844127589602e+01
3.442786679008868589e+01
3.446310513890146865e+01
3.449834348771424430e+01
3.453358183652702706e+01
3.456882018533981693e+01
3.460405853415259969e+01
3.463929688296537535e+01
3.467453523177815811e+01
3.470977358059094797e+01
3.474501192940373073e+01
3.478025027821650639e+01
3.481548862702928915e+01
3.485072697584207901e+01
3.488596532465486177e+01
3.492120367346763743e+01
3.495644202228042019e+01
3.499168037109321006e+01
3.502691871990599282e+01
3.506215706871876847e+01
3.509739541753155123e+01
3.513263376634433399e+01
3.516787211515712386e+01
3.520311046396989951e+01
