0.000000000000000000e+00
9.514354179451327553e-01
1.902870835890265067e+00
2.854306253835397378e+00
3.805741671780529689e+00
4.757177089725663777e+00
5.708612507670795644e+00
6.660047925615928399e+00
7.611483343561060266e+00
8.562918761506193022e+00
9.514354179451325777e+00
1.046578959739645853e+01
1.141722501534158951e+01
1.236866043328672404e+01
1.332009585123185680e+01
1.427153126917698955e+01
1.522296668712212053e+01
1.617440210506725506e+01
1.712583752301238604e+01
1.807727294095751702e+01
1.902870835890265155e+01
1.998014377684778253e+01
2.093157919479291706e+01
2.188301461273805160e+01
2.283445003068317902e+01
2.378588544862831355e+01
2.473732086657344453e+01
2.568875628451857906e+01
2.664019170246370649e+01
2.759162712040884102e+01
2.854306253835397200e+01
2.949449795629910653e+01
3.044593337424423751e+01
3.139736879218937204e+01
3.234880421013450302e+01
3.330023962807963755e+01
3.425167504602476498e+01
3.520311046396989951e+01
