0.000000000000000000e+00
5.080859908360353151e-05
2.030483984479539367e-04
4.563654554866537912e-04
8.103062650763755669e-04
1.264318308598603655e-03
1.817750713388102636e-03
2.469855021757620846e-03
3.219786068613064971e-03
4.066602966534682909e-03
5.009270197064694119e-03
6.046658806809972024e-03
7.177547706834055963e-03
8.400625073684477029e-03
9.714489850277946772e-03
1.111765334473235889e-02
1.260854092512237075e-02
1.418549380801210208e-02
1.584677093849690827e-02
1.759055095938502622e-02
1.941493426702894931e-02
2.131794515121599592e-02
2.329753401642221597e-02
2.535157968163816861e-02
2.747789175587299348e-02
2.967421308636383412e-02
3.193822227641501116e-02
3.426753626972295352e-02
3.665971299795605515e-02
3.911225408828591238e-02
4.162260762749944720e-02
4.418817097925211573e-02
4.680629365096808381e-02
4.947428020683208860e-02
5.218939322326866109e-02
5.494885628326087040e-02
5.774985700581788256e-02
6.058955010686933873e-02
6.346506048781892784e-02
6.637348634799199176e-02
6.931190231715625427e-02
7.227736260431566473e-02
7.526690415893311226e-02
7.827754984076058797e-02
8.130631159444078049e-02
8.435019362504639351e-02
8.740619557075068879e-02
9.047131566881685960e-02
9.354255391113627804e-02
9.661691518554024749e-02
9.969141239919428188e-02
1.027630695803385119e-01
1.058289249547735428e-01
1.088860339934470817e-01
1.119314724276126577e-01
1.149623392280508249e-01
1.179757595449083679e-01
1.209688876047841921e-01
1.239389095617448866e-01
1.268830462990517549e-01
1.297985561783994435e-01
1.326827377336227964e-01
1.355329323058562241e-01
1.383465266172390074e-01
1.411209552803416589e-01
1.438537032406019267e-01
1.465423081491363522e-01
1.491843626634024311e-01
1.517775166733064951e-01
1.543194794504160750e-01
1.568080217181099800e-01
1.592409776405412369e-01
1.616162467284686655e-01
1.639317956600771231e-01
1.661856600150585506e-01
1.683759459203350295e-01
1.705008316059157814e-01
1.725585688695447373e-01
1.745474844488669464e-01
1.764659812999888611e-01
1.783125397814876723e-01
1.800857187429432682e-01
1.817841565172950147e-01
1.834065718164195335e-01
1.849517645294289359e-01
1.864186164233642973e-01
1.878060917460478707e-01
1.891132377310263402e-01
1.903391850046086686e-01
1.914831478952051524e-01
1.925444246452206465e-01
1.935223975259529050e-01
1.944165328560041595e-01
1.952263809238969083e-01
1.959515758156510912e-01
1.965918351482663640e-01
1.971469597100751481e-01
1.976168330091412073e-01
1.980014207309500063e-01
1.983007701067199813e-01
1.985150091938297501e-01
1.986443460699215957e-01
1.986890679423393147e-01
1.986495401746992961e-01
1.985262052324344162e-01
1.983195815492874992e-01
1.980302623168012921e-01
1.976589141989192888e-01
1.972062759739519611e-01
1.966731571061589023e-01
1.960604362493613695e-01
1.953690596849815553e-01
1.946000396970389013e-01
1.937544528866873006e-01
1.928334384288854231e-01
1.918381962739002800e-01
1.907699852963972709e-01
1.896301213948626829e-01
1.884199755441785251e-01
1.871409718042588155e-01
1.857945852875655668e-01
1.843823400884810060e-01
1.829058071774459782e-01
1.813666022628552810e-01
1.797663836236600698e-01
1.781068499156875373e-01
1.763897379546814914e-01
1.746168204790267409e-01
1.727899038952074862e-01
1.709108260089400311e-01
1.689814537450015919e-01
1.670036808586940202e-01
1.649794256419037652e-01
1.629106286266802928e-01
1.607992502892253983e-01
1.586472687571822693e-01
1.564566775230225582e-01
1.542294831663544030e-01
1.519677030879028889e-01
1.496733632578534368e-01
1.473484959812296491e-01
1.449951376829202443e-01
1.426153267148828618e-01
1.402111011880423086e-01
1.377844968312939011e-01
1.353375448800026304e-01
1.328722699962695541e-01
1.303906882232098996e-01
1.278948049754195515e-01
1.253866130676637991e-01
1.228680907838478886e-01
1.203411999881656147e-01
1.178078842802758042e-01
1.152700671962745560e-01
1.127296504571560914e-01
1.101885122663210231e-01
1.076485056576882843e-01
1.051114568957795536e-01
1.025791639291364632e-01
1.000533948983158977e-01
9.753588669957632962e-02
9.502834360535135361e-02
9.253243594245837145e-02
9.004979882891549214e-02
8.758203097014480298e-02
8.513069351526585116e-02
8.269730897406658843e-02
8.028336019514817345e-02
7.789028940567992165e-02
7.551949731306931146e-02
7.317234226878760461e-02
7.085013949449493753e-02
6.855416037052507183e-02
6.628563178669308331e-02
6.404573555531205276e-02
6.183560788622068788e-02
5.965633892353424533e-02
5.750897234376332184e-02
5.539450501483526856e-02
5.331388671552706598e-02
5.126801991468273034e-02
4.925775960956055993e-02
4.728391322256466495e-02
4.534724055553202710e-02
4.344845380072379082e-02
4.158821760754902869e-02
3.976714920402217579e-02
3.798581857188810390e-02
3.624474867428751496e-02
3.454441573478054389e-02
3.288524956649360731e-02
3.126763395011158270e-02
2.969190705937824540e-02
2.815836193274362173e-02
2.666724698972281968e-02
2.521876659053188391e-02
2.381308163749784601e-02
2.245031021672606528e-02
2.113052827846970821e-02
1.985377035462348658e-02
1.862003031173264933e-02
1.742926213789398535e-02
1.628138076190625838e-02
1.517626290300895867e-02
1.411374794952404213e-02
1.309363886474302838e-02
1.211570311833513880e-02
1.117967364160824678e-02
1.028524980490875575e-02
9.432098415466824010e-03
8.619854733991324028e-03
7.848123508328499337e-03
7.116480022499621638e-03
6.424471159444979096e-03
5.771616475826208542e-03
5.157409287231714060e-03
4.581317762170913736e-03
4.042786023243494405e-03
3.541235253907178051e-03
3.076064809276810811e-03
2.646653329426107166e-03
2.252359853681082207e-03
1.892524934429507975e-03
1.566471748997881348e-03
1.273507208183703677e-03
1.012923060060659996e-03
7.839969877139792024e-04
5.859936995972325063e-04
4.181660112410008406e-04
2.797559170840522745e-04
1.699956512360759585e-04
8.810873602481720211e-05
3.331101722078257994e-05
4.811684877058653763e-06
1.814278765572104566e-06
2.351767743475069591e-05
6.911706996003592906e-05
1.378049095029587558e-04
2.287718478414696205e-04
3.412076500795003771e-04
4.743020887915180969e-04
6.272458169019345681e-04
7.992312186502200733e-04
9.894532380333713895e-04
1.197110184169298446e-03
1.421404513067541604e-03
1.661543585341168682e-03
1.916740399440176141e-03
2.186214300027867694e-03
2.469191661174350867e-03
2.764906544077380506e-03
3.072601329069425246e-03
3.391527321710407963e-03
3.720945332812166956e-03
4.060126232274790387e-03
4.408351476663872892e-03
4.764913610491481981e-03
5.129116741206895744e-03
5.500276987936895609e-03
5.877722904057478340e-03
6.260795873709115028e-03
6.648850482410011663e-03
7.041254861946922954e-03
7.437391009760070150e-03
7.836655083073821790e-03
8.238457668047210677e-03
8.642224024256473999e-03
9.047394304835970971e-03
9.453423752649290843e-03
9.859782872870169468e-03
1.026595758238810392e-02
1.067144933646997987e-02
1.107577523313312690e-02
1.147846809570642231e-02
1.187907653407399740e-02
1.227716498510860420e-02
1.267231373282985858e-02
1.306411890882353335e-02
1.345219247348420147e-02
1.383616217864427553e-02
1.421567151217838741e-02
1.459037962516214482e-02
1.495996124219670965e-02
1.532410655549575756e-02
1.568252110335308785e-02
1.603492563360968404e-02
1.638105595273900081e-02
1.672066276117796513e-02
1.705351147552990401e-02
1.737938203827199893e-02
1.769806871558630285e-02
1.800937988395169553e-02
1.831313780610822201e-02
1.860917839703163379e-02
1.889735098051926673e-02
1.917751803700967067e-02
1.944955494324473316e-02
1.971334970435873954e-02
1.996880267901249631e-02
2.021582629813547041e-02
2.045434477786164593e-02
2.068429382722821591e-02
2.090562035118859879e-02
2.111828214948909682e-02
2.132224761194662435e-02
2.151749541064439455e-02
2.170401418956363626e-02
2.188180225215187805e-02
2.205086724730213193e-02
2.221122585423361204e-02
2.236290346671469809e-02
2.250593387708666945e-02
2.264035896051410507e-02
2.276622835987932372e-02
2.288359917171522637e-02
2.299253563358338859e-02
2.309310881324204770e-02
2.318539629998646323e-02
2.326948189848428508e-02
2.334545532544537311e-02
2.341341190942855185e-02
2.347345229408913728e-02
2.352568214513960088e-02
2.357021186129892171e-02
2.360715628947135380e-02
2.363663444439961098e-02
2.365876923300690507e-02
2.367368718363885988e-02
2.368151818039196735e-02
2.368239520271410090e-02
2.367645407043164618e-02
2.366383319436123067e-02
2.364467333263743989e-02
2.361911735287929373e-02
2.358731000030774017e-02
2.354939767191239694e-02
2.350552819674525326e-02
2.345585062242111496e-02
2.340051500788484576e-02
2.333967222248689924e-02
2.327347375141765665e-02
2.320207150751250197e-02
2.312561764945835277e-02
2.304426440640263557e-02
2.295816390895498785e-02
2.286746802658489244e-02
2.277232821137294139e-02
2.267289534810746493e-02
2.256931961066985584e-02
2.246175032467465429e-02
2.235033583630239781e-02
2.223522338726886816e-02
2.211655899586379911e-02
2.199448734398081959e-02
2.186915167006165880e-02
2.174069366786719401e-02
2.160925339098717160e-02
2.147496916298797034e-02
2.133797749310259451e-02
2.119841299735514967e-02
2.105640832501123189e-02
2.091209409024427299e-02
2.076559880889763954e-02
2.061704884023196627e-02
2.046656833352434104e-02
2.031427917941108774e-02
2.016030096583613582e-02
2.000475093848303257e-02
1.984774396556325191e-02
1.968939250682623029e-02
1.952980658666726363e-02
1.936909377119635720e-02
1.920735914913496850e-02
1.904470531641727984e-02
1.888123236435168897e-02
1.871703787122452889e-02
1.855221689719975184e-02
1.838686198239994005e-02
1.822106314801932511e-02
1.805490790036563126e-02
1.788848123767451670e-02
1.772186565959192953e-02
1.755514117919289296e-02
1.738838533740588027e-02
1.722167321973539639e-02
1.705507747515010164e-02
1.688866833702463294e-02
1.672251364602553997e-02
1.655667887481315076e-02
1.639122715446232614e-02
1.622621930248500932e-02
1.606171385235550045e-02
1.589776708442456471e-02
1.573443305813037804e-02
1.557176364540510151e-02
1.540980856517578344e-02
1.524861541887813192e-02
1.508822972687481195e-02
1.492869496571198884e-02
1.477005260610953982e-02
1.461234215161410881e-02
1.445560117783320497e-02
1.429986537216977431e-02
1.414516857398876760e-02
1.399154281514032074e-02
1.383901836077271359e-02
1.368762375037192724e-02
1.353738583895667397e-02
1.338832983837893835e-02
1.324047935866645015e-02
1.309385644935175640e-02
1.294848164073762048e-02
1.280437398504866674e-02
1.266155109742093769e-02
1.252002919668413275e-02
1.237982314589512051e-02
1.224094649258562241e-02
1.210341150867665083e-02
1.196722923003690382e-02
1.183240949564082906e-02
1.169896098630513956e-02
1.156689126296295798e-02
1.143620680446435361e-02
1.130691304485772868e-02
1.117901441015431603e-02
1.105251435452946941e-02
1.092741539596067679e-02
1.080371915127339814e-02
1.068142637058371210e-02
1.056053697112450257e-02
1.044105007043711307e-02
1.032296401892408670e-02
1.020627643175002312e-02
1.009098422008035921e-02
9.977083621656444509e-03
9.864570230695290584e-03
9.753439027116762861e-03
9.643684405085419659e-03
9.535300200876407548e-03
9.428279720054871110e-03
9.322615763973073413e-03
9.218300655586451897e-03
9.115326264590032160e-03
9.013684031875229125e-03
8.913364993316900964e-03
8.814359802887323375e-03
8.716658755107452652e-03
8.620251806840020792e-03
8.525128598429569660e-03
8.431278474196361380e-03
8.338690502293530718e-03
8.247353493933439958e-03
8.157256021990541214e-03
8.068386438996976232e-03
7.980732894525536039e-03
7.894283351986686528e-03
7.809025604834798386e-03
7.724947292204998282e-03
7.642035913982448900e-03
7.560278845320036328e-03
7.479663350613167082e-03
7.400176596941703162e-03
7.321805666992911230e-03
7.244537571475674620e-03
7.168359261033351200e-03
7.093257637672295557e-03
7.019219565716377542e-03
6.946231882293144554e-03
6.874281407373058345e-03
6.803354953361939912e-03
6.733439334269367312e-03
6.664521374453852981e-03
6.596587916965038732e-03
6.529625831486623316e-03
6.463622021897172040e-03
6.398563433456597345e-03
6.334437059628912105e-03
6.271229948554631235e-03
6.208929209180895879e-03
6.147522017061065117e-03
6.086995619834664924e-03
6.027337342396756580e-03
5.968534591767023570e-03
5.910574861669697436e-03
5.853445736832290150e-03
5.797134897014381838e-03
5.741630120774120043e-03
5.686919288984113030e-03
5.632990388101353184e-03
5.579831513207333775e-03
5.527430870816846427e-03
5.475776781475199563e-03
5.424857682142179491e-03
5.374662128377049111e-03
5.325178796331101611e-03
5.276396484553001927e-03
5.228304115616826467e-03
5.180890737581499844e-03
5.134145525283385046e-03
5.088057781474194380e-03
5.042616937809518175e-03
4.997812555692372240e-03
4.953634326980084664e-03
4.910072074561249236e-03
4.867115752806135988e-03
4.824755447899935039e-03
4.782981378059611779e-03
4.741783893645884138e-03
4.701153477169575136e-03
4.661080743201013489e-03
4.621556438187805239e-03
4.582571440182546356e-03
4.544116758488530618e-03
4.506183533224909950e-03
4.468763034818900096e-03
4.431846663425689954e-03
4.395425948282691633e-03
4.359492547000797490e-03
4.324038244795980895e-03
4.289054953666391994e-03
4.254534711516468927e-03
4.220469681233456061e-03
4.186852149716552111e-03
4.153674526865477022e-03
4.120929344528488809e-03
4.088609255413593914e-03
4.056707031966091774e-03
4.025215565215015806e-03
3.994127863589888930e-03
3.963437051711741869e-03
3.933136369159101128e-03
3.903219169212900942e-03
3.873678917580994883e-03
3.844509191104586009e-03
3.815703676448831561e-03
3.787256168780297593e-03
3.759160570429891796e-03
3.731410889547195128e-03
3.704001238744498731e-03
3.676925833733822157e-03
3.650178991957524384e-03
3.623755131214385049e-03
3.597648768281690602e-03
3.571854517536038071e-03
3.546367089572599260e-03
3.521181289824269582e-03
3.496292017182223329e-03
3.471694262619849907e-03
3.447383107817343639e-03
3.423353723792531625e-03
3.399601369536296019e-03
3.376121390652256360e-03
3.352909218004939892e-03
3.329960366374028202e-03
3.307270433116133411e-03
3.284835096836607148e-03
3.262650116068841789e-03
3.240711327963910655e-03
3.219014646990545851e-03
3.197556063646077393e-03
3.176331643176583293e-03
3.155337524311844621e-03
3.134569918008920861e-03
3.114025106210507269e-03
3.093699440613651569e-03
3.073589341454018974e-03
3.053691296300779789e-03
3.034001858866622499e-03
3.014517647830635468e-03
2.995235345675034341e-03
2.976151697536993674e-03
2.957263510073089574e-03
2.938567650339291969e-03
2.920061044684771345e-03
2.901740677660948065e-03
2.883603590944716979e-03
2.865646882276223339e-03
2.847867704411932450e-03
2.830263264093139681e-03
2.812830821027163461e-03
2.795567686886085007e-03
2.778471224318694068e-03
2.761538845977942226e-03
2.744768013563033803e-03
2.728156236876541629e-03
2.711701072896127891e-03
2.695400124861573043e-03
2.679251041374838133e-03
2.663251515517638720e-03
2.647399283980509613e-03
2.631692126208123525e-03
2.616127863558654915e-03
2.600704358477162574e-03
2.585419513682805752e-03
2.570271271371390477e-03
2.555257612430278814e-03
2.540376555668160796e-03
2.525626157057978168e-03
2.511004508993660428e-03
2.496509739560247732e-03
2.482140011817515150e-03
2.467893523095427300e-03
2.453768504305012515e-03
2.439763219259548192e-03
2.425875964010488269e-03
2.412105066194251361e-03
2.398448884392558392e-03
2.384905807504500430e-03
2.371474254130619911e-03
2.358152671969254623e-03
2.344939537224206838e-03
2.331833354024357308e-03
2.318832653854169430e-03
2.305935994996407591e-03
2.293141961984545684e-03
2.280449165067568919e-03
2.267856239684249396e-03
2.255361845948861740e-03
2.242964668147150956e-03
2.230663414242168695e-03
2.218456815390683085e-03
2.206343625468995973e-03
2.194322620609213612e-03
2.182392598744406064e-03
2.170552379163639359e-03
2.158800802076185632e-03
2.147136728184402977e-03
2.135559038266580424e-03
2.124066632767407890e-03
2.112658431397980170e-03
2.101333372743602844e-03
2.090090413880483881e-03
2.078928529999909264e-03
2.067846714041363717e-03
2.056843976332545666e-03
2.045919344237885802e-03
2.035071861813584314e-03
2.024300589471911965e-03
2.013604603650208380e-03
2.002982996489891844e-03
1.992434875519498005e-03
1.981959363347107761e-03
1.971555597357907766e-03
1.961222729419136949e-03
1.950959925590783212e-03
1.940766365843192781e-03
1.930641243780724858e-03
1.920583766371159904e-03
1.910593153681355546e-03
1.900668638618321525e-03
1.890809466676754555e-03
1.881014895690730432e-03
1.871284195592448673e-03
1.861616648175312217e-03
1.852011546862551315e-03
1.842468196479960007e-03
1.832985913035892634e-03
1.823564023503396235e-03
1.814201865609353171e-03
1.804898787626666020e-03
1.795654148171962157e-03
1.786467316007704078e-03
1.777337669847731247e-03
1.768264598168507859e-03
1.759247499022931292e-03
1.750285779859924330e-03
1.741378857346333707e-03
1.732526157193790828e-03
1.723727113989297587e-03
1.714981171028584928e-03
1.706287780154561737e-03
1.697646401597901339e-03
1.689056503822288554e-03
1.680517563371693125e-03
1.672029064722523788e-03
1.663590500137674929e-03
1.655201369524321540e-03
1.646861180294922553e-03
1.638569447230362212e-03
1.630325692347792338e-03
1.622129444768999340e-03
1.613980240593398821e-03
1.605877622773237406e-03
1.597821140991062929e-03
1.589810351539915328e-03
1.581844817206990231e-03
1.573924107157913818e-03
1.566047796825887056e-03
1.558215467800547595e-03
1.550426707721381863e-03
1.542681110171674691e-03
1.534978274576627270e-03
1.527317806101093469e-03
1.519699315551515913e-03
1.512122419279125600e-03
1.504586739085031055e-03
1.497091902127295916e-03
1.489637540830578491e-03
1.482223292796276985e-03
1.474848800715621152e-03
1.467513712284769295e-03
1.460217680120057477e-03
1.452960361676912046e-03
1.445741419168657203e-03
1.438560519488597724e-03
1.431417334132216402e-03
1.424311539121240209e-03
1.417242814930618844e-03
1.410210846414479370e-03
1.403215322735811791e-03
1.396255937296139032e-03
1.389332387667618776e-03
1.382444375524652857e-03
1.375591606579506252e-03
1.368773790516566264e-03
1.361990640929646584e-03
1.355241875259609883e-03
1.348527214733445190e-03
1.341846384304554596e-03
1.335199112593759858e-03
1.328585131832542027e-03
1.322004177805613870e-03
1.315455989796119295e-03
1.308940310531115769e-03
1.302456886128155458e-03
1.296005466042892242e-03
1.289585803017669931e-03
1.283197653031124428e-03
1.276840775248514913e-03
1.270514931973177816e-03
1.264219888598642821e-03
1.257955413561715960e-03
1.251721278296643453e-03
1.245517257189291370e-03
1.239343127533423447e-03
1.233198669486543914e-03
1.227083666027198794e-03
1.220997902912567120e-03
1.214941168637849326e-03
1.208913254394217325e-03
1.202913954030464770e-03
1.196943064012270536e-03
1.191000383384555441e-03
1.185085713733200798e-03
1.179198859147646914e-03
1.173339626184375642e-03
1.167507823830851331e-03
1.161703263470020798e-03
1.155925758845529304e-03
1.150175126027248992e-03
1.144451183378137433e-03
1.138753751520359342e-03
1.133082653303236044e-03
1.127437713771038165e-03
1.121818760131311748e-03
1.116225621724172782e-03
1.110658129991309428e-03
1.105116118446615751e-03
1.099599422646034639e-03
1.094107880158757921e-03
1.088641330538766281e-03
1.083199615296538080e-03
1.077782577871102968e-03
1.072390063603188360e-03
1.067021919708389987e-03
1.061677995250155312e-03
1.056358141114602722e-03
1.051062209984351915e-03
1.045790056313505943e-03
1.040541536302817772e-03
1.035316507875228735e-03
1.030114830651947559e-03
1.024936365928440490e-03
1.019780976651567424e-03
1.014648527396000074e-03
1.009538884342230233e-03
1.004451915253735386e-03
9.993874894552536893e-04
9.943454778113878893e-04
9.893257527045105828e-04
9.843281880147845397e-04
9.793526590985823094e-04
9.743990427688126134e-04
9.694672172740757994e-04
9.645570622797274918e-04
9.596684588476381630e-04
9.548012894173423274e-04
9.499554377869751228e-04
9.451307890945829420e-04
9.403272297998702383e-04
9.355446476656447069e-04
9.307829317404607257e-04
9.260419723407135395e-04
9.213216610330556694e-04
9.166218906177243768e-04
9.119425551111445555e-04
9.072835497295615075e-04
9.026447708727016904e-04
8.980261161071181799e-04
8.934274841504906634e-04
8.888487748562660896e-04
8.842898891972054672e-04
8.797507292509132350e-04
8.752311981840875995e-04
8.707312002381842374e-04
8.662506407140985795e-04
8.617894259579421618e-04
8.573474633470761505e-04
8.529246612753252094e-04
8.485209291393056019e-04
8.441361773249898663e-04
8.397703171936188012e-04
8.354232610686885456e-04
8.310949222225832338e-04
8.267852148636054433e-04
8.224940541231239542e-04
8.182213560427570699e-04
8.139670375618564789e-04
8.097310165054265318e-04
8.055132115716199213e-04
8.013135423196552243e-04
7.971319291583586200e-04
7.929682933337753618e-04
7.888225569181717394e-04
7.846946427983718820e-04
7.805844746642491691e-04
7.764919769980879304e-04
7.724170750632134179e-04
7.683596948931919590e-04
7.643197632809753828e-04
7.602972077686646337e-04
7.562919566369081170e-04
7.523039388943668316e-04
7.483330842678342530e-04
7.443793231918597588e-04
7.404425867991460677e-04
7.365228069104824216e-04
7.326199160251844165e-04
7.287338473114086078e-04
7.248645345967899903e-04
7.210119123591977658e-04
7.171759157171945804e-04
7.133564804213128174e-04
7.095535428448138332e-04
7.057670399749143772e-04
7.019969094038633903e-04
6.982430893205019253e-04
6.945055185014708090e-04
6.907841363030615620e-04
6.870788826523840541e-04
6.833896980396311554e-04
6.797165235095550644e-04
6.760593006536297182e-04
6.724179716018811133e-04
6.687924790153354027e-04
6.651827660778503008e-04
6.615887764889429772e-04
6.580104544556250384e-04
6.544477446854476965e-04
6.509005923788139083e-04
6.473689432215379291e-04
6.438527433781825659e-04
6.403519394842859891e-04
6.368664786395661706e-04
6.333963084010884583e-04
6.299413767760953138e-04
6.265016322156400936e-04
6.230770236072409292e-04
6.196675002688147244e-04
6.162730119418249972e-04
6.128935087849029769e-04
6.095289413671873494e-04
6.061792606624639285e-04
6.028444180424601898e-04
5.995243652710084692e-04
5.962190544976779007e-04
5.929284382517289054e-04
5.896524694365631609e-04
5.863911013231264471e-04
5.831442875448445556e-04
5.799119820911597094e-04
5.766941393025364028e-04
5.734907138642623666e-04
5.703016608010472903e-04
5.671269354718928108e-04
5.639664935641594328e-04
5.608202910885910168e-04
5.576882843737573751e-04
5.545704300610229242e-04
5.514666850992127342e-04
5.483770067396295366e-04
5.453013525309692491e-04
5.422396803143520773e-04
5.391919482183780109e-04
5.361581146542094244e-04
5.331381383108335474e-04
5.301319781503874935e-04
5.271395934032006370e-04
5.241609435634582382e-04
5.211959883845584561e-04
5.182446878742642295e-04
5.153070022908374462e-04
5.123828921379325677e-04
5.094723181609623827e-04
5.065752413420482282e-04
5.036916228963031266e-04
5.008214242675149272e-04
4.979646071238903781e-04
4.951211333539495786e-04
4.922909650624749658e-04
4.894740645668001992e-04
4.866703943924503666e-04
4.838799172694105942e-04
4.811025961284472944e-04
4.783383940969649956e-04
4.755872744955959839e-04
4.728492008341704869e-04
4.701241368085209873e-04
4.674120462961385840e-04
4.647128933534842789e-04
4.620266422117605886e-04
4.593532572739036425e-04
4.566927031107893419e-04
4.540449444580348017e-04
4.514099462128503149e-04
4.487876734303756165e-04
4.461780913206196144e-04
4.435811652453472659e-04
4.409968607146341995e-04
4.384251433841072042e-04
4.358659790515680230e-04
4.333193336541085630e-04
4.307851732651027756e-04
4.282634640911490444e-04
4.257541724693962169e-04
4.232572648642991841e-04
4.207727078652630172e-04
4.183004681834456015e-04
4.158405126491752837e-04
4.133928082093228738e-04
4.109573219244993083e-04
4.085340209664606662e-04
4.061228726155273884e-04
4.037238442581186394e-04
4.013369033839850439e-04
3.989620175840564368e-04
3.965991545478880797e-04
3.942482820610486004e-04
3.919093680030294891e-04
3.895823803449371568e-04
3.872672871469270625e-04
3.849640565562021137e-04
3.826726568047433222e-04
3.803930562070010507e-04
3.781252231579892010e-04
3.758691261310330022e-04
3.736247336756484184e-04
3.713920144156113482e-04
3.691709370470200465e-04
3.669614703360154270e-04
3.647635831172847546e-04
3.625772442919160095e-04
3.604024228255833665e-04
3.582390877465690677e-04
3.560872081443382394e-04
3.539467531675082892e-04
3.518176920220159000e-04
3.496999939699128065e-04
3.475936283272087752e-04
3.454985644623898250e-04
3.434147717949413811e-04
3.413422197938559798e-04
3.392808779757824802e-04
3.372307159038801720e-04
3.351917031860989589e-04
3.331638094740498371e-04
3.311470044612515240e-04
3.291412578820543324e-04
3.271465395102162344e-04
3.251628191576720205e-04
3.231900666730113509e-04
3.212282519405964859e-04
3.192773448791500043e-04
3.173373154406942910e-04
3.154081336092120591e-04
3.134897693998533108e-04
3.115821928575012085e-04
3.096853740561102781e-04
3.077992830973237258e-04
3.059238901098094727e-04
3.040591652479320071e-04
3.022050786912653612e-04
3.003616006433643842e-04
2.985287013310755156e-04
2.967063510035944504e-04
2.948945199317183651e-04
2.930931784070991194e-04
2.913022967414701111e-04
2.895218452658437501e-04
2.877517943300179296e-04
