1.792355555555560226e-02
2.248371508513261063e-02
6.469448137699207457e-02
2.121838542043007203e-01
1.708572027115218828e-01
1.861307212218918095e-01
1.137701063940430579e-01
6.442279698723892001e-02
4.677728912679681751e-03
4.709378884537175451e-03
2.636754239446985944e-03
6.182024766910119984e-03
2.748289417218625214e-02
3.502422222222220660e-02
2.287570565951142082e-02
2.150863150493772386e-02
1.307963512187694868e-02
2.392218326186796098e-02
7.765119613958212409e-03
1.171916871516737006e-02
8.577912893451711956e-03
2.247074226103074578e-03
3.069361116627742150e-02
9.001168205037032854e-03
2.159693301779087686e-03
2.192828547756158809e-04
9.272239781416214549e-03
9.872295693671599009e-03
1.957432384351937211e-04
6.628771356927702120e-03
1.337835429314737732e-03
3.898446069912910549e-05
5.464410215532034985e-04
5.678037410407785700e-05
2.014858465267482758e-04
6.019144011329492609e-03
1.233346164303802776e-02
2.385041968152544406e-07
4.366418979066088296e-05
1.131145770226893183e-03
1.840222222222220958e-03
