0.000000000000000000e+00
5.110860040737557064e-01
1.022172008147511635e+00
1.533258012221267563e+00
2.044344016295023714e+00
2.555430020368780308e+00
3.066516024442536015e+00
3.577602028516292165e+00
4.088688032590047428e+00
4.599774036663804466e+00
5.110860040737559729e+00
5.621946044811315879e+00
6.133032048885072030e+00
6.644118052958828180e+00
7.155204057032583442e+00
7.666290061106338705e+00
8.177376065180096631e+00
8.688462069253853670e+00
9.199548073327608932e+00
9.710634077401364195e+00
1.022172008147512123e+01
1.073280608554887650e+01
1.124389208962263176e+01
1.175497809369638880e+01
1.226606409777014584e+01
1.277715010184390110e+01
1.328823610591765636e+01
1.379932210999141340e+01
1.431040811406516866e+01
1.482149411813892392e+01
1.533258012221268096e+01
1.584366612628643622e+01
1.635475213036019326e+01
1.686583813443394675e+01
1.737692413850770023e+01
1.788801014258146083e+01
1.839909614665521431e+01
1.891018215072897135e+01
1.942126815480272839e+01
1.993235415887648188e+01
2.044344016295023891e+01
