0.000000000000000000e+00
3.263076058795371520e-02
6.526152117590743040e-02
9.789228176386115254e-02
1.305230423518148608e-01
1.631538029397685829e-01
1.957845635277223051e-01
2.284153241156760272e-01
2.610460847036271681e-01
2.936768452915808347e-01
3.263076058795345569e-01
3.589383664674882790e-01
3.915691270554420012e-01
4.241998876433957233e-01
4.568306482313494454e-01
4.894614088193031676e-01
5.220921694072568897e-01
5.547229299952105563e-01
5.873536905831643340e-01
6.199844511711180006e-01
6.526152117590717783e-01
6.852459723470254449e-01
7.178767329349792226e-01
7.505074935229303357e-01
7.831382541108840023e-01
8.157690146988377800e-01
8.483997752867914466e-01
8.810305358747452242e-01
9.136612964626988909e-01
9.462920570506525575e-01
9.789228176386063351e-01
1.011553578226560113e+00
1.044184338814513779e+00
1.076815099402467446e+00
1.109445859990421113e+00
1.142076620578375001e+00
1.174707381166328668e+00
1.207338141754282335e+00
1.239968902342233559e+00
1.272599662930187225e+00
1.305230423518140892e+00
1.337861184106094559e+00
1.370491944694048447e+00
1.403122705282002114e+00
1.435753465869955781e+00
1.468384226457909447e+00
1.501014987045863114e+00
1.533645747633817003e+00
1.566276508221770669e+00
1.598907268809724336e+00
1.631538029397678002e+00
1.664168789985629227e+00
1.696799550573585558e+00
1.729430311161536560e+00
1.762061071749490448e+00
1.794691832337444115e+00
1.827322592925397782e+00
1.859953353513351448e+00
1.892584114101305115e+00
1.925214874689259004e+00
1.957845635277212670e+00
1.990476395865166337e+00
2.023107156453120226e+00
2.055737917041073892e+00
2.088368677629027559e+00
2.120999438216981225e+00
2.153630198804932228e+00
2.186260959392885894e+00
2.218891719980840005e+00
2.251522480568793672e+00
2.284153241156747338e+00
2.316784001744701005e+00
2.349414762332654671e+00
2.382045522920608338e+00
2.414676283508562005e+00
2.447307044096515671e+00
2.479937804684469338e+00
2.512568565272423449e+00
2.545199325860377115e+00
2.577830086448330782e+00
2.610460847036284449e+00
2.643091607624235451e+00
2.675722368212189117e+00
2.708353128800142784e+00
2.740983889388096895e+00
2.773614649976050561e+00
2.806245410564004228e+00
2.838876171151957895e+00
2.871506931739911561e+00
2.904137692327865228e+00
2.936768452915818894e+00
2.969399213503772561e+00
3.002029974091726228e+00
3.034660734679680338e+00
3.067291495267631340e+00
3.099922255855587672e+00
3.132553016443538674e+00
3.165183777031492340e+00
3.197814537619446007e+00
3.230445298207399674e+00
3.263076058795353784e+00
3.295706819383307451e+00
3.328337579971261118e+00
3.360968340559214784e+00
3.393599101147168451e+00
3.426229861735122117e+00
3.458860622323075784e+00
3.491491382911029451e+00
3.524122143498983117e+00
3.556752904086934564e+00
3.589383664674890895e+00
3.622014425262841897e+00
3.654645185850795563e+00
3.687275946438749230e+00
3.719906707026702897e+00
3.752537467614656563e+00
3.785168228202610230e+00
3.817798988790564341e+00
3.850429749378518007e+00
3.883060509966471674e+00
3.915691270554425341e+00
3.948322031142379007e+00
3.980952791730332674e+00
4.013583552318286785e+00
4.046214312906237787e+00
4.078845073494194118e+00
4.111475834082145120e+00
4.144106594670098787e+00
4.176737355258052453e+00
4.209368115846006120e+00
4.241998876433959786e+00
4.274629637021913453e+00
4.307260397609867120e+00
4.339891158197820786e+00
4.372521918785774453e+00
4.405152679373728120e+00
4.437783439961681786e+00
4.470414200549636341e+00
4.503044961137590008e+00
4.535675721725541010e+00
4.568306482313497341e+00
4.600937242901448343e+00
4.633568003489402010e+00
4.666198764077355676e+00
4.698829524665309343e+00
4.731460285253263010e+00
4.764091045841216676e+00
4.796721806429170343e+00
4.829352567017124009e+00
4.861983327605077676e+00
4.894614088193031343e+00
4.927244848780985009e+00
4.959875609368936900e+00
4.992506369956893231e+00
5.025137130544844233e+00
5.057767891132800564e+00
5.090398651720751566e+00
5.123029412308705233e+00
5.155660172896658899e+00
5.188290933484612566e+00
5.220921694072566233e+00
5.253552454660519899e+00
5.286183215248473566e+00
5.318813975836427232e+00
5.351444736424380899e+00
5.384075497012334566e+00
5.416706257600288232e+00
5.449337018188239234e+00
5.481967778776195566e+00
5.514598539364147456e+00
5.547229299952103787e+00
5.579860060540054789e+00
5.612490821128008456e+00
5.645121581715962122e+00
5.677752342303915789e+00
5.710383102891869456e+00
5.743013863479823122e+00
5.775644624067776789e+00
5.808275384655730456e+00
5.840906145243684122e+00
5.873536905831635124e+00
5.906167666419591455e+00
5.938798427007542458e+00
5.971429187595498789e+00
6.004059948183450679e+00
6.036690708771406122e+00
6.069321469359358012e+00
6.101952229947311679e+00
6.134582990535265345e+00
6.167213751123219012e+00
6.199844511711172679e+00
6.232475272299126345e+00
6.265106032887080012e+00
6.297736793475033679e+00
6.330367554062987345e+00
6.362998314650938347e+00
6.395629075238894679e+00
6.428259835826845681e+00
6.460890596414802012e+00
6.493521357002753014e+00
6.526152117590709345e+00
6.558782878178661235e+00
6.591413638766617566e+00
6.624044399354568569e+00
6.656675159942519571e+00
6.689305920530475902e+00
6.721936681118432233e+00
6.754567441706383235e+00
6.787198202294334237e+00
6.819828962882290568e+00
6.852459723470241570e+00
6.885090484058197902e+00
6.917721244646148904e+00
6.950352005234105235e+00
6.982982765822056237e+00
7.015613526410012568e+00
7.048244286997963570e+00
7.080875047585919901e+00
7.113505808173871792e+00
7.146136568761822794e+00
7.178767329349779125e+00
7.211398089937735456e+00
7.244028850525686458e+00
7.276659611113637460e+00
7.309290371701593791e+00
7.341921132289544794e+00
7.374551892877501125e+00
7.407182653465452127e+00
7.439813414053408458e+00
7.472444174641359460e+00
7.505074935229315791e+00
7.537705695817266793e+00
7.570336456405223124e+00
7.602967216993175015e+00
7.635597977581126017e+00
7.668228738169082348e+00
7.700859498757038679e+00
7.733490259344989681e+00
7.766121019932940683e+00
7.798751780520897015e+00
7.831382541108848017e+00
7.864013301696804348e+00
7.896644062284755350e+00
7.929274822872711681e+00
7.961905583460662683e+00
7.994536344048619014e+00
8.027167104636570016e+00
8.059797865224526348e+00
8.092428625812477350e+00
8.125059386400428352e+00
8.157690146988384683e+00
8.190320907576341014e+00
8.222951668164292016e+00
8.255582428752243018e+00
8.288213189340199349e+00
8.320843949928150352e+00
8.353474710516106683e+00
8.386105471104059461e+00
8.418736231692015792e+00
8.451366992279966794e+00
8.483997752867917796e+00
8.516628513455874128e+00
8.549259274043830459e+00
8.581890034631781461e+00
8.614520795219732463e+00
8.647151555807688794e+00
8.679782316395645125e+00
8.712413076983596127e+00
8.745043837571547130e+00
8.777674598159503461e+00
8.810305358747454463e+00
8.842936119335410794e+00
8.875566879923361796e+00
8.908197640511318127e+00
8.940828401099269129e+00
8.973459161687220131e+00
9.006089922275176463e+00
9.038720682863132794e+00
9.071351443451083796e+00
9.103982204039034798e+00
9.136612964626991129e+00
9.169243725214947460e+00
9.201874485802898462e+00
9.234505246390849464e+00
9.267136006978805796e+00
9.299766767566756798e+00
9.332397528154713129e+00
9.365028288742664131e+00
9.397659049330620462e+00
9.430289809918573241e+00
9.462920570506524243e+00
9.495551331094480574e+00
9.528182091682436905e+00
9.560812852270387907e+00
9.593443612858338909e+00
9.626074373446295240e+00
9.658705134034251572e+00
9.691335894622202574e+00
9.723966655210153576e+00
9.756597415798109907e+00
9.789228176386060909e+00
9.821858936974017240e+00
9.854489697561968242e+00
9.887120458149924573e+00
9.919751218737875575e+00
9.952381979325826578e+00
9.985012739913782909e+00
1.001764350050173924e+01
1.005027426108969024e+01
1.008290502167764124e+01
1.011553578226559758e+01
1.014816654285354858e+01
1.018079730344150491e+01
1.021342806402945591e+01
1.024605882461741224e+01
1.027868958520536324e+01
1.031132034579331958e+01
1.034395110638127058e+01
1.037658186696922691e+01
1.040921262755717791e+01
1.044184338814513069e+01
1.047447414873308702e+01
1.050710490932104335e+01
1.053973566990899435e+01
1.057236643049694536e+01
1.060499719108490169e+01
1.063762795167285269e+01
1.067025871226080902e+01
1.070288947284876002e+01
1.073552023343671635e+01
1.076815099402466736e+01
1.080078175461262369e+01
1.083341251520057469e+01
1.086604327578853102e+01
1.089867403637648202e+01
1.093130479696443302e+01
1.096393555755238935e+01
1.099656631814034569e+01
1.102919707872829669e+01
1.106182783931624769e+01
1.109445859990420402e+01
1.112708936049215502e+01
1.115972012108011135e+01
1.119235088166806236e+01
1.122498164225601869e+01
1.125761240284396969e+01
1.129024316343192602e+01
1.132287392401987702e+01
1.135550468460783335e+01
1.138813544519578436e+01
1.142076620578373536e+01
1.145339696637169169e+01
1.148602772695964802e+01
1.151865848754760080e+01
1.155128924813555180e+01
1.158392000872350813e+01
1.161655076931145913e+01
1.164918152989941547e+01
1.168181229048736647e+01
1.171444305107532280e+01
1.174707381166327380e+01
1.177970457225122480e+01
1.181233533283918113e+01
1.184496609342713747e+01
1.187759685401508847e+01
1.191022761460303947e+01
1.194285837519099580e+01
1.197548913577895213e+01
1.200811989636690313e+01
1.204075065695485414e+01
1.207338141754281047e+01
1.210601217813076680e+01
1.213864293871871780e+01
1.217127369930666880e+01
1.220390445989462513e+01
1.223653522048257614e+01
1.226916598107052714e+01
1.230179674165848347e+01
1.233442750224643980e+01
1.236705826283439080e+01
1.239968902342234180e+01
1.243231978401029814e+01
1.246495054459825447e+01
1.249758130518620547e+01
1.253021206577415825e+01
1.256284282636211280e+01
1.259547358695006913e+01
1.262810434753802191e+01
1.266073510812597291e+01
1.269336586871392925e+01
1.272599662930188025e+01
1.275862738988983125e+01
1.279125815047778758e+01
1.282388891106574391e+01
1.285651967165369491e+01
1.288915043224164592e+01
1.292178119282960225e+01
1.295441195341755858e+01
1.298704271400550958e+01
1.301967347459346058e+01
1.305230423518141691e+01
1.308493499576937324e+01
1.311756575635732425e+01
1.315019651694527525e+01
1.318282727753323158e+01
1.321545803812118258e+01
1.324808879870913358e+01
1.328071955929708992e+01
1.331335031988504625e+01
1.334598108047299725e+01
1.337861184106094825e+01
1.341124260164890458e+01
1.344387336223686091e+01
1.347650412282481192e+01
1.350913488341276292e+01
1.354176564400071925e+01
1.357439640458867558e+01
1.360702716517662303e+01
1.363965792576457936e+01
1.367228868635253569e+01
1.370491944694048669e+01
1.373755020752843770e+01
1.377018096811639403e+01
1.380281172870435036e+01
1.383544248929230136e+01
1.386807324988025236e+01
1.390070401046820869e+01
1.393333477105616502e+01
1.396596553164411603e+01
1.399859629223206703e+01
1.403122705282002336e+01
1.406385781340797969e+01
1.409648857399592536e+01
1.412911933458388170e+01
1.416175009517183803e+01
1.419438085575978903e+01
1.422701161634774003e+01
1.425964237693569636e+01
1.429227313752365269e+01
1.432490389811160370e+01
1.435753465869955470e+01
1.439016541928751103e+01
1.442279617987546736e+01
1.445542694046341836e+01
1.448805770105136936e+01
1.452068846163932569e+01
1.455331922222728203e+01
1.458594998281522770e+01
1.461858074340318403e+01
1.465121150399114036e+01
1.468384226457909314e+01
1.471647302516704414e+01
1.474910378575500047e+01
1.478173454634295680e+01
1.481436530693090781e+01
1.484699606751885881e+01
1.487962682810681514e+01
1.491225758869477147e+01
1.494488834928272247e+01
1.497751910987067347e+01
1.501014987045862981e+01
1.504278063104658081e+01
1.507541139163453181e+01
1.510804215222248814e+01
1.514067291281044447e+01
1.517330367339839547e+01
1.520593443398634648e+01
1.523856519457430281e+01
1.527119595516225914e+01
1.530382671575021014e+01
1.533645747633816114e+01
1.536908823692611747e+01
1.540171899751407381e+01
1.543434975810202481e+01
1.546698051868997581e+01
1.549961127927793214e+01
1.553224203986588314e+01
1.556487280045383415e+01
1.559750356104179048e+01
1.563013432162974681e+01
1.566276508221769781e+01
1.569539584280565059e+01
1.572802660339360692e+01
1.576065736398156325e+01
1.579328812456951425e+01
1.582591888515746525e+01
1.585854964574542159e+01
1.589118040633337792e+01
1.592381116692132892e+01
1.595644192750927992e+01
1.598907268809723625e+01
1.602170344868518725e+01
1.605433420927313648e+01
1.608696496986109281e+01
1.611959573044904914e+01
1.615222649103700192e+01
1.618485725162495470e+01
1.621748801221291103e+01
1.625011877280086381e+01
1.628274953338881659e+01
1.631538029397676937e+01
1.634801105456472570e+01
1.638064181515268203e+01
1.641327257574063125e+01
1.644590333632858403e+01
1.647853409691654036e+01
1.651116485750448959e+01
1.654379561809244237e+01
1.657642637868039870e+01
1.660905713926835503e+01
1.664168789985630426e+01
1.667431866044425703e+01
1.670694942103221337e+01
1.673958018162016970e+01
1.677221094220811892e+01
1.680484170279607170e+01
1.683747246338402803e+01
1.687010322397198436e+01
1.690273398455993359e+01
1.693536474514788637e+01
1.696799550573584270e+01
1.700062626632379192e+01
1.703325702691174470e+01
1.706588778749970103e+01
1.709851854808765736e+01
1.713114930867560659e+01
1.716378006926355937e+01
1.719641082985151570e+01
1.722904159043947203e+01
1.726167235102742126e+01
1.729430311161537404e+01
1.732693387220333037e+01
1.735956463279128670e+01
1.739219539337923948e+01
1.742482615396718870e+01
1.745745691455514503e+01
1.749008767514309781e+01
1.752271843573104704e+01
1.755534919631900337e+01
1.758797995690695970e+01
1.762061071749491248e+01
1.765324147808286170e+01
1.768587223867081804e+01
1.771850299925877437e+01
1.775113375984672714e+01
1.778376452043467637e+01
1.781639528102263270e+01
1.784902604161058903e+01
1.788165680219854181e+01
1.791428756278649104e+01
1.794691832337444737e+01
1.797954908396240015e+01
1.801217984455034937e+01
1.804481060513830570e+01
1.807744136572626203e+01
1.811007212631421481e+01
1.814270288690216404e+01
1.817533364749012037e+01
1.820796440807807670e+01
1.824059516866602948e+01
1.827322592925397871e+01
1.830585668984193504e+01
1.833848745042989137e+01
1.837111821101784415e+01
1.840374897160579692e+01
1.843637973219375326e+01
1.846901049278170248e+01
1.850164125336965526e+01
1.853427201395761159e+01
1.856690277454556792e+01
1.859953353513351715e+01
1.863216429572146993e+01
1.866479505630942626e+01
1.869742581689738259e+01
1.873005657748533181e+01
1.876268733807328459e+01
1.879531809866124092e+01
1.882794885924919726e+01
1.886057961983714293e+01
1.889321038042509926e+01
1.892584114101305559e+01
1.895847190160100482e+01
1.899110266218895759e+01
1.902373342277691393e+01
1.905636418336487026e+01
1.908899494395281948e+01
1.912162570454077226e+01
1.915425646512872859e+01
1.918688722571668492e+01
1.921951798630463415e+01
1.925214874689258693e+01
1.928477950748054326e+01
1.931741026806849959e+01
1.935004102865644526e+01
1.938267178924440159e+01
1.941530254983235793e+01
1.944793331042031070e+01
1.948056407100825993e+01
1.951319483159621626e+01
1.954582559218417259e+01
1.957845635277212537e+01
1.961108711336007460e+01
1.964371787394803093e+01
1.967634863453598726e+01
1.970897939512394004e+01
1.974161015571188926e+01
1.977424091629984559e+01
1.980687167688780193e+01
1.983950243747574760e+01
1.987213319806370393e+01
1.990476395865166026e+01
1.993739471923961304e+01
1.997002547982756226e+01
2.000265624041551860e+01
2.003528700100347493e+01
2.006791776159142771e+01
2.010054852217937693e+01
2.013317928276733326e+01
2.016581004335528959e+01
2.019844080394324237e+01
2.023107156453119160e+01
2.026370232511914793e+01
2.029633308570710071e+01
2.032896384629504993e+01
2.036159460688300626e+01
2.039422536747096260e+01
2.042685612805891537e+01
2.045948688864686815e+01
2.049211764923482448e+01
2.052474840982278081e+01
2.055737917041073004e+01
2.059000993099868282e+01
2.062264069158663915e+01
2.065527145217459548e+01
2.068790221276254471e+01
2.072053297335049749e+01
2.075316373393845382e+01
2.078579449452640304e+01
2.081842525511435582e+01
2.085105601570231215e+01
2.088368677629026848e+01
2.091631753687821771e+01
2.094894829746617049e+01
2.098157905805412682e+01
2.101420981864208315e+01
2.104684057923003238e+01
2.107947133981798515e+01
2.111210210040594148e+01
2.114473286099389782e+01
2.117736362158184704e+01
2.120999438216979982e+01
2.124262514275775615e+01
2.127525590334570538e+01
2.130788666393365816e+01
2.134051742452161449e+01
2.137314818510957082e+01
2.140577894569752004e+01
2.143840970628547282e+01
2.147104046687342915e+01
2.150367122746138548e+01
2.153630198804933826e+01
2.156893274863728749e+01
2.160156350922524382e+01
2.163419426981320015e+01
2.166682503040115293e+01
2.169945579098910216e+01
2.173208655157705849e+01
2.176471731216501126e+01
2.179734807275296049e+01
2.182997883334091682e+01
2.186260959392887315e+01
2.189524035451682593e+01
2.192787111510477516e+01
2.196050187569273149e+01
2.199313263628068782e+01
2.202576339686864060e+01
2.205839415745658982e+01
2.209102491804454615e+01
2.212365567863250249e+01
2.215628643922045526e+01
2.218891719980840449e+01
2.222154796039636082e+01
2.225417872098431360e+01
2.228680948157226283e+01
2.231944024216021916e+01
2.235207100274817549e+01
2.238470176333612827e+01
2.241733252392407749e+01
2.244996328451203382e+01
2.248259404509999015e+01
2.251522480568794293e+01
2.254785556627589571e+01
2.258048632686385204e+01
2.261311708745180837e+01
2.264574784803975760e+01
2.267837860862771038e+01
2.271100936921566671e+01
2.274364012980361593e+01
2.277627089039156871e+01
2.280890165097952504e+01
2.284153241156748138e+01
2.287416317215543060e+01
2.290679393274338338e+01
2.293942469333133971e+01
2.297205545391929604e+01
2.300468621450724527e+01
2.303731697509519805e+01
2.306994773568315438e+01
2.310257849627111071e+01
2.313520925685905993e+01
2.316784001744701271e+01
2.320047077803496904e+01
2.323310153862291827e+01
2.326573229921087105e+01
2.329836305979882738e+01
2.333099382038678371e+01
2.336362458097473294e+01
2.339625534156268571e+01
2.342888610215063849e+01
2.346151686273859482e+01
2.349414762332654050e+01
2.352677838391449683e+01
2.355940914450245316e+01
2.359203990509040949e+01
2.362467066567835516e+01
2.365730142626631149e+01
2.368993218685426783e+01
2.372256294744222416e+01
2.375519370803016983e+01
2.378782446861812616e+01
2.382045522920608249e+01
2.385308598979403882e+01
2.388571675038198450e+01
2.391834751096994083e+01
2.395097827155789716e+01
2.398360903214584638e+01
2.401623979273380272e+01
2.404887055332175905e+01
2.408150131390971538e+01
2.411413207449766105e+01
2.414676283508561738e+01
2.417939359567357371e+01
2.421202435626153004e+01
2.424465511684947572e+01
2.427728587743743205e+01
2.430991663802538838e+01
2.434254739861334471e+01
2.437517815920129038e+01
2.440780891978924672e+01
2.444043968037720305e+01
2.447307044096514872e+01
2.450570120155310505e+01
2.453833196214106138e+01
2.457096272272901771e+01
2.460359348331696339e+01
2.463622424390491972e+01
2.466885500449287605e+01
2.470148576508083238e+01
2.473411652566877805e+01
2.476674728625673438e+01
2.479937804684469072e+01
2.483200880743263639e+01
2.486463956802059272e+01
2.489727032860854905e+01
2.492990108919650538e+01
2.496253184978445105e+01
2.499516261037240739e+01
2.502779337096036372e+01
2.506042413154832005e+01
2.509305489213626572e+01
2.512568565272422205e+01
2.515831641331217838e+01
2.519094717390013471e+01
2.522357793448808039e+01
2.525620869507603672e+01
2.528883945566399305e+01
2.532147021625193872e+01
2.535410097683989505e+01
2.538673173742785139e+01
2.541936249801580772e+01
2.545199325860375339e+01
2.548462401919170972e+01
2.551725477977966605e+01
2.554988554036762238e+01
2.558251630095556806e+01
2.561514706154352439e+01
2.564777782213148072e+01
2.568040858271943705e+01
2.571303934330738272e+01
2.574567010389533905e+01
2.577830086448329538e+01
2.581093162507124106e+01
2.584356238565919739e+01
2.587619314624715372e+01
2.590882390683511005e+01
2.594145466742305572e+01
2.597408542801101206e+01
2.600671618859896839e+01
2.603934694918692472e+01
2.607197770977487394e+01
2.610460847036283027e+01
2.613723923095078305e+01
2.616986999153873938e+01
2.620250075212668861e+01
2.623513151271464494e+01
2.626776227330260127e+01
2.630039303389054695e+01
2.633302379447850328e+01
2.636565455506645961e+01
2.639828531565441594e+01
2.643091607624236161e+01
2.646354683683031794e+01
2.649617759741827427e+01
2.652880835800623061e+01
2.656143911859417628e+01
2.659406987918213261e+01
2.662670063977008894e+01
2.665933140035804527e+01
2.669196216094599095e+01
2.672459292153394728e+01
2.675722368212190361e+01
2.678985444270984928e+01
2.682248520329780561e+01
2.685511596388576194e+01
2.688774672447371827e+01
2.692037748506166395e+01
2.695300824564962028e+01
2.698563900623757661e+01
2.701826976682553294e+01
2.705090052741347861e+01
2.708353128800143494e+01
2.711616204858939128e+01
2.714879280917734761e+01
2.718142356976529328e+01
2.721405433035324961e+01
2.724668509094120594e+01
2.727931585152915162e+01
2.731194661211710795e+01
2.734457737270506428e+01
2.737720813329302061e+01
2.740983889388096628e+01
2.744246965446892261e+01
2.747510041505687894e+01
2.750773117564483528e+01
2.754036193623278095e+01
2.757299269682073728e+01
2.760562345740869361e+01
2.763825421799664994e+01
2.767088497858459561e+01
2.770351573917255195e+01
2.773614649976050828e+01
2.776877726034845395e+01
2.780140802093641028e+01
2.783403878152436661e+01
2.786666954211232294e+01
2.789930030270026862e+01
2.793193106328822495e+01
2.796456182387618128e+01
2.799719258446413761e+01
2.802982334505208328e+01
2.806245410564003961e+01
2.809508486622799595e+01
2.812771562681595228e+01
2.816034638740389795e+01
2.819297714799185428e+01
2.822560790857981061e+01
2.825823866916775984e+01
2.829086942975571617e+01
2.832350019034367250e+01
2.835613095093162883e+01
2.838876171151957450e+01
2.842139247210753084e+01
2.845402323269548717e+01
2.848665399328344350e+01
2.851928475387138917e+01
2.855191551445934550e+01
2.858454627504730183e+01
2.861717703563525816e+01
2.864980779622320384e+01
2.868243855681116017e+01
2.871506931739911650e+01
2.874770007798706217e+01
2.878033083857501850e+01
2.881296159916297484e+01
2.884559235975093117e+01
2.887822312033887684e+01
2.891085388092683317e+01
2.894348464151478950e+01
2.897611540210274583e+01
2.900874616269069151e+01
2.904137692327864784e+01
2.907400768386660417e+01
2.910663844445456050e+01
2.913926920504250617e+01
2.917189996563046250e+01
2.920453072621841883e+01
2.923716148680636451e+01
2.926979224739432084e+01
2.930242300798227717e+01
2.933505376857023350e+01
2.936768452915817917e+01
2.940031528974613551e+01
2.943294605033409184e+01
2.946557681092204817e+01
2.949820757150999384e+01
2.953083833209795017e+01
2.956346909268590650e+01
2.959609985327385218e+01
2.962873061386180851e+01
2.966136137444976484e+01
2.969399213503772117e+01
2.972662289562566684e+01
2.975925365621362317e+01
2.979188441680157950e+01
2.982451517738953584e+01
2.985714593797748151e+01
2.988977669856543784e+01
2.992240745915339417e+01
2.995503821974135050e+01
2.998766898032929618e+01
3.002029974091725251e+01
3.005293050150520884e+01
3.008556126209315451e+01
3.011819202268111084e+01
3.015082278326906717e+01
3.018345354385702350e+01
3.021608430444496918e+01
3.024871506503292551e+01
3.028134582562088184e+01
3.031397658620883817e+01
3.034660734679678740e+01
3.037923810738474373e+01
3.041186886797270006e+01
3.044449962856065639e+01
3.047713038914860206e+01
3.050976114973655839e+01
3.054239191032451473e+01
3.057502267091246040e+01
3.060765343150041673e+01
3.064028419208837306e+01
3.067291495267632939e+01
3.070554571326427507e+01
3.073817647385223140e+01
3.077080723444018773e+01
3.080343799502814406e+01
3.083606875561608973e+01
3.086869951620404606e+01
3.090133027679200239e+01
3.093396103737995873e+01
3.096659179796790440e+01
3.099922255855586073e+01
3.103185331914381706e+01
3.106448407973176273e+01
3.109711484031971906e+01
3.112974560090767540e+01
3.116237636149563173e+01
3.119500712208357740e+01
3.122763788267153373e+01
3.126026864325949006e+01
3.129289940384744639e+01
3.132553016443539207e+01
3.135816092502334840e+01
3.139079168561130473e+01
3.142342244619926106e+01
3.145605320678720673e+01
3.148868396737516306e+01
3.152131472796311940e+01
3.155394548855106507e+01
3.158657624913902140e+01
3.161920700972697773e+01
3.165183777031493406e+01
3.168446853090287973e+01
3.171709929149083607e+01
3.174973005207879240e+01
3.178236081266674873e+01
3.181499157325469440e+01
3.184762233384265073e+01
3.188025309443060706e+01
3.191288385501856339e+01
3.194551461560650907e+01
3.197814537619446540e+01
3.201077613678242528e+01
3.204340689737036740e+01
3.207603765795832373e+01
3.210866841854628007e+01
3.214129917913423640e+01
3.217392993972218562e+01
3.220656070031014195e+01
3.223919146089809828e+01
3.227182222148605462e+01
3.230445298207399674e+01
3.233708374266195307e+01
3.236971450324990940e+01
3.240234526383786573e+01
3.243497602442581496e+01
3.246760678501377129e+01
3.250023754560172762e+01
3.253286830618966974e+01
3.256549906677762607e+01
3.259812982736558240e+01
