0.000000000000000000e+00
9.587685243342817243e-01
1.917537048668563449e+00
2.876305573002845062e+00
3.835074097337126897e+00
4.793842621671408288e+00
5.752611146005690124e+00
6.711379670339971959e+00
7.670148194674256459e+00
8.628916719008540070e+00
9.587685243342820129e+00
1.054645376767710374e+01
1.150522229201138380e+01
1.246399081634566741e+01
1.342275934067994747e+01
1.438152786501423108e+01
1.534029638934851114e+01
1.629906491368279475e+01
1.725783343801707304e+01
1.821660196235135842e+01
1.917537048668563671e+01
2.013413901101992209e+01
2.109290753535420038e+01
2.205167605968848576e+01
2.301044458402276405e+01
2.396921310835704588e+01
2.492798163269133127e+01
2.588675015702561666e+01
2.684551868135988784e+01
2.780428720569417322e+01
2.876305573002845861e+01
2.972182425436274045e+01
3.068059277869701518e+01
3.163936130303130057e+01
3.259812982736558240e+01
