5.920135617080785539e-04
6.322228624160235698e-03
1.744946764384479321e-02
2.722873419638317805e-02
2.902521088055237675e-02
3.039244659287727510e-02
3.037389123368849919e-02
2.991598260974014448e-02
3.019992285199987053e-02
2.863276143478402785e-02
2.264878666020148784e-02
1.353697273917697265e-02
5.448877319652632029e-03
2.805132272972573042e-03
1.136569484799761220e-02
1.647207257205765205e-02
2.293310909673945339e-02
2.568686708931238252e-02
2.957383261452535550e-02
2.671106766064692759e-02
2.754347080417024127e-02
2.734499794266596895e-02
2.038688518643996805e-02
1.601146040093942569e-02
9.304207488869517886e-03
4.335548397241482596e-03
2.999601593513354959e-03
1.296276757183459014e-02
2.331688849883039802e-02
2.457217603728900981e-02
2.944012942072780914e-02
2.706774838227915536e-02
2.666745148081088937e-02
2.527591059553237901e-02
2.055523523142391631e-02
