0.000000000000000000e+00
1.835534987582248002e-05
7.344711891696159480e-05
1.653069453415893168e-04
2.939572027869925656e-04
4.594109894093289831e-04
6.616721189727881947e-04
9.007351139318414473e-04
1.176585200509951698e-03
1.489198305778155788e-03
1.838541056735800263e-03
2.224570781397157849e-03
2.647235511885470162e-03
3.106473989537262680e-03
3.602215672018456698e-03
4.134380742455112147e-03
4.702880120578697629e-03
5.307615475888714622e-03
5.948479242832983328e-03
6.625354638006814879e-03
7.338115679370790616e-03
8.086627207489056196e-03
8.870744908786139943e-03
9.690315340824498525e-03
1.054517595960034054e-02
1.143515514885733164e-02
1.236007225141904677e-02
1.331973760253624649e-02
1.431395256524981528e-02
1.534250956776558525e-02
1.640519214284130722e-02
1.750177496918065706e-02
1.863202391483451126e-02
1.979569608260402930e-02
2.099253985744450185e-02
2.222229495586527590e-02
2.348469247732179466e-02
2.477945495759669228e-02
2.610629642416441992e-02
2.746492245353636744e-02
2.885503023057868488e-02
3.027630860980030578e-02
3.172843817860488552e-02
3.321109132249807500e-02
3.472393229224883526e-02
3.626661727299241439e-02
3.783879445527302959e-02
3.944010410801573885e-02
4.107017865342041385e-02
4.272864274377172200e-02
4.441511334015434131e-02
4.612919979306519258e-02
4.787050392491579154e-02
4.963862011441105837e-02
5.143313538279993546e-02
5.325362948198335972e-02
5.509967498446986106e-02
5.697083737517150137e-02
5.886667514502322979e-02
6.078673988641686288e-02
6.273057639043909395e-02
6.469772274589757899e-02
6.668771044012462845e-02
6.870006446154364177e-02
7.073430340398659255e-02
7.278993957274566828e-02
7.486647909234710185e-02
7.696342201603097177e-02
7.908026243692053980e-02
8.121648860086767840e-02
8.337158302095637463e-02
8.554502259364830941e-02
8.773627871655242938e-02
8.994481740780241319e-02
9.217009942702374115e-02
9.441158039786927414e-02
9.666871093210931132e-02
9.894093675525114651e-02
1.012276988336748562e-01
1.035284335032563424e-01
1.058425725994665140e-01
1.081695435889182128e-01
1.105087697023422744e-01
1.128596700689703386e-01
1.152216598523005953e-01
1.175941503872254268e-01
1.199765493184961757e-01
1.223682607404992517e-01
1.247686853383247196e-01
1.271772205300931713e-01
1.295932606105276719e-01
1.320161968957302145e-01
1.344454178691513735e-01
1.368803093287142558e-01
1.393202545350720190e-01
1.417646343609692550e-01
1.442128274416776823e-01
1.466642103264795827e-01
1.491181576311695345e-01
1.515740421915410252e-01
1.540312352178335176e-01
1.564891064501044149e-01
1.589470243144961992e-01
1.614043560803714028e-01
1.638604680182727813e-01
1.663147255586883422e-01
1.687664934515807902e-01
1.712151359266463335e-01
1.736600168542793976e-01
1.761004999071934252e-01
1.785359487226778341e-01
1.809657270654422556e-01
1.833891989910260978e-01
1.858057290097239189e-01
1.882146822510009643e-01
1.906154246283509879e-01
1.930073230045722676e-01
1.953897453574089393e-01
1.977620609455316703e-01
2.001236404748112929e-01
2.024738562648480955e-01
2.048120824157218800e-01
2.071376949749122454e-01
2.094500721043604519e-01
2.117485942476232397e-01
2.140326442970847398e-01
2.163016077611750188e-01
2.185548729315661132e-01
2.207918310502923198e-01
2.230118764767568540e-01
2.252144068545837152e-01
2.273988232782666596e-01
2.295645304595759217e-01
2.317109368936770830e-01
2.338374550249169292e-01
2.359435014122341912e-01
2.380284968941479840e-01
2.400918667532799811e-01
2.421330408803682721e-01
2.441514539377173110e-01
2.461465455220518406e-01
2.481177603267181175e-01
2.500645483031909144e-01
2.519863648218376717e-01
2.538826708318977499e-01
2.557529330206235740e-01
2.575966239715390405e-01
2.594132223217719968e-01
2.612022129184088937e-01
2.629630869738228682e-01
2.646953422199361250e-01
2.663984830613556065e-01
2.680720207273512012e-01
2.697154734226115957e-01
2.713283664767400793e-01
2.729102324924447820e-01
2.744606114923627271e-01
2.759790510644852812e-01
2.774651065061253252e-01
2.789183409663841262e-01
2.803383255870685598e-01
2.817246396420113874e-01
2.830768706747446850e-01
2.843946146344839554e-01
2.856774760103676924e-01
2.869250679639123724e-01
2.881370124596310256e-01
2.893129403937707567e-01
2.904524917211205315e-01
2.915553155798420448e-01
2.926210704142809815e-01
2.936494240957074342e-01
2.946400540409424562e-01
2.955926473288225109e-01
2.965069008144611828e-01
2.973825212412546937e-01
2.982192253505953072e-01
2.990167399892423306e-01
2.997748022143073010e-01
3.004931593958103941e-01
3.011715693167648644e-01
3.018098002707469418e-01
3.024076311569039999e-01
3.029648515723671887e-01
3.034812619020167967e-01
3.039566734055700326e-01
3.043909083019388229e-01
3.047837998508289847e-01
3.051351924315308106e-01
3.054449416188716460e-01
3.057129142562801105e-01
3.059389885259399255e-01
3.061230540159799451e-01
3.062650117846740239e-01
3.063647744216126401e-01
3.064222661058075281e-01
3.064374226606990104e-01
3.064101916060326669e-01
3.063405322065650416e-01
3.062284155175748479e-01
3.060738244271452024e-01
3.058767536951821908e-01
3.056372099891437877e-01
3.053552119164519296e-01
3.050307900535523253e-01
3.046639869716025184e-01
3.042548572587572830e-01
3.038034675390241524e-01
3.033098964876703163e-01
3.027742348431523012e-01
3.021965854155468922e-01
3.015770630914601513e-01
3.009157948353985979e-01
3.002129196875772399e-01
2.994685887581464701e-01
2.986829652178261130e-01
2.978562242849175368e-01
2.969885532086953273e-01
2.960801512491459953e-01
2.951312296530549939e-01
2.941420116264210627e-01
2.931127323031889054e-01
2.920436387102924858e-01
2.909349897289967291e-01
2.897870560525315775e-01
2.886001201400144600e-01
2.873744761666473524e-01
2.861104299701979770e-01
2.848082989937473775e-01
2.834684122247146942e-01
2.820911101301494250e-01
2.806767445883012746e-01
2.792256788164579895e-01
2.777382872950668879e-01
2.762149556881368651e-01
2.746560807599284226e-01
2.730620702879422157e-01
2.714333429722093904e-01
2.697703283408995345e-01
2.680734666522523457e-01
2.663432087928498393e-01
2.645800161722379751e-01
2.627843606139219634e-01
2.609567242427381917e-01
2.590975993686369661e-01
2.572074883668795664e-01
2.552869035546841414e-01
2.533363670643319354e-01
2.513564107127645997e-01
2.493475758676935161e-01
2.473104133102456137e-01
2.452454830941822872e-01
2.431533544017073223e-01
2.410346053959055990e-01
2.388898230698351388e-01
2.367196030923160999e-01
2.345245496504379523e-01
2.323052752888338235e-01
2.300624007457468811e-01
2.277965547859392981e-01
2.255083740304728024e-01
2.231985027834091362e-01
2.208675928554720558e-01
2.185163033847092873e-01
2.161453006542059518e-01
2.137552579068938419e-01
2.113468551575048704e-01
2.089207790017153232e-01
2.064777224225312346e-01
2.040183845939738949e-01
2.015434706821086497e-01
1.990536916434746117e-01
1.965497640209768193e-01
1.940324097372843337e-01
1.915023558858079678e-01
1.889603345193031636e-01
1.864070824361655776e-01
1.838433409644803507e-01
1.812698557438859881e-01
1.786873765053127727e-01
1.760966568486729555e-01
1.734984540185531277e-01
1.708935286779879048e-01
1.682826446803751541e-01
1.656665688396063429e-01
1.630460706984833419e-01
1.604219222954859358e-01
1.577948979299715337e-01
1.551657739258703872e-01
1.525353283939613613e-01
1.499043409927911796e-01
1.472735926883238788e-01
1.446438655123918060e-01
1.420159423200238746e-01
1.393906065457338195e-01
1.367686419588458602e-01
1.341508324179395695e-01
1.315379616244889971e-01
1.289308128757832017e-01
1.263301688172085435e-01
1.237368111939769616e-01
1.211515206023768693e-01
1.185750762406420633e-01
1.160082556595102427e-01
1.134518345125688360e-01
1.109065863064618851e-01
1.083732821510536709e-01
1.058526905096307397e-01
1.033455769492275245e-01
1.008527038911677109e-01
9.837483036190522445e-02
9.591271174425537727e-02
9.346709952909912356e-02
9.103874106765814933e-02
8.862837932441751387e-02
8.623675263079653985e-02
8.386459443964630611e-02
8.151263308067221991e-02
7.918159151686052222e-02
7.687218710201056127e-02
7.458513133944684459e-02
7.232112964201375949e-02
7.008088109343418859e-02
6.786507821112289229e-02
6.567440671054021462e-02
6.350954527118209125e-02
6.137116530428898126e-02
5.925993072235925807e-02
5.717649771056376728e-02
5.512151450013843407e-02
5.309562114385227988e-02
5.109944929362678773e-02
4.913362198040265721e-02
4.719875339633207434e-02
4.529544867938726377e-02
4.342430370046476001e-02
4.158590485307363249e-02
3.978082884568941158e-02
3.800964249685533092e-02
3.627290253311408336e-02
3.457115538985047060e-02
3.290493701512890029e-02
3.127477267659720117e-02
2.968117677154566078e-02
2.812465264019028965e-02
2.660569238226424826e-02
2.512477667698698180e-02
2.368237460649284115e-02
2.227894348278566111e-02
2.091492867830010288e-02
1.959076346013310932e-02
1.830686882802367091e-02
1.706365335614641252e-02
1.586151303878652330e-02
1.470083113996502669e-02
1.358197804707973570e-02
1.250531112862649126e-02
1.147117459606095471e-02
1.047989936986792707e-02
9.531802949892411933e-03
8.627189289997259231e-03
7.766348677099103523e-03
6.949557614643034689e-03
6.177078710568354933e-03
5.449160569817686726e-03
4.766037691441637331e-03
4.127930370349419675e-03
3.535044603751468732e-03
2.987572002342030620e-03
2.485689706265221347e-03
2.029560305908716892e-03
1.619331767565725935e-03
1.255137364004185871e-03
9.370956099815795550e-04
6.653102027412153207e-04
4.398699675239664477e-04
2.608488081272349914e-04
1.283056625421887269e-04
4.228446369752156617e-05
2.814105335955655032e-06
9.908413048668638254e-06
6.356612049011618314e-05
1.637708507939554547e-04
3.104911032090926183e-04
5.036802449724900495e-04
7.432765084337307352e-04
1.029202993443868296e-03
1.361367675019761487e-03
1.739663416292703451e-03
2.163967986747261738e-03
2.634144085756031338e-03
3.150039371412631430e-03
3.711486494663298122e-03
4.318303138735248882e-03
4.970292063859279262e-03
5.667241157280168001e-03
6.408923488547301102e-03
7.195097370075109570e-03
8.025506422962567707e-03
8.899879648057672926e-03
9.817931502249035991e-03
1.077936197996791010e-02
1.178385669988099224e-02
1.283108699674982700e-02
1.392071001843403141e-02
1.505236882800960012e-02
1.622569251097737142e-02
1.744029628752707950e-02
1.869578162982644259e-02
1.999173638430025088e-02
2.132773489886332849e-02
2.270333815506610578e-02
2.411809390511435863e-02
2.557153681372029835e-02
2.706318860473865689e-02
2.859255821254213029e-02
3.015914193808580390e-02
3.176242360961285816e-02
3.340187474794802103e-02
3.507695473631915889e-02
3.678711099465866580e-02
3.853177915832282224e-02
4.031038326116624659e-02
4.212233592291264594e-02
4.396703854075825063e-02
4.584388148514225575e-02
4.775224429961392320e-02
4.969149590473117412e-02
5.166099480591822279e-02
5.366008930521080217e-02
5.568811771681286826e-02
5.774440858639012797e-02
5.982828091402459664e-02
6.193904438075225477e-02
6.407599957859459738e-02
6.623843824401574876e-02
6.842564349471258467e-02
7.063689006965441497e-02
7.287144457228796057e-02
7.512856571681959805e-02
7.740750457748685198e-02
7.970750484072450237e-02
8.202780306013940370e-02
8.436762891419957722e-02
8.672620546654247198e-02
8.910274942880808124e-02
9.149647142590175419e-02
9.390657626358667187e-02
9.633226319831549034e-02
9.877272620918793600e-02
1.012271542719504341e-01
1.036947316349260823e-01
1.061746380967754366e-01
1.086660492859864713e-01
1.111681369419897647e-01
1.136800691977976757e-01
1.162010108640548073e-01
1.187301237144020305e-01
1.212665667720448509e-01
1.238094965974193967e-01
1.263580675768490036e-01
1.289114322120821499e-01
1.314687414106084085e-01
1.340291447766391864e-01
1.365917909026431176e-01
1.391558276613336920e-01
1.417204024979967503e-01
1.442846627230444656e-01
1.468477558046875631e-01
1.494088296616235545e-01
1.519670329556215282e-01
1.545215153838979116e-01
1.570714279711718231e-01
1.596159233612935713e-01
1.621541561083356120e-01
1.646852829670303886e-01
1.672084631824564127e-01
1.697228587788554288e-01
1.722276348474790220e-01
1.747219598333452362e-01
1.772050058208118339e-01
1.796759488178503172e-01
1.821339690389132682e-01
1.845782511862910091e-01
1.870079847298546927e-01
1.894223641850770190e-01
1.918205893892251102e-01
1.942018657756260924e-01
1.965654046459006099e-01
1.989104234400617399e-01
2.012361460043786687e-01
2.035418028569065119e-01
2.058266314505783623e-01
2.080898764337681395e-01
2.103307899082189902e-01
2.125486316842505330e-01
2.147426695331409174e-01
2.169121794365941602e-01
2.190564458332005526e-01
2.211747618617973532e-01
2.232664296016387828e-01
2.253307603092902234e-01
2.273670746521513075e-01
2.293747029385325154e-01
2.313529853441910200e-01
2.333012721352471230e-01
2.352189238873996502e-01
2.371053117013578182e-01
2.389598174144126064e-01
2.407818338080680298e-01
2.425707648116633697e-01
2.443260257019029547e-01
2.460470432982292399e-01
2.477332561539626887e-01
2.493841147431467287e-01
2.509990816430233140e-01
2.525776317120795311e-01
2.541192522635983275e-01
2.556234432346540797e-01
2.570897173504933519e-01
2.585176002842408116e-01
2.599066308118758717e-01
2.612563609624288241e-01
2.625663561633382881e-01
2.638361953809290616e-01
2.650654712559478154e-01
2.662537902341320928e-01
2.674007726917461691e-01
2.685060530560584580e-01
2.695692799207096702e-01
2.705901161559446377e-01
2.715682390136606728e-01
2.725033402272476479e-01
2.733951261061829396e-01
2.742433176253578075e-01
2.750476505091001833e-01
2.758078753098764935e-01
2.765237574816413746e-01
2.771950774478274537e-01
2.778216306639384459e-01
2.784032276747473444e-01
2.789396941660715612e-01
2.794308710111225724e-01
2.798766143114130855e-01
2.802767954322186728e-01
2.806313010325849344e-01
2.809400330898817466e-01
2.812029089188968767e-01
2.814198611854707432e-01
2.815908379146832563e-01
2.817158024935892957e-01
2.817947336685110993e-01
2.818276255369032146e-01
2.818144875337922350e-01
2.817553444128148565e-01
2.816502362218628597e-01
2.814992182733532244e-01
2.813023611091528542e-01
2.810597504601632934e-01
2.807714872006045748e-01
2.804376872970186785e-01
2.800584817520166414e-01
2.796340165428087277e-01
2.791644525545407540e-01
2.786499655084753169e-01
2.780907458850555569e-01
2.774869988418830480e-01
2.768389441266589923e-01
2.761468159851194759e-01
2.754108630640215161e-01
2.746313483092094887e-01
2.738085488588274385e-01
2.729427559317081364e-01
2.720342747110063852e-01
2.710834242231170421e-01
2.700905372119355441e-01
2.690559600085219993e-01
2.679800523962207470e-01
2.668631874712952823e-01
2.657057514991392200e-01
2.645081437661347401e-01
2.632707764272044226e-01
2.619940743491410706e-01
2.606784749497688125e-01
2.593244280330133100e-01
2.579323956199436885e-01
2.565028517758595750e-01
2.550362824335004608e-01
2.535331852124461660e-01
2.519940692347822364e-01
2.504194549371125955e-01
2.488098738789914777e-01
2.471658685478589634e-01
2.454879921605509774e-01
2.437768084614754804e-01
2.420328915175294360e-01
2.402568255098444239e-01
2.384492045224350931e-01
2.366106323278517054e-01
2.347417221699098222e-01
2.328430965435837885e-01
2.309153869721605190e-01
2.289592337817335232e-01
2.269752858731303446e-01
2.249642004913620652e-01
2.229266429926828330e-01
2.208632866093563074e-01
2.187748122122127603e-01
2.166619080710991962e-01
2.145252696132998738e-01
2.123655991800409149e-01
2.101836057811504455e-01
2.079800048479845953e-01
2.057555179847078697e-01
2.035108727180183208e-01
2.012468022454218797e-01
1.989640451821376166e-01
1.966633453067439252e-01
1.943454513056510624e-01
1.920111165164946898e-01
1.896610986705547508e-01
1.872961596342845869e-01
1.849170651500550988e-01
1.825245845761997165e-01
1.801194906264660112e-01
1.777025591089618772e-01
1.752745686646923762e-01
1.728363005057812485e-01
1.703885381534770149e-01
1.679320671760333172e-01
1.654676749265553137e-01
1.629961502809105511e-01
1.605182833757944072e-01
1.580348653470465270e-01
1.555466880683041841e-01
1.530545438900887123e-01
1.505592253794166835e-01
1.480615250600254285e-01
1.455622351532988579e-01
1.430621473199893690e-01
1.405620524028262097e-01
1.380627401700824930e-01
1.355649990602097732e-01
1.330696159276108514e-01
1.305773757896465381e-01
1.280890615749507577e-01
1.256054538731461723e-01
1.231273306860434236e-01
1.206554671803999057e-01
1.181906354423259975e-01
1.157336042334120574e-01
1.132851387486630973e-01
1.108460003763157287e-01
1.084169464596084764e-01
1.059987300605943900e-01
1.035920997260605381e-01
1.011977992556292449e-01
9.881656747212032299e-02
9.644913799423485146e-02
9.409623901164726467e-02
9.175859306255307324e-02
8.943691681375967595e-02
8.713192084337374743e-02
8.484430942616030813e-02
8.257478032162937631e-02
8.032402456491304077e-02
7.809272626050392518e-02
7.588156237890539280e-02
7.369120255625126459e-02
7.152230889695958271e-02
6.937553577947523642e-02
6.725152966514665043e-02
6.515092891029888866e-02
6.307436358155298073e-02
6.102245527444080664e-02
5.899581693535971283e-02
5.699505268692214854e-02
5.502075765673886815e-02
5.307351780968674188e-02
5.115390978369601521e-02
4.926250072910313277e-02
4.739984815160943471e-02
4.556649975888210635e-02
4.376299331083265132e-02
4.198985647360987949e-02
4.024760667734388758e-02
3.853675097766579710e-02
3.685778592103939461e-02
3.521119741393336638e-02
3.359746059586061345e-02
3.201703971630796147e-02
3.047038801558478796e-02
2.895794760961205999e-02
2.748014937867271010e-02
2.603741286014233172e-02
2.463014614521882861e-02
2.325874577967103687e-02
2.192359666861570106e-02
2.062507198534059213e-02
1.936353308418534494e-02
1.813932941749002783e-02
1.695279845661996562e-02
1.580426561707633931e-02
1.469404418769654566e-02
1.362243526395210715e-02
1.258972768534382357e-02
1.159619797689784640e-02
1.064211029476271400e-02
9.727716375907987864e-03
8.853255491917970746e-03
8.018954406879830188e-03
7.225027339359917956e-03
6.471675928461840914e-03
5.759089203956931427e-03
5.087443560478733390e-03
4.456902735770982768e-03
3.867617792975673249e-03
3.319727106948381756e-03
2.813356354586329846e-03
2.348618509152994738e-03
1.925613838581440680e-03
1.544429907737138218e-03
1.205141584622993096e-03
9.078110505024606248e-04
6.524878139199855433e-04
4.392087285949152083e-04
2.679980151647919800e-04
1.388672867511134518e-04
5.181557832133439539e-05
6.829379818961964784e-06
3.882673032481210970e-06
4.293697217274726957e-05
1.239413681276627642e-04
2.468325763618758667e-04
4.115349884278087520e-04
6.179607270540876966e-04
8.660097047757730560e-04
1.155569686069859948e-03
1.486516352959542245e-03
1.858713374048368569e-03
2.272012476945802634e-03
2.726253524043606349e-03
3.221264591603280845e-03
3.756862052111798952e-03
4.332850659865275338e-03
4.949023639733993521e-03
5.605162779068548727e-03
6.301038522700472440e-03
7.036410070992651748e-03
7.811025480892023337e-03
8.624621769940001362e-03
9.476925023193144212e-03
1.036765050300318160e-02
1.129650276161066683e-02
1.226317575650327611e-02
1.326735296848740100e-02
1.430870752242210595e-02
1.538690231056783798e-02
1.650159011849558141e-02
1.765241375350793188e-02
1.883900617551389697e-02
2.006099063031287558e-02
2.131798078523050588e-02
2.260958086704950229e-02
2.393538580219030376e-02
2.529498135908008274e-02
2.668794429266103940e-02
2.811384249097616597e-02
2.957223512378776356e-02
3.106267279316329150e-02
3.258469768598357824e-02
3.413784372830425823e-02
3.572163674152992879e-02
3.733559460033385874e-02
3.897922739227370481e-02
4.065203757904021359e-02
4.235352015929059327e-02
4.408316283300765109e-02
4.584044616732189242e-02
4.762484376375019507e-02
4.943582242678652705e-02
5.127284233379714867e-02
5.313535720614885605e-02
5.502281448153133192e-02
5.693465548740629656e-02
5.887031561553052877e-02
6.082922449749377652e-02
6.281080618122010517e-02
6.481447930837476445e-02
6.683965729262070221e-02
6.888574849866439809e-02
7.095215642204452666e-02
7.303827986960526042e-02
7.514351314058977105e-02
7.726724620831412760e-02
7.940886490235778139e-02
8.156775109121822132e-02
8.374328286537281729e-02
8.593483472070179152e-02
8.814177774221067241e-02
9.036347978800732261e-02
9.259930567346738584e-02
9.484861735555336071e-02
9.711077411721925901e-02
9.938513275186519613e-02
1.016710477477654473e-01
1.039678714724519837e-01
1.062749543569771471e-01
1.085916450800122612e-01
1.109172907517399775e-01
1.132512370974800286e-01
1.155928286410123768e-01
1.179414088875294919e-01
1.202963205061964441e-01
1.226569055122445351e-01
1.250225054485782084e-01
1.273924615668166893e-01
1.297661150077608350e-01
1.321428069812093931e-01
1.345218789450994823e-01
1.369026727839123270e-01
1.392845309863131598e-01
1.416667968219776086e-01
1.440488145175525259e-01
1.464299294317277511e-01
1.488094882293582721e-01
1.511868390546125540e-01
1.535613317030893599e-01
1.559323177928796100e-01
1.582991509345225423e-01
1.606611868998276960e-01
1.630177837895083470e-01
1.653683021996096014e-01
1.677121053866781897e-01
1.700485594316474003e-01
1.723770334023924655e-01
1.746968995149329462e-01
1.770075332932375400e-01
1.793083137276009487e-01
1.815986234315632719e-01
1.838778487973355413e-01
1.861453801496973093e-01
1.884006118983425349e-01
1.906429426886361300e-01
1.928717755507519671e-01
1.950865180471727522e-01
1.972865824185037198e-01
1.994713857275923763e-01
2.016403500019136319e-01
2.037929023742019174e-01
2.059284752212914571e-01
2.080465063011608384e-01
2.101464388881310597e-01
2.122277219062130849e-01
2.142898100605716560e-01
2.163321639670843233e-01
2.183542502799750429e-01
2.203555418174963920e-01
2.223355176856433024e-01
2.242936633998757479e-01
2.262294710048348145e-01
2.281424391920211792e-01
2.300320734154348012e-01
2.318978860051399971e-01
2.337393962787540358e-01
2.355561306508301422e-01
2.373476227401240257e-01
2.391134134747326945e-01
2.408530511950803532e-01
2.425660917547449169e-01
2.442520986191089871e-01
2.459106429618246603e-01
2.475413037590673271e-01
2.491436678815889261e-01
2.507173301845360136e-01
2.522618935950365349e-01
2.537769691975388375e-01
2.552621763168917979e-01
2.567171425991655598e-01
2.581415040901942071e-01
2.595349053118337634e-01
2.608969993359332440e-01
2.622274478560123745e-01
2.635259212566248843e-01
2.647920986804235821e-01
2.660256680929037332e-01
2.672263263448292347e-01
2.683937792323317084e-01
2.695277415546837307e-01
2.706279371697387082e-01
2.716940990470374517e-01
2.727259693185742906e-01
2.737232993272277204e-01
2.746858496728487031e-01
2.756133902560076177e-01
2.765057003193958640e-01
2.773625684868930019e-01
2.781837928002843241e-01
2.789691807536391899e-01
2.797185493253545596e-01
2.804317250078534052e-01
2.811085438349549270e-01
2.817488514069043659e-01
2.823525029130796171e-01
2.829193631523658214e-01
2.834493065512129206e-01
2.839422171793705152e-01
2.843979887633114045e-01
2.848165246973478615e-01
2.851977380524421402e-01
2.855415515827248174e-01
2.858478977297179702e-01
2.861167186242781768e-01
2.863479660862637832e-01
2.865416016219282658e-01
2.866975964190562887e-01
2.868159313398483401e-01
2.868965969115560566e-01
2.869395933148880529e-01
2.869449303701830378e-01
2.869126275213726429e-01
2.868427138177351843e-01
2.867352278934517384e-01
2.865902179449783538e-01
2.864077417062464437e-01
2.861878664216936374e-01
2.859306688171494581e-01
2.856362350685762719e-01
2.853046607686864355e-01
2.849360508914443590e-01
2.845305197544630849e-01
2.840881909793155358e-01
2.836091974497713664e-01
2.830936812679670234e-01
2.825417937085353826e-01
2.819536951706939631e-01
2.813295551283223617e-01
2.806695520780327358e-01
2.799738734852476596e-01
2.792427157283131622e-01
2.784762840406462270e-01
2.776747924509472831e-01
2.768384637214816868e-01
2.759675292844566141e-01
2.750622291765049687e-01
2.741228119712911804e-01
2.731495347102632643e-01
2.721426628315616880e-01
2.711024700971070844e-01
2.700292385178811316e-01
2.689232582774225833e-01
2.677848276535544914e-01
2.666142529383623838e-01
2.654118483564394948e-01
2.641779359814236949e-01
2.629128456508396106e-01
2.616169148792685251e-01
2.602904887698657688e-01
2.589339199242450262e-01
2.575475683507487679e-01
2.561318013711283426e-01
2.546869935256479978e-01
2.532135264766436356e-01
2.517117889105466855e-01
2.501821764384016822e-01
2.486250914948941182e-01
2.470409432359162716e-01
2.454301474346852474e-01
2.437931263764404333e-01
2.421303087517416852e-01
2.404421295483893939e-01
2.387290299419919104e-01
2.369914571851939322e-01
2.352298644956066220e-01
2.334447109424422351e-01
2.316364613318920851e-01
2.298055860912590065e-01
2.279525611518846973e-01
2.260778678308736633e-01
2.241819927116572020e-01
2.222654275234110521e-01
2.203286690193566599e-01
2.183722188539641562e-01
2.163965834590867721e-01
2.144022739190544202e-01
2.123898058447414028e-01
2.103596992466439941e-01
2.083124784069849411e-01
2.062486717508791589e-01
2.041688117165777749e-01
2.020734346248213298e-01
1.999630805473246731e-01
1.978382931744277762e-01
1.956996196819265066e-01
1.935476105971204175e-01
1.913828196640958990e-01
1.892058037082822997e-01
1.870171225002956461e-01
1.848173386191018230e-01
1.826070173145344089e-01
