0.000000000000000000e+00
2.284151909585281838e-08
9.122628342592425078e-08
2.041479437992098519e-07
3.595502724472449842e-07
5.543560690355711782e-07
7.845121803416305116e-07
1.045050515689761501e-06
1.330164901682345640e-06
1.633303581337190754e-06
1.947277124702875987e-06
2.264381480328844898e-06
2.576535859751562145e-06
2.875435110244044295e-06
3.152716195107806004e-06
3.400138364881578021e-06
3.609776568130366271e-06
3.774227616145116248e-06
3.886828582465113754e-06
3.941886885539268686e-06
3.934921471083281837e-06
3.862914480104051973e-06
3.724572758497875330e-06
3.520598535817969651e-06
3.253968572805515649e-06
2.930221051217679570e-06
2.557749454012154203e-06
2.148102660143461268e-06
1.716290455455549123e-06
1.281093639946240845e-06
8.653778918055615359e-07
4.964105300825607246e-07
2.061793009660316390e-07
3.171229719147396665e-08
1.539810625447263002e-08
2.053052708201157732e-07
6.555001341276655169e-07
1.426362134262704179e-06
2.584895603892305856e-06
4.205037126632211597e-06
6.367957497431903092e-06
9.162357332479323615e-06
1.268475537390051194e-05
1.703976853641478282e-05
2.234038274651268226e-05
2.870821363027713770e-05
3.627375611306182687e-05
4.517662200392779742e-05
5.556576464816578349e-05
6.759968974490878604e-05
8.144665144118747144e-05
9.728483283122103245e-05
1.153025100077924287e-04
1.356981988334528635e-04
1.586807836221074618e-04
1.844696269455528310e-04
2.132946598052144196e-04
2.453964514391094491e-04
2.810262580612466637e-04
3.204460498650959404e-04
3.639285156539759153e-04
4.117570444973969322e-04
4.642256838485913826e-04
5.216390735973165660e-04
5.843123555715236395e-04
6.525710580425264163e-04
7.267509548335584308e-04
8.071978986716888804e-04
8.942676284736515062e-04
9.883255502994353278e-04
1.089746491758250817e-03
1.198914429698376850e-03
1.316222191065997364e-03
1.442071126867251578e-03
1.576870759219926041e-03
1.721038401538024440e-03
1.874998751941618679e-03
2.039183460041635396e-03
2.214030667306628435e-03
2.399984521269582591e-03
2.597494663891859127e-03
2.807015694458876200e-03
3.029006607435758697e-03
3.263930205770554632e-03
3.512252490186409688e-03
3.774442025064142416e-03
4.050969281570664104e-03
4.342305958744999486e-03
4.648924283307416180e-03
4.971296289016421087e-03
5.309893076449427943e-03
5.665184054133672563e-03
6.037636162013921247e-03
6.427713078284705804e-03
6.835874410677281708e-03
7.262574873326508272e-03
7.708263450401795641e-03
8.173382547728686928e-03
8.658367133664680165e-03
9.163643870550953335e-03
9.689630238087139705e-03
1.023673365002285285e-02
1.080535056559561377e-02
1.139586559717827192e-02
1.200865061563258229e-02
1.264406385489288270e-02
1.330244901733642314e-02
1.398413438151371695e-02
1.468943191384596871e-02
1.541863638590303814e-02
1.617202449890339788e-02
1.694985401708669001e-02
1.775236291161802135e-02
1.857976851669600193e-02
1.943226669953976651e-02
2.031003104592927350e-02
2.121321206297687237e-02
2.214193640079628253e-02
2.309630609473844326e-02
2.407639782983848203e-02
2.508226222911683068e-02
2.611392316734890973e-02
2.717137711190523511e-02
2.825459249223696151e-02
2.936350909954569752e-02
3.049803751816193564e-02
3.165805859010695222e-02
3.284342291428134220e-02
3.405395038168657074e-02
3.528942974803112032e-02
3.654961824503658030e-02
3.783424123170287673e-02
3.914299188673795588e-02
4.047553094330511025e-02
4.183148646717511909e-02
4.321045367931361514e-02
4.461199482387184778e-02
4.603563908246825070e-02
4.748088253559498012e-02
4.894718817189913640e-02
5.043398594602164359e-02
5.194067288558737450e-02
5.346661324787825575e-02
5.501113872662871662e-02
5.657354870929810070e-02
5.815311058510100328e-02
5.974906010397863093e-02
6.136060178661672387e-02
6.298690938552245489e-02
6.462712639708130535e-02
6.628036662443098637e-02
6.794571479089026034e-02
6.962222720360153327e-02
7.130893246693618959e-02
7.300483224513948377e-02
7.470890207358582558e-02
7.642009221792947504e-02
7.813732858034495854e-02
7.985951365195884111e-02
8.158552751048449292e-02
8.331422886198981692e-02
8.504445612562673562e-02
8.677502856007648924e-02
8.850474743038062864e-02
9.023239721373292610e-02
9.195674684274263155e-02
9.367655098458592400e-02
9.539055135439496180e-02
9.709747806115810731e-02
9.879605098433155708e-02
1.004849811792943720e-01
1.021629723097103731e-01
1.038287221048103115e-01
1.054809238395289783e-01
1.071182678353901352e-01
1.087394429799777851e-01
1.103431382627688417e-01
1.119280443250928320e-01
1.134928550218886056e-01
1.150362689929520649e-01
1.165569912412842829e-01
1.180537347161505907e-01
1.195252218984297760e-01
1.209701863858033133e-01
1.223873744753380816e-01
1.237755467409747817e-01
1.251334796034671015e-01
1.264599668902753049e-01
1.277538213829516878e-01
1.290138763495339014e-01
1.302389870595099530e-01
1.314280322788876076e-01
1.325799157429781439e-01
1.336935676044782029e-01
1.347679458544870090e-01
1.358020377141538892e-01
1.367948609946305627e-01
1.377454654231089481e-01
1.386529339327396138e-01
1.395163839142802009e-01
1.403349684273878795e-01
1.411078773695253197e-01
1.418343386005245788e-01
1.425136190208995957e-01
1.431450256020926348e-01
1.437279063669044676e-01
1.442616513184433735e-01
1.447456933159958492e-01
1.451795088963387659e-01
1.455626190390512109e-01
1.458945898745425129e-01
1.461750333335317120e-01
1.464036077368860156e-01
1.465800183247546462e-01
1.467040177240914733e-01
1.467754063537258236e-01
1.467940327662659861e-01
1.467597939262130224e-01
1.466726354237786745e-01
1.465325516240047476e-01
1.463395857508913434e-01
1.460938299063415380e-01
1.457954250238750193e-01
1.454445607571085430e-01
1.450414753031828152e-01
1.445864551613810500e-01
1.440798348272935847e-01
1.435219964230210477e-01
1.429133692639826536e-01
1.422544293630271239e-01
1.415456988726286058e-01
1.407877454660741434e-01
1.399811816586337410e-01
1.391266640698092250e-01
1.382248926278634715e-01
1.372766097179088929e-01
1.362825992749467086e-01
1.352436858233252714e-01
1.341607334641696236e-01
1.330346448124404002e-01
1.318663598853186958e-01
1.306568549437538140e-01
1.294071412889992445e-01
1.281182640161318553e-01
1.267913007265170644e-01
1.254273602013249167e-01
1.240275810382035215e-01
1.225931302533099509e-01
1.211252018509171996e-01
1.196250153628854451e-01
1.180938143603139645e-01
1.165328649397246591e-01
1.149434541861730358e-01
1.133268886156955091e-01
1.116844925995325866e-01
1.100176067725888301e-01
1.083275864285940665e-01
1.066157999044432120e-01
1.048836269562095080e-01
1.031324571293039671e-01
1.013636881252608646e-01
9.957872416762887646e-02
9.777897436940716225e-02
9.596585110447966582e-02
9.414076838545643033e-02
9.230514025030711611e-02
9.046037916015074731e-02
8.860789441051958315e-02
8.674909055837784488e-02
8.488536586714859333e-02
8.301811077192262911e-02
8.114870636700798057e-02
7.927852291790002393e-02
7.740891839970377719e-02
7.554123706398735427e-02
7.367680803596361738e-02
7.181694394383869584e-02
6.996293958210968167e-02
6.811607061049419765e-02
6.627759229012930575e-02
6.444873825857264094e-02
6.263071934508024352e-02
6.082472242754926456e-02
5.903190933242179195e-02
5.725341577876915528e-02
5.549035036769593005e-02
5.374379361810364963e-02
5.201479704976788576e-02
5.030438231461163701e-02
4.861354037693443875e-02
4.694323074330356005e-02
4.529438074269390158e-02
4.366788485739306336e-02
4.206460410508171960e-02
4.048536547242422012e-02
3.893096140040223918e-02
3.740214932154325295e-02
3.589965124910324962e-02
3.442415341817866431e-02
3.297630597863250579e-02
3.155672273964010149e-02
3.016598096557133318e-02
2.880462122284447452e-02
2.747314727731741194e-02
2.617202604168003890e-02
2.490168757226624008e-02
2.366252511459918106e-02
2.245489519693803782e-02
2.127911777100303242e-02
2.013547639900559530e-02
1.902421848603209550e-02
1.794555555677844819e-02
1.689966357556843893e-02
1.588668330852822594e-02
1.490672072675075684e-02
1.395984744921095061e-02
1.304610122416667919e-02
1.216548644772221313e-02
1.131797471819535710e-02
1.050350542488893459e-02
9.721986369832338534e-03
8.973294421031398696e-03
8.257276195726704834e-03
7.573748772145384896e-03
6.922500428201422938e-03
6.303291405585525163e-03
5.715854697666587075e-03
5.159896859614223306e-03
4.635098839144811619e-03
4.141116826283443818e-03
3.677583120533968117e-03
3.244107013845105598e-03
2.840275687769029406e-03
2.465655123206250514e-03
2.119791021145816644e-03
1.802209732817999137e-03
1.512419197689253295e-03
1.249909887748581680e-03
1.014155756550134914e-03
8.046151915002203647e-04
6.207319679007723516e-04
4.619362032851884636e-04
3.276453106133350181e-04
2.172649489203017364e-04
1.301899700480311963e-04
6.580536012055654166e-05
2.348717446162647805e-05
2.603464689744245350e-06
2.515196765195590589e-06
2.257715880392291712e-05
6.213885751526923530e-05
1.205454021633488927e-04
1.971383749962631222e-04
2.912566871324073336e-04
4.022374189394888446e-04
5.294166439876969374e-04
6.721302357082244812e-04
8.297146559330822145e-04
1.001507724544399743e-03
1.186849369507043473e-03
1.385082356609504883e-03
1.595552998286586290e-03
1.817611840946187262e-03
2.050614330273379474e-03
2.293921454030400063e-03
2.546900361925392379e-03
2.808924962165800128e-03
3.079376494363066964e-03
3.357644078503148766e-03
3.643125239742418288e-03
3.935226408835187928e-03
4.233363398044851823e-03
4.536961852438662138e-03
4.845457676498361732e-03
5.158297436039560417e-03
5.474938735454862315e-03
5.794850570352526320e-03
6.117513655691193819e-03
6.442420729556458565e-03
6.769076832754781538e-03
7.096999564443162885e-03
7.425719314044592310e-03
7.754779469728234446e-03
8.083736603772805410e-03
8.412160635155015512e-03
8.739634969736917100e-03
9.065756618454001020e-03
9.390136293926926517e-03
9.712398485952556532e-03
1.003218151634272665e-02
1.034913757361080947e-02
1.066293272801505446e-02
1.097324692749882154e-02
1.127977397507008706e-02
1.158222148819279713e-02
1.188031084076369460e-02
1.217377708827072254e-02
1.246236887673200441e-02
1.274584833603030140e-02
1.302399095826301152e-02
1.329658546173425292e-02
1.356343364122140904e-02
1.382435020515605968e-02
1.407916260035151773e-02
1.432771082492938393e-02
1.456984723007588578e-02
1.480543631127398223e-02
1.503435448965103303e-02
1.525648988407266905e-02
1.547174207461948260e-02
1.568002185806785867e-02
1.588125099599927564e-02
1.607536195614605451e-02
1.626229764758394675e-02
1.644201115035895389e-02
1.661446544014519647e-02
1.677963310849770601e-02
1.693749607927280340e-02
1.708804532176552704e-02
1.723128056110116366e-02
1.736720998641216526e-02
1.749584995731104028e-02
1.761722470915608185e-02
1.773136605759690829e-02
1.783831310286902033e-02
1.793811193428920814e-02
1.803081533538956546e-02
1.811648249011539938e-02
1.819517869048963010e-02
1.826697504613478823e-02
1.833194819602353837e-02
1.839018002281822550e-02
1.844175737013314595e-02
1.848677176304750966e-02
1.852531913217184481e-02
1.855749954155816797e-02
1.858341692072434242e-02
1.860317880105338134e-02
1.861689605679930221e-02
1.862468265093354669e-02
1.862665538602256005e-02
1.862293366034785402e-02
1.861363922942345719e-02
1.859889597308476625e-02
1.857882966828836024e-02
1.855356776774816016e-02
1.852323918453211218e-02
1.848797408271015894e-02
1.844790367414798904e-02
1.840316002151567987e-02
1.835387584757199736e-02
1.830018435077301192e-02
1.824221902723794156e-02
1.818011349909773658e-02
1.811400134923401087e-02
1.804401596241326025e-02
1.797029037280195585e-02
1.789295711784453721e-02
1.781214809847269168e-02
1.772799444560488324e-02
1.764062639289087214e-02
1.755017315564147418e-02
1.745676281587652673e-02
1.736052221342333779e-02
1.726157684298081432e-02
1.716005075706583671e-02
1.705606647474641746e-02
1.694974489606325754e-02
1.684120522204018630e-02
1.673056488016278279e-02
1.661793945522670873e-02
1.650344262542445539e-02
1.638718610355537411e-02
1.626927958323262299e-02
1.614983068995640841e-02
1.602894493692688660e-02
1.590672568545825616e-02
1.578327410986249402e-02
1.565868916666451546e-02
1.553306756800952419e-02
1.540650375912350906e-02
1.527908989969066142e-02
1.515091584899950702e-02
1.502206915472420988e-02
1.489263504519780165e-02
1.476269642503704946e-02
1.463233387397851019e-02
1.450162564879160440e-02
1.437064768812466864e-02
1.423947362015227404e-02
1.410817477288754153e-02
1.397682018702723315e-02
1.384547663119465449e-02
1.371420861945743530e-02
1.358307843098480704e-02
1.345214613172777962e-02
1.332146959799188589e-02
1.319110454178778341e-02
1.306110453784078279e-02
1.293152105214174889e-02
1.280240347193109529e-02
1.267379913700523650e-02
1.254575337223820530e-02
1.241830952121739801e-02
1.229150898088980648e-02
1.216539123712637345e-02
1.203999390110475215e-02
1.191535274642438122e-02
1.179150174686490089e-02
1.166847311469914293e-02
1.154629733948678988e-02
1.142500322726268565e-02
1.130461794005005460e-02
1.118516703562452350e-02
1.106667450745847658e-02
1.094916282478371541e-02
1.083265297270458866e-02
1.071716449230726738e-02
1.060271552070279032e-02
1.048932283095433196e-02
1.037700187183525531e-02
1.026576680736944990e-02
1.015563055611093217e-02
1.004660483011605293e-02
9.938700173572914687e-03
9.831926001045109692e-03
9.726290635299297826e-03
9.621801344681329624e-03
9.518464380012478868e-03
9.416285010975484343e-03
9.315267561968121682e-03
9.215415447397151683e-03
9.116731206394328157e-03
9.019216536933627806e-03
8.922872329332703564e-03
8.827698699122104101e-03
8.733695019271551022e-03
8.640859951757168603e-03
8.549191478462180721e-03
8.458686931403240974e-03
8.369343022270875690e-03
8.281155871285026879e-03
8.194121035354712604e-03
8.108233535542854267e-03
8.023487883834711301e-03
7.939878109206171056e-03
7.857397782996928051e-03
7.776040043585613973e-03
7.695797620374803492e-03
7.616662857084308645e-03
7.538627734359537591e-03
7.461683891702288601e-03
7.385822648726178899e-03
7.311035025746950161e-03
7.237311763711846112e-03
7.164643343479636280e-03
7.093020004457160563e-03
7.022431762603027587e-03
6.952868427807201192e-03
6.884319620657814928e-03
6.816774788604225595e-03
6.750223221527701205e-03
6.684654066730899395e-03
6.620056343357301823e-03
6.556418956253034711e-03
6.493730709280493354e-03
6.431980318099060449e-03
6.371156422421715010e-03
6.311247597762544188e-03
6.252242366685305253e-03
6.194129209566251112e-03
6.136896574883174242e-03
6.080532889044479132e-03
6.025026565768141704e-03
5.970366015023814178e-03
5.916539651552050333e-03
5.863535902970376870e-03
5.811343217479094693e-03
5.759950071179430198e-03
5.709344975014774524e-03
5.659516481347773124e-03
5.610453190183667047e-03
5.562143755052466158e-03
5.514576888560594227e-03
5.467741367622954568e-03
5.421626038385423015e-03
5.376219820851857630e-03
5.331511713221211840e-03
5.287490795948463114e-03
5.244146235539674447e-03
5.201467288086849064e-03
5.159443302558119719e-03
5.118063723849402245e-03
5.077318095604912811e-03
5.037196062820144780e-03
4.997687374232547518e-03
4.958781884509998877e-03
4.920469556244222789e-03
4.882740461759168225e-03
4.845584784739933627e-03
4.808992821691295515e-03
4.772954983234138464e-03
4.737461795243201254e-03
4.702503899838321282e-03
4.668072056233074293e-03
4.634157141445701365e-03
4.600750150883723723e-03
4.567842198802953176e-03
4.535424518650446081e-03
4.503488463296537354e-03
4.472025505159573158e-03
4.441027236231901397e-03
4.410485368009687407e-03
4.380391731331830137e-03
4.350738276136231764e-03
4.321517071131532502e-03
4.292720303395792733e-03
4.264340277902077363e-03
4.236369416975685129e-03
4.208800259689066646e-03
4.181625461196112128e-03
4.154837792009819473e-03
4.128430137228575499e-03
4.102395495712243823e-03
4.076726979212931361e-03
4.051417811462239282e-03
4.026461327220435919e-03
4.001850971286165584e-03
3.977580297474884660e-03
3.953642967564144524e-03
3.930032750210061578e-03
3.906743519837410812e-03
3.883769255507304140e-03
3.861104039759648450e-03
3.838742057438502761e-03
3.816677594498507371e-03
3.794905036795623299e-03
3.773418868863703379e-03
3.752213672679330977e-03
3.731284126415005710e-03
3.710625003184211956e-03
3.690231169778791700e-03
3.670097585399714583e-03
3.650219300383716284e-03
3.630591454926280093e-03
3.611209277802493456e-03
3.592068085086191475e-03
3.573163278870077498e-03
3.554490345987162524e-03
3.536044856732695977e-03
3.517822463590710401e-03
3.499818899963942371e-03
3.482029978908340439e-03
3.464451591872471075e-03
3.447079707445240004e-03
3.429910370107954257e-03
3.412939698995492814e-03
3.396163886666073248e-03
3.379579197877801561e-03
3.363181968376544560e-03
3.346968603692835383e-03
3.330935577948796172e-03
3.315079432675639530e-03
3.299396775643424068e-03
3.283884279700085077e-03
3.268538681624580649e-03
3.253356780990514664e-03
3.238335439042964482e-03
3.223471577587396202e-03
3.208762177891908655e-03
3.194204279602147391e-03
3.179794979669715686e-03
3.165531431294576949e-03
3.151410842879423264e-03
3.137430476999792175e-03
3.123587649386274506e-03
3.109879727922392791e-03
3.096304131654530403e-03
3.082858329817689605e-03
3.069539840874130343e-03
3.056346231566980584e-03
3.043275115987766934e-03
3.030324154658039885e-03
3.017491053625184338e-03
3.004773563572291344e-03
2.992169478943265508e-03
2.979676637079965718e-03
2.967292917375584631e-03
2.955016240440795292e-03
2.942844567283973718e-03
2.930775898505598963e-03
2.918808273506798973e-03
2.906939769710415941e-03
2.895168501797147284e-03
2.883492620954188328e-03
2.871910314137887232e-03
2.860419803349539998e-03
2.849019344923999896e-03
2.837707228832168568e-03
2.826481777995595943e-03
2.815341347614835638e-03
2.804284324509712708e-03
2.793309126472116963e-03
2.782414201632084708e-03
2.771598027835203877e-03
2.760859112032564271e-03
2.750195989683109320e-03
2.739607224166864998e-03
2.729091406210313979e-03
2.718647153324046419e-03
2.708273109250093104e-03
2.697967943422365737e-03
2.687730350436668119e-03
2.677559049532383766e-03
2.667452784084581828e-03
2.657410321106818459e-03
2.647430450764475321e-03
2.637511985897698485e-03
2.627653761555779136e-03
2.617854634539834059e-03
2.608113482956190676e-03
2.598429205779357286e-03
2.588800722423892451e-03
2.579226972326717840e-03
2.569706914536694364e-03
2.560239527314860358e-03
2.550823807742801271e-03
2.541458771339296600e-03
2.532143451686171692e-03
2.522876900062051651e-03
2.513658185084084121e-03
2.504486392358401623e-03
2.495360624137495011e-03
2.486279998986136962e-03
2.477243651454761296e-03
2.468250731759347519e-03
2.459300405469573916e-03
2.450391853204213558e-03
2.441524270332289578e-03
2.432696866682396673e-03
2.423908866258065505e-03
2.415159506959676985e-03
2.406448040312825394e-03
2.397773731203308150e-03
2.389135857618066537e-03
2.380533710391657173e-03
2.371966592959571293e-03
2.363433821116497566e-03
2.354934722780661644e-03
2.346468637763465728e-03
2.338034917544707433e-03
2.329632925053078292e-03
2.321262034451524250e-03
2.312921630927882322e-03
2.304611110490485063e-03
2.296329879768839108e-03
2.288077355817770553e-03
2.279852965928163156e-03
2.271656147440445639e-03
2.263486347563343441e-03
2.255343023196457707e-03
2.247225640757816428e-03
2.239133676014427084e-03
2.231066613917408094e-03
2.223023948441724216e-03
2.215005182427834916e-03
2.207009827429013121e-03
2.199037403561219638e-03
2.191087439356745412e-03
2.183159471621350534e-03
2.175253045294745207e-03
2.167367713314288184e-03
2.159503036482244426e-03
2.151658583335524285e-03
2.143833930018979299e-03
2.136028660161510846e-03
2.128242364755189402e-03
2.120474642037052226e-03
2.112725097373690034e-03
2.104993343148395431e-03
2.097278998651543568e-03
2.089581689972704916e-03
2.081901049895759550e-03
2.074236717796152079e-03
2.066588339540963767e-03
2.058955567390855119e-03
2.051338059904442724e-03
2.043735481844690966e-03
2.036147504087984766e-03
2.028573803534574477e-03
2.021014063021502310e-03
2.013467971237451262e-03
2.005935222639290607e-03
1.998415517370892135e-03
1.990908561183480328e-03
1.983414065358146162e-03
1.975931746629207026e-03
1.968461327110512197e-03
1.961002534222447413e-03
1.953555100621026316e-03
1.946118764128473323e-03
1.938693267664968762e-03
1.931278359182648282e-03
1.923873791600188600e-03
1.916479322739661397e-03
1.909094715264076118e-03
1.901719736616555361e-03
1.894354158960950092e-03
1.886997759123398974e-03
1.879650318535581012e-03
1.872311623178779180e-03
1.864981463529276958e-03
1.857659634505127045e-03
1.850345935413584900e-03
1.843040169900066888e-03
1.835742145897907704e-03
1.828451675579459597e-03
1.821168575307744114e-03
1.813892665589604157e-03
1.806623771029409629e-03
1.799361720284151740e-03
1.792106346018850632e-03
1.784857484863220907e-03
1.777614977369669199e-03
1.770378667971074255e-03
1.763148404940156899e-03
1.755924040349742931e-03
1.748705430033159394e-03
1.741492433546153054e-03
1.734284914128904299e-03
1.727082738669412322e-03
1.719885777666782089e-03
1.712693905196120041e-03
1.705506998873587872e-03
1.698324939821849655e-03
1.691147612636938191e-03
1.683974905355248644e-03
1.676806709420867623e-03
1.669642919654317154e-03
1.662483434221107828e-03
1.655328154601379623e-03
1.648176985559812041e-03
1.641029835115953833e-03
1.633886614515638221e-03
1.626747238202350858e-03
1.619611623789334823e-03
1.612479692032149029e-03
1.605351366801662264e-03
1.598226575057751968e-03
1.591105246823165415e-03
1.583987315157659110e-03
1.576872716133441172e-03
1.569761388809863892e-03
1.562653275209360728e-03
1.555548320293449879e-03
1.548446471939285375e-03
1.541347680916401158e-03
1.534251900863991408e-03
1.527159088268484257e-03
1.520069202441464394e-03
1.512982205497958883e-03
1.505898062335118710e-03
1.498816740610882554e-03
1.491738210723762923e-03
1.484662445791858380e-03
1.477589421633084205e-03
1.470519116745244107e-03
1.463451512286494637e-03
1.456386592056109052e-03
1.449324342475366524e-03
1.442264752569112456e-03
1.435207813947002439e-03
1.428153520785437275e-03
1.421101869809649788e-03
1.414052860275826764e-03
1.407006493953821781e-03
1.399962775109764605e-03
1.392921710489072830e-03
1.385883309299543523e-03
1.378847583195000641e-03
1.371814546258388629e-03
1.364784214986182898e-03
1.357756608271898239e-03
1.350731747390447471e-03
1.343709655982573388e-03
1.336690360039164251e-03
1.329673887885991041e-03
1.322660270168849340e-03
1.315649539838328668e-03
1.308641732134957839e-03
1.301636884574731284e-03
1.294635036934545843e-03
1.287636231237744219e-03
1.280640511740016455e-03
1.273647924915149174e-03
1.266658519441217837e-03
1.259672346186581663e-03
1.252689458196485067e-03
1.245709910679033711e-03
1.238733760992059407e-03
1.231761068629516620e-03
1.224791895208457090e-03
1.217826304455688720e-03
1.210864362194728717e-03
1.203906136332904848e-03
1.196951696848463182e-03
1.190001115777779067e-03
1.183054467202726600e-03
1.176111827237813490e-03
1.169173274018085480e-03
1.162238887686283971e-03
1.155308750380661760e-03
1.148382946222472429e-03
1.141461561303984710e-03
1.134544683676114336e-03
1.127632403336333456e-03
1.120724812216635771e-03
1.113822004171530298e-03
1.106924074966008894e-03
1.100031122263634776e-03
1.093143245614898841e-03
1.086260546445003312e-03
1.079383128042551553e-03
1.072511095547321741e-03
1.065644555938949096e-03
1.058783618025095066e-03
1.051928392429763532e-03
1.045078991581790701e-03
1.038235529703220071e-03
1.031398122797794062e-03
1.024566888639252219e-03
1.017741946760026238e-03
1.010923418439606258e-03
1.004111426693135491e-03
9.973060962597671882e-04
9.905075535915409436e-04
9.837159268416002366e-04
9.769313458528939599e-04
9.701539421467044767e-04
9.633838489111681965e-04
9.566212009900738151e-04
9.498661348710503655e-04
9.431187886744756129e-04
9.363793021417827177e-04
9.296478166241749913e-04
9.229244750710981172e-04
9.162094220187645211e-04
9.095028035786465164e-04
9.028047674261028069e-04
8.961154627887148562e-04
8.894350404349116558e-04
8.827636526622889643e-04
8.761014532861742272e-04
8.694485976278787040e-04
8.628052425033292836e-04
8.561715462112061198e-04
8.495476685213515337e-04
8.429337706631771831e-04
8.363300153138510280e-04
8.297365665865504350e-04
8.231535900187049795e-04
8.165812525602738356e-04
8.100197225617706545e-04
8.034691697623513266e-04
7.969297652781531707e-04
7.904016815900366186e-04
7.838850925316547631e-04
7.773801732776910653e-04
7.708871003313767182e-04
7.644060515126142961e-04
7.579372059456848535e-04
7.514807440472661901e-04
7.450368475138407099e-04
7.386056993096579582e-04
7.321874836541562501e-04
7.257823860097874051e-04
7.193905930693996701e-04
7.130122927437619130e-04
7.066476741490120310e-04
7.002969275939723275e-04
6.939602445676739230e-04
6.876378177263863358e-04
6.813298408809401229e-04
6.750365089838865655e-04
6.687580181165810262e-04
6.624945654762449477e-04
6.562463493628686905e-04
6.500135691662295130e-04
6.437964253526326465e-04
6.375951194517779199e-04
6.314098540434255917e-04
6.252408327441248475e-04
6.190882601937694766e-04
6.129523420421164681e-04
6.068332849353076435e-04
6.007312965020421757e-04
5.946465853402823189e-04
5.885793610031864274e-04
5.825298339853967255e-04
5.764982157091505695e-04
