0.000000000000000000e+00
6.364116519760548707e-01
1.272823303952125507e+00
1.909234955928178712e+00
2.545646607904249681e+00
3.182058259880303552e+00
3.818469911856356980e+00
4.454881563832427283e+00
5.091293215808482486e+00
5.727704867784554565e+00
6.364116519760606216e+00
7.000528171736663197e+00
7.636939823712732611e+00
8.273351475688786039e+00
8.909763127664840354e+00
9.546174779640910657e+00
1.018258643161696497e+01
1.081899808359303705e+01
1.145540973556909137e+01
1.209182138754517766e+01
1.272823303952124796e+01
1.336464469149731826e+01
1.400105634347338857e+01
1.463746799544945887e+01
1.527387964742552562e+01
1.591029129940143783e+01
1.654670295137750813e+01
1.718311460335357665e+01
1.781952625532964873e+01
1.845593790730572081e+01
1.909234955928178934e+01
1.972876121125786142e+01
2.036517286323392995e+01
2.100158451520999847e+01
