2.178000000000018463e-03
2.237787654320986391e-02
6.608632098765435114e-02
1.016503950617284463e-01
1.694913580246913409e-01
1.334722222222221866e-01
1.220180000000001125e-01
4.134409876543213014e-02
1.894543209876558675e-03
9.102222222222206872e-04
5.224691358024690681e-03
2.848088888888886810e-02
6.497999999999986426e-03
2.366520987654319869e-02
2.874669135802471187e-02
5.880098765432099917e-03
7.632987654320970601e-03
5.408395061728347563e-04
1.786691358024700355e-03
1.052861728395059621e-02
5.361876543209906539e-03
8.948246913580261766e-03
1.783950617283921211e-04
2.312000000000004156e-03
3.379999999999976990e-04
1.141358024691354082e-03
2.449999999999988645e-03
1.922000000000017228e-03
1.826765432098783563e-03
1.017506172839505781e-03
1.184222222222226046e-03
3.265432098765459865e-04
4.715283950617266129e-03
2.921876543209866745e-03
6.172839506171068209e-07
2.089876543209930819e-04
