2.974829229384448950e-03
9.416023785437701785e-03
1.626732348614543661e-02
2.010867869634005642e-02
2.559535106245064418e-02
2.291404998903211893e-02
2.198851656624430800e-02
1.307252461330595666e-02
2.819271542018076185e-03
1.948810427554703486e-03
4.634708125213184843e-03
1.075673278766661224e-02
5.137891737279011613e-03
9.848169623672017176e-03
1.085186331654254023e-02
4.968335086366058341e-03
5.649273071034363082e-03
1.506869674010997496e-03
2.742012319133839415e-03
6.643867002590922617e-03
4.746530433777674911e-03
6.129288927621994072e-03
8.662792281335666891e-04
3.122349911631731867e-03
1.194058975651254894e-03
2.193256007556119991e-03
3.214237597523444782e-03
2.847176994381172329e-03
2.773251613954764213e-03
2.072088262183453475e-03
2.235404145136466077e-03
1.174094160981187891e-03
4.452151552987105437e-03
3.509577005828242672e-03
5.104916459696931974e-05
9.378989039715212792e-04
