0.000000000000000000e+00
2.870384178274253476e-02
5.740768356548576340e-02
8.611152534822830162e-02
1.148153671309708329e-01
1.435192089137140581e-01
1.722230506964566032e-01
2.009268924791991484e-01
2.296307342619416658e-01
2.583345760446849049e-01
2.870384178274274500e-01
3.157422596101699952e-01
3.444461013929132065e-01
3.731499431756557517e-01
4.018537849583982968e-01
4.305576267411415081e-01
4.592614685238840533e-01
4.879653103066265984e-01
5.166691520893691436e-01
5.453729938721123549e-01
5.740768356548549001e-01
6.027806774375974452e-01
6.314845192203406565e-01
6.601883610030832017e-01
6.888922027858257469e-01
7.175960445685689582e-01
7.462998863513115033e-01
7.750037281340540485e-01
8.037075699167972598e-01
8.324114116995398049e-01
8.611152534822823501e-01
8.898190952650255614e-01
9.185229370477681066e-01
9.472267788305106517e-01
9.759306206132531969e-01
1.004634462395996408e+00
1.033338304178738953e+00
1.062042145961481499e+00
1.090745987744224044e+00
1.119449829526967255e+00
1.148153671309709800e+00
1.176857513092452345e+00
1.205561354875195557e+00
1.234265196657938102e+00
1.262969038440680647e+00
1.291672880223423858e+00
1.320376722006166403e+00
1.349080563788908949e+00
1.377784405571652160e+00
1.406488247354394705e+00
1.435192089137137250e+00
1.463895930919880461e+00
1.492599772702623007e+00
1.521303614485365552e+00
1.550007456268108763e+00
1.578711298050851308e+00
1.607415139833593853e+00
1.636118981616337065e+00
1.664822823399078944e+00
1.693526665181822155e+00
1.722230506964565366e+00
1.750934348747307245e+00
1.779638190530050457e+00
1.808342032312793002e+00
1.837045874095535547e+00
1.865749715878278758e+00
1.894453557661021303e+00
1.923157399443763849e+00
1.951861241226507060e+00
1.980565083009249605e+00
2.009268924791991928e+00
2.037972766574735139e+00
2.066676608357477907e+00
2.095380450140220230e+00
2.124084291922963441e+00
2.152788133705706208e+00
2.181491975488448531e+00
2.210195817271191743e+00
2.238899659053934510e+00
2.267603500836676833e+00
2.296307342619420044e+00
2.325011184402161923e+00
2.353715026184905135e+00
2.382418867967648346e+00
2.411122709750390225e+00
2.439826551533133436e+00
2.468530393315875315e+00
2.497234235098618527e+00
2.525938076881361738e+00
2.554641918664104949e+00
2.583345760446846828e+00
2.612049602229590040e+00
2.640753444012331919e+00
2.669457285795075130e+00
2.698161127577818341e+00
2.726864969360561552e+00
2.755568811143303432e+00
2.784272652926046643e+00
2.812976494708788522e+00
2.841680336491531733e+00
2.870384178274274944e+00
2.899088020057018156e+00
2.927791861839760035e+00
2.956495703622503246e+00
2.985199545405245125e+00
3.013903387187988336e+00
3.042607228970731548e+00
3.071311070753473427e+00
3.100014912536216638e+00
3.128718754318958517e+00
3.157422596101701728e+00
3.186126437884444940e+00
3.214830279667188151e+00
3.243534121449930030e+00
3.272237963232673241e+00
3.300941805015415120e+00
3.329645646798158332e+00
3.358349488580901543e+00
3.387053330363644754e+00
3.415757172146386633e+00
3.444461013929129845e+00
3.473164855711871724e+00
3.501868697494614935e+00
3.530572539277358146e+00
3.559276381060101357e+00
3.587980222842843236e+00
3.616684064625585115e+00
3.645387906408328327e+00
3.674091748191071538e+00
3.702795589973814749e+00
3.731499431756557961e+00
3.760203273539299840e+00
3.788907115322041719e+00
3.817610957104784930e+00
3.846314798887528141e+00
3.875018640670271353e+00
3.903722482453013232e+00
3.932426324235756443e+00
3.961130166018498322e+00
3.989834007801241533e+00
4.018537849583984745e+00
4.047241691366727956e+00
4.075945533149470279e+00
4.104649374932213490e+00
4.133353216714954925e+00
4.162057058497698137e+00
4.190760900280441348e+00
4.219464742063184559e+00
4.248168583845926882e+00
4.276872425628668317e+00
4.305576267411411528e+00
4.334280109194154740e+00
4.362983950976897951e+00
4.391687792759641162e+00
4.420391634542383485e+00
4.449095476325124920e+00
4.477799318107868132e+00
4.506503159890611343e+00
4.535207001673354554e+00
4.563910843456096877e+00
4.592614685238840089e+00
4.621318527021581524e+00
4.650022368804324735e+00
4.678726210587067946e+00
4.707430052369811158e+00
4.736133894152553481e+00
4.764837735935296692e+00
4.793541577718038127e+00
4.822245419500781338e+00
4.850949261283524550e+00
4.879653103066267761e+00
4.908356944849010084e+00
4.937060786631751519e+00
4.965764628414494730e+00
4.994468470197237941e+00
5.023172311979981153e+00
5.051876153762724364e+00
5.080579995545466687e+00
5.109283837328208122e+00
5.137987679110951333e+00
5.166691520893694545e+00
5.195395362676437756e+00
5.224099204459180079e+00
5.252803046241923290e+00
5.281506888024664725e+00
5.310210729807407937e+00
5.338914571590151148e+00
5.367618413372894359e+00
5.396322255155636682e+00
5.425026096938379894e+00
5.453729938721121329e+00
5.482433780503864540e+00
5.511137622286607751e+00
5.539841464069350963e+00
5.568545305852093286e+00
5.597249147634834721e+00
5.625952989417577932e+00
5.654656831200321143e+00
5.683360672983064354e+00
5.712064514765807566e+00
5.740768356548549889e+00
5.769472198331291324e+00
5.798176040114034535e+00
5.826879881896777746e+00
5.855583723679520958e+00
5.884287565462262393e+00
5.912991407245005604e+00
5.941695249027747927e+00
5.970399090810491138e+00
5.999102932593234350e+00
6.027806774375977561e+00
6.056510616158718996e+00
6.085214457941462207e+00
6.113918299724204530e+00
6.142622141506947742e+00
6.171325983289690953e+00
6.200029825072434164e+00
6.228733666855175599e+00
6.257437508637918810e+00
6.286141350420662022e+00
6.314845192203405233e+00
6.343549033986148444e+00
6.372252875768891656e+00
6.400956717551632202e+00
6.429660559334375414e+00
6.458364401117118625e+00
6.487068242899861836e+00
6.515772084682605048e+00
6.544475926465348259e+00
6.573179768248088806e+00
6.601883610030832017e+00
6.630587451813575228e+00
6.659291293596318440e+00
6.687995135379061651e+00
6.716698977161804862e+00
6.745402818944545409e+00
6.774106660727288620e+00
6.802810502510031831e+00
6.831514344292775043e+00
6.860218186075518254e+00
6.888922027858261465e+00
6.917625869641002012e+00
6.946329711423745223e+00
6.975033553206488435e+00
7.003737394989231646e+00
7.032441236771974857e+00
7.061145078554715404e+00
7.089848920337458615e+00
7.118552762120201827e+00
7.147256603902945038e+00
7.175960445685688249e+00
7.204664287468431461e+00
7.233368129251172007e+00
7.262071971033915219e+00
7.290775812816658430e+00
7.319479654599401641e+00
7.348183496382144853e+00
7.376887338164888064e+00
7.405591179947628611e+00
7.434295021730371822e+00
7.462998863513115033e+00
7.491702705295858244e+00
7.520406547078601456e+00
7.549110388861344667e+00
7.577814230644085214e+00
7.606518072426828425e+00
7.635221914209571636e+00
7.663925755992314848e+00
7.692629597775058059e+00
7.721333439557798606e+00
7.750037281340541817e+00
7.778741123123285028e+00
7.807444964906028240e+00
7.836148806688771451e+00
7.864852648471514662e+00
7.893556490254255209e+00
7.922260332036998420e+00
7.950964173819741632e+00
7.979668015602484843e+00
8.008371857385228054e+00
8.037075699167971266e+00
8.065779540950710924e+00
8.094483382733454135e+00
8.123187224516197347e+00
8.151891066298940558e+00
8.180594908081683769e+00
8.209298749864426981e+00
8.238002591647168416e+00
8.266706433429911627e+00
8.295410275212654838e+00
8.324114116995398049e+00
8.352817958778141261e+00
8.381521800560880919e+00
8.410225642343624131e+00
8.438929484126367342e+00
8.467633325909110553e+00
8.496337167691853764e+00
8.525041009474596976e+00
8.553744851257338411e+00
8.582448693040081622e+00
8.611152534822824833e+00
8.639856376605568045e+00
8.668560218388311256e+00
8.697264060171054467e+00
8.725967901953794126e+00
8.754671743736537337e+00
8.783375585519280548e+00
8.812079427302023760e+00
8.840783269084766971e+00
8.869487110867510182e+00
8.898190952650251617e+00
8.926894794432994829e+00
8.955598636215738040e+00
8.984302477998481251e+00
9.013006319781224462e+00
9.041710161563964121e+00
9.070414003346707332e+00
9.099117845129450544e+00
9.127821686912193755e+00
9.156525528694936966e+00
9.185229370477680177e+00
9.213933212260421612e+00
9.242637054043164824e+00
9.271340895825908035e+00
9.300044737608651246e+00
9.328748579391394458e+00
9.357452421174137669e+00
9.386156262956877327e+00
9.414860104739620539e+00
9.443563946522363750e+00
9.472267788305106961e+00
9.500971630087850173e+00
9.529675471870593384e+00
9.558379313653334819e+00
9.587083155436078030e+00
9.615786997218821242e+00
9.644490839001564453e+00
9.673194680784307664e+00
9.701898522567047323e+00
9.730602364349790534e+00
9.759306206132533745e+00
9.788010047915276957e+00
9.816713889698020168e+00
9.845417731480763379e+00
9.874121573263504814e+00
9.902825415046248025e+00
9.931529256828991237e+00
9.960233098611734448e+00
9.988936940394477659e+00
1.001764078217722087e+01
1.004634462395996053e+01
1.007504846574270374e+01
1.010375230752544695e+01
1.013245614930819016e+01
1.016115999109093337e+01
1.018986383287367659e+01
1.021856767465641802e+01
1.024727151643916123e+01
1.027597535822190444e+01
1.030467920000464765e+01
1.033338304178739087e+01
1.036208688357013052e+01
1.039079072535287374e+01
1.041949456713561695e+01
1.044819840891836016e+01
1.047690225070110337e+01
1.050560609248384658e+01
1.053430993426658802e+01
1.056301377604933123e+01
1.059171761783207444e+01
1.062042145961481765e+01
1.064912530139756086e+01
1.067782914318030407e+01
1.070653298496304373e+01
1.073523682674578694e+01
1.076394066852853015e+01
1.079264451031127336e+01
1.082134835209401658e+01
1.085005219387675979e+01
1.087875603565950122e+01
1.090745987744224443e+01
1.093616371922498764e+01
1.096486756100773086e+01
1.099357140279047407e+01
1.102227524457321373e+01
1.105097908635595694e+01
1.107968292813870015e+01
1.110838676992144336e+01
1.113709061170418657e+01
1.116579445348692978e+01
1.119449829526967122e+01
1.122320213705241443e+01
1.125190597883515764e+01
1.128060982061790085e+01
1.130931366240064406e+01
1.133801750418338727e+01
1.136672134596612693e+01
1.139542518774887014e+01
1.142412902953161336e+01
1.145283287131435657e+01
1.148153671309709978e+01
1.151024055487984299e+01
1.153894439666258442e+01
1.156764823844532764e+01
1.159635208022807085e+01
1.162505592201081406e+01
1.165375976379355727e+01
1.168246360557630048e+01
1.171116744735904014e+01
1.173987128914178335e+01
1.176857513092452656e+01
1.179727897270726977e+01
1.182598281449001298e+01
1.185468665627275442e+01
1.188339049805549763e+01
1.191209433983824084e+01
1.194079818162098405e+01
1.196950202340372726e+01
1.199820586518647048e+01
1.202690970696921013e+01
1.205561354875195335e+01
1.208431739053469656e+01
1.211302123231743977e+01
1.214172507410018298e+01
1.217042891588292619e+01
1.219913275766566763e+01
1.222783659944841084e+01
1.225654044123115405e+01
1.228524428301389726e+01
1.231394812479664047e+01
1.234265196657938368e+01
1.237135580836212334e+01
1.240005965014486655e+01
1.242876349192760976e+01
1.245746733371035297e+01
1.248617117549309619e+01
1.251487501727583762e+01
1.254357885905858083e+01
1.257228270084132404e+01
1.260098654262406725e+01
1.262969038440681047e+01
1.265839422618955012e+01
1.268709806797229334e+01
1.271580190975503655e+01
1.274450575153777976e+01
1.277320959332052297e+01
1.280191343510326440e+01
1.283061727688600762e+01
1.285932111866875083e+01
1.288802496045149404e+01
1.291672880223423725e+01
1.294543264401698046e+01
1.297413648579972012e+01
1.300284032758246333e+01
1.303154416936520654e+01
1.306024801114794975e+01
1.308895185293069297e+01
1.311765569471343618e+01
1.314635953649617761e+01
1.317506337827892082e+01
1.320376722006166403e+01
1.323247106184440725e+01
1.326117490362715046e+01
1.328987874540989367e+01
1.331858258719263333e+01
1.334728642897537654e+01
1.337599027075811975e+01
1.340469411254086296e+01
1.343339795432360617e+01
1.346210179610634761e+01
1.349080563788909082e+01
1.351950947967183403e+01
1.354821332145457724e+01
1.357691716323732045e+01
1.360562100502006366e+01
1.363432484680280332e+01
1.366302868858554653e+01
1.369173253036828974e+01
1.372043637215103296e+01
1.374914021393377617e+01
1.377784405571651938e+01
1.380654789749926081e+01
1.383525173928200402e+01
1.386395558106474724e+01
1.389265942284749045e+01
1.392136326463023366e+01
1.395006710641297687e+01
1.397877094819571653e+01
1.400747478997845974e+01
1.403617863176120295e+01
1.406488247354394616e+01
1.409358631532668937e+01
1.412229015710943081e+01
1.415099399889217402e+01
1.417969784067491723e+01
1.420840168245766044e+01
1.423710552424040365e+01
1.426580936602314686e+01
1.429451320780588652e+01
1.432321704958862973e+01
1.435192089137137295e+01
1.438062473315411616e+01
1.440932857493685937e+01
1.443803241671960258e+01
1.446673625850234401e+01
1.449544010028508723e+01
1.452414394206783044e+01
1.455284778385057365e+01
1.458155162563331686e+01
1.461025546741606007e+01
1.463895930919879973e+01
1.466766315098154294e+01
1.469636699276428615e+01
1.472507083454702936e+01
1.475377467632977257e+01
1.478247851811251401e+01
1.481118235989525722e+01
1.483988620167800043e+01
1.486859004346074364e+01
1.489729388524348686e+01
1.492599772702623007e+01
1.495470156880896972e+01
1.498340541059171294e+01
1.501210925237445615e+01
1.504081309415719936e+01
1.506951693593994257e+01
1.509822077772268578e+01
1.512692461950542722e+01
1.515562846128817043e+01
1.518433230307091364e+01
1.521303614485365685e+01
1.524173998663640006e+01
1.527044382841914327e+01
1.529914767020188293e+01
1.532785151198462614e+01
1.535655535376736935e+01
1.538525919555011257e+01
1.541396303733285578e+01
1.544266687911559721e+01
1.547137072089834042e+01
1.550007456268108363e+01
1.552877840446382685e+01
1.555748224624657006e+01
1.558618608802931327e+01
1.561488992981205293e+01
1.564359377159479614e+01
1.567229761337753935e+01
1.570100145516028256e+01
1.572970529694302577e+01
1.575840913872576898e+01
1.578711298050851042e+01
1.581581682229125363e+01
1.584452066407399684e+01
1.587322450585674005e+01
1.590192834763948326e+01
1.593063218942222647e+01
1.595933603120496613e+01
1.598803987298770934e+01
1.601674371477045256e+01
1.604544755655319577e+01
1.607415139833593898e+01
1.610285524011867864e+01
1.613155908190142185e+01
1.616026292368416506e+01
1.618896676546690827e+01
1.621767060724965148e+01
1.624637444903239469e+01
1.627507829081513790e+01
1.630378213259788112e+01
1.633248597438062433e+01
1.636118981616336754e+01
1.638989365794611075e+01
1.641859749972885396e+01
1.644730134151159362e+01
1.647600518329433683e+01
1.650470902507708004e+01
1.653341286685982325e+01
1.656211670864256646e+01
1.659082055042530968e+01
1.661952439220804933e+01
1.664822823399079255e+01
1.667693207577353576e+01
1.670563591755627897e+01
1.673433975933902218e+01
1.676304360112176184e+01
1.679174744290450505e+01
1.682045128468724826e+01
1.684915512646999147e+01
1.687785896825273468e+01
1.690656281003547790e+01
1.693526665181822111e+01
1.696397049360096432e+01
1.699267433538370753e+01
1.702137817716645074e+01
1.705008201894919395e+01
1.707878586073193716e+01
1.710748970251467682e+01
1.713619354429742003e+01
1.716489738608016324e+01
1.719360122786290646e+01
1.722230506964564967e+01
1.725100891142839288e+01
1.727971275321113254e+01
1.730841659499387575e+01
1.733712043677661896e+01
1.736582427855936217e+01
1.739452812034210538e+01
1.742323196212484504e+01
1.745193580390758825e+01
1.748063964569033146e+01
1.750934348747307467e+01
1.753804732925581789e+01
1.756675117103856110e+01
1.759545501282130431e+01
1.762415885460404752e+01
1.765286269638679073e+01
1.768156653816953394e+01
1.771027037995227715e+01
1.773897422173502036e+01
1.776767806351776002e+01
1.779638190530050323e+01
1.782508574708324645e+01
1.785378958886598966e+01
1.788249343064873287e+01
1.791119727243147608e+01
1.793990111421421574e+01
1.796860495599695895e+01
1.799730879777970216e+01
1.802601263956244537e+01
1.805471648134518858e+01
1.808342032312792824e+01
1.811212416491067145e+01
1.814082800669341466e+01
1.816953184847615788e+01
1.819823569025890109e+01
1.822693953204164430e+01
1.825564337382438751e+01
1.828434721560713072e+01
1.831305105738987393e+01
1.834175489917261714e+01
1.837045874095536035e+01
1.839916258273810357e+01
1.842786642452084322e+01
1.845657026630358644e+01
1.848527410808632965e+01
1.851397794986907286e+01
1.854268179165181607e+01
1.857138563343455928e+01
1.860008947521729894e+01
1.862879331700004215e+01
1.865749715878278536e+01
1.868620100056552857e+01
1.871490484234827179e+01
1.874360868413101144e+01
1.877231252591375465e+01
1.880101636769649787e+01
1.882972020947924108e+01
1.885842405126198429e+01
1.888712789304472750e+01
1.891583173482747071e+01
1.894453557661021392e+01
1.897323941839295713e+01
1.900194326017570035e+01
1.903064710195844356e+01
1.905935094374118677e+01
1.908805478552392643e+01
1.911675862730666964e+01
1.914546246908941285e+01
1.917416631087215606e+01
1.920287015265489927e+01
1.923157399443764248e+01
1.926027783622038214e+01
1.928898167800312535e+01
1.931768551978586856e+01
1.934638936156861178e+01
1.937509320335135499e+01
1.940379704513409465e+01
1.943250088691683786e+01
1.946120472869958107e+01
1.948990857048232428e+01
1.951861241226506749e+01
1.954731625404781070e+01
1.957602009583055391e+01
1.960472393761329712e+01
1.963342777939604034e+01
1.966213162117878355e+01
1.969083546296152676e+01
1.971953930474426997e+01
1.974824314652700963e+01
1.977694698830975284e+01
1.980565083009249605e+01
1.983435467187523926e+01
1.986305851365798247e+01
1.989176235544072568e+01
1.992046619722346534e+01
1.994917003900620855e+01
1.997787388078895177e+01
2.000657772257169498e+01
2.003528156435443819e+01
2.006398540613717785e+01
2.009268924791992106e+01
2.012139308970266427e+01
2.015009693148540748e+01
2.017880077326815069e+01
2.020750461505089390e+01
2.023620845683363711e+01
2.026491229861638033e+01
2.029361614039912354e+01
2.032231998218186675e+01
2.035102382396460996e+01
2.037972766574735317e+01
2.040843150753009283e+01
2.043713534931283604e+01
2.046583919109557925e+01
2.049454303287832246e+01
2.052324687466106568e+01
2.055195071644380889e+01
2.058065455822654855e+01
2.060935840000929176e+01
2.063806224179203497e+01
2.066676608357477818e+01
2.069546992535752139e+01
2.072417376714026105e+01
2.075287760892300426e+01
2.078158145070574747e+01
2.081028529248849068e+01
2.083898913427123389e+01
2.086769297605397711e+01
2.089639681783672032e+01
2.092510065961946353e+01
2.095380450140220674e+01
2.098250834318494995e+01
2.101121218496769316e+01
2.103991602675043637e+01
2.106861986853317603e+01
2.109732371031591924e+01
2.112602755209866245e+01
2.115473139388140567e+01
2.118343523566414888e+01
2.121213907744689209e+01
2.124084291922963530e+01
2.126954676101237851e+01
2.129825060279512172e+01
2.132695444457786493e+01
2.135565828636060814e+01
2.138436212814334425e+01
2.141306596992608746e+01
2.144176981170883067e+01
2.147047365349157388e+01
2.149917749527431710e+01
2.152788133705706031e+01
2.155658517883980352e+01
2.158528902062254673e+01
2.161399286240528994e+01
2.164269670418803315e+01
2.167140054597077636e+01
2.170010438775351957e+01
2.172880822953625923e+01
2.175751207131900244e+01
2.178621591310174566e+01
2.181491975488448887e+01
2.184362359666723208e+01
2.187232743844997529e+01
2.190103128023271850e+01
2.192973512201546171e+01
2.195843896379820492e+01
2.198714280558094814e+01
2.201584664736369135e+01
2.204455048914642745e+01
2.207325433092917066e+01
2.210195817271191387e+01
2.213066201449465709e+01
2.215936585627740030e+01
2.218806969806014351e+01
2.221677353984288672e+01
2.224547738162562993e+01
2.227418122340837314e+01
2.230288506519111635e+01
2.233158890697385957e+01
2.236029274875660278e+01
2.238899659053934244e+01
2.241770043232208565e+01
2.244640427410482886e+01
2.247510811588757207e+01
2.250381195767031528e+01
2.253251579945305849e+01
2.256121964123580170e+01
2.258992348301854491e+01
2.261862732480128813e+01
2.264733116658403134e+01
2.267603500836677455e+01
2.270473885014951776e+01
2.273344269193225387e+01
2.276214653371499708e+01
2.279085037549774029e+01
2.281955421728048350e+01
2.284825805906322671e+01
2.287696190084596992e+01
2.290566574262871313e+01
2.293436958441145634e+01
2.296307342619419956e+01
2.299177726797694277e+01
2.302048110975968598e+01
2.304918495154242564e+01
2.307788879332516885e+01
2.310659263510791206e+01
2.313529647689065527e+01
2.316400031867339848e+01
2.319270416045614169e+01
2.322140800223888490e+01
2.325011184402162812e+01
2.327881568580437133e+01
2.330751952758711454e+01
2.333622336936985775e+01
2.336492721115260096e+01
2.339363105293533707e+01
2.342233489471808028e+01
2.345103873650082349e+01
2.347974257828356670e+01
2.350844642006630991e+01
2.353715026184905312e+01
2.356585410363179633e+01
2.359455794541453955e+01
2.362326178719728276e+01
2.365196562898002597e+01
2.368066947076276918e+01
2.370937331254550884e+01
2.373807715432825205e+01
2.376678099611099526e+01
2.379548483789373847e+01
2.382418867967648168e+01
2.385289252145922489e+01
2.388159636324196811e+01
2.391030020502471132e+01
2.393900404680745453e+01
2.396770788859019774e+01
2.399641173037294095e+01
2.402511557215568416e+01
2.405381941393842027e+01
2.408252325572116348e+01
2.411122709750390669e+01
2.413993093928664990e+01
2.416863478106939311e+01
2.419733862285213633e+01
2.422604246463487954e+01
2.425474630641762275e+01
2.428345014820036596e+01
2.431215398998310917e+01
2.434085783176585238e+01
2.436956167354859204e+01
2.439826551533133525e+01
2.442696935711407846e+01
2.445567319889682167e+01
2.448437704067956489e+01
2.451308088246230810e+01
2.454178472424505131e+01
2.457048856602779452e+01
2.459919240781053773e+01
2.462789624959328094e+01
2.465660009137602415e+01
2.468530393315876736e+01
2.471400777494150347e+01
2.474271161672424668e+01
2.477141545850698989e+01
2.480011930028973310e+01
2.482882314207247632e+01
2.485752698385521953e+01
2.488623082563796274e+01
2.491493466742070595e+01
2.494363850920344916e+01
2.497234235098619237e+01
2.500104619276893558e+01
2.502975003455167524e+01
2.505845387633441845e+01
2.508715771811716166e+01
2.511586155989990488e+01
2.514456540168264809e+01
2.517326924346539130e+01
2.520197308524813451e+01
2.523067692703087772e+01
2.525938076881362093e+01
2.528808461059635704e+01
2.531678845237910025e+01
2.534549229416184346e+01
2.537419613594458667e+01
2.540289997772732988e+01
2.543160381951007309e+01
2.546030766129281631e+01
2.548901150307555952e+01
2.551771534485830273e+01
2.554641918664104594e+01
2.557512302842378915e+01
2.560382687020652881e+01
2.563253071198927202e+01
2.566123455377201523e+01
2.568993839555475844e+01
2.571864223733750165e+01
2.574734607912024487e+01
2.577604992090298808e+01
2.580475376268573129e+01
2.583345760446847450e+01
2.586216144625121771e+01
2.589086528803396092e+01
2.591956912981670413e+01
2.594827297159944024e+01
2.597697681338218345e+01
2.600568065516492666e+01
2.603438449694766987e+01
2.606308833873041308e+01
2.609179218051315630e+01
2.612049602229589951e+01
2.614919986407864272e+01
2.617790370586138593e+01
2.620660754764412914e+01
2.623531138942687235e+01
2.626401523120961201e+01
2.629271907299235522e+01
2.632142291477509843e+01
2.635012675655784165e+01
2.637883059834058486e+01
2.640753444012332807e+01
2.643623828190607128e+01
2.646494212368881449e+01
2.649364596547155770e+01
2.652234980725430091e+01
2.655105364903704412e+01
2.657975749081978734e+01
2.660846133260252344e+01
2.663716517438526665e+01
2.666586901616800986e+01
2.669457285795075308e+01
2.672327669973349629e+01
2.675198054151623950e+01
2.678068438329898271e+01
2.680938822508172592e+01
2.683809206686446913e+01
2.686679590864721234e+01
2.689549975042995555e+01
2.692420359221269521e+01
2.695290743399543842e+01
2.698161127577818164e+01
2.701031511756092485e+01
2.703901895934366806e+01
2.706772280112641127e+01
2.709642664290915448e+01
2.712513048469189769e+01
2.715383432647464090e+01
2.718253816825738411e+01
2.721124201004012733e+01
2.723994585182287054e+01
2.726864969360560664e+01
2.729735353538834985e+01
2.732605737717109307e+01
2.735476121895383628e+01
2.738346506073657949e+01
2.741216890251932270e+01
2.744087274430206591e+01
2.746957658608480912e+01
2.749828042786755233e+01
2.752698426965029554e+01
2.755568811143303876e+01
2.758439195321577841e+01
2.761309579499852163e+01
2.764179963678126484e+01
2.767050347856400805e+01
2.769920732034675126e+01
2.772791116212949447e+01
2.775661500391223768e+01
2.778531884569498089e+01
2.781402268747772411e+01
2.784272652926046732e+01
2.787143037104321053e+01
2.790013421282595374e+01
2.792883805460868984e+01
2.795754189639143306e+01
2.798624573817417627e+01
2.801494957995691948e+01
2.804365342173966269e+01
2.807235726352240590e+01
2.810106110530514911e+01
2.812976494708789232e+01
2.815846878887063554e+01
2.818717263065337875e+01
2.821587647243612196e+01
2.824458031421886162e+01
2.827328415600160483e+01
2.830198799778434804e+01
2.833069183956709125e+01
2.835939568134983446e+01
2.838809952313257767e+01
2.841680336491532088e+01
2.844550720669806410e+01
2.847421104848080731e+01
2.850291489026355052e+01
2.853161873204629373e+01
2.856032257382903694e+01
2.858902641561177305e+01
2.861773025739451626e+01
2.864643409917725947e+01
2.867513794096000268e+01
