0.000000000000000000e+00
1.732609003483126804e-05
6.931255558773063725e-05
1.559839464846673616e-04
2.773810573795457146e-04
4.335607452559945467e-04
6.245956741178663790e-04
8.505739870566312840e-04
1.111598905945922330e-03
1.407788259070273358e-03
1.739273937062318746e-03
2.106201277588351864e-03
2.508728379299434742e-03
2.947025345634038569e-03
3.421273459152317144e-03
3.931664287161029843e-03
4.478398719487470224e-03
5.061685939362615266e-03
5.681742328476749315e-03
6.338790307390373968e-03
7.033057112600465954e-03
7.764773511690951750e-03
8.534172458133556724e-03
9.341487687443087579e-03
1.018695225654211653e-02
1.107079702833982729e-02
1.199324910369963665e-02
1.295453020312395051e-02
1.395485500066622267e-02
1.499442941274937643e-02
1.607344884475649452e-02
1.719209639842982779e-02
1.835054104332168451e-02
1.954893575570959552e-02
2.078741562858258882e-02
2.206609595650890071e-02
2.338507029935455242e-02
2.474440852905107277e-02
2.614415486375210387e-02
2.758432589393691389e-02
2.906490860516593167e-02
3.058585840239638753e-02
3.214709714089023646e-02
3.374851116894891923e-02
3.538994938781384048e-02
3.707122133424087251e-02
3.879209529137010032e-02
4.055229643361613762e-02
4.235150501143678664e-02
4.418935458187665116e-02
4.606543029090524183e-02
4.797926721358065916e-02
4.993034875812842055e-02
5.191810514004760457e-02
5.394191193234045695e-02
5.600108869795028532e-02
5.809489771046953688e-02
6.022254276907344078e-02
6.238316811361248326e-02
6.457585744564259267e-02
6.679963306107704335e-02
6.905345509996731190e-02
7.133622091878705218e-02
7.364676459035011946e-02
7.598385653633370207e-02
7.834620329707123187e-02
8.073244744308238907e-02
8.314116763248112496e-02
8.557087881811339947e-02
8.802003260793574146e-02
9.048701778182838273e-02
9.297016096763301152e-02
9.546772747884389732e-02
9.797792231596429147e-02
1.004988913331435890e-01
1.030287225712260835e-01
1.055654477579495570e-01
1.081070439755338480e-01
1.106514354954223206e-01
1.131964957794703019e-01
1.157400496463813488e-01
1.182798756016602004e-01
1.208137083288950281e-01
1.233392413396181692e-01
1.258541297785260582e-01
1.283559933802966846e-01
1.308424195737545592e-01
1.333109667286035971e-01
1.357591675394714814e-01
1.381845325414982895e-01
1.405845537512186993e-01
1.429567084260278675e-01
1.452984629350370371e-01
1.476072767337169855e-01
1.498806064342422528e-01
1.521159099631004263e-01
1.543106507971127583e-01
1.564623022686146558e-01
1.585683519302775735e-01
1.606263059696501350e-01
1.626336936632652719e-01
1.645880718598580206e-01
1.664870294820359475e-01
1.683281920355010064e-01
1.701092261147953422e-01
1.718278438943507958e-01
1.734818075935596615e-01
1.750689339044907700e-01
1.765870983708259234e-01
1.780342397066260463e-01
1.794083640435047977e-01
1.807075490949556218e-01
1.819299482265436529e-01
1.830737944209761547e-01
1.841374041270906203e-01
1.851191809821181589e-01
1.860176193967801872e-01
1.868313079930412901e-01
1.875589328847192538e-01
1.881992807914299182e-01
1.887512419767631289e-01
1.892138130019999365e-01
1.895860992871040429e-01
1.898673174711860701e-01
1.900567975651761832e-01
1.901539848898938234e-01
1.901584417933203930e-01
1.900698491413932434e-01
1.898880075772554632e-01
1.896128385444953435e-01
1.892443850705263497e-01
1.887828123069097142e-01
1.882284078240446523e-01
1.875815816583446538e-01
1.868428661106526778e-01
1.860129152953498843e-01
1.850925044402575992e-01
1.840825289381415875e-01
1.829840031512867393e-01
1.817980589712833717e-01
1.805259441368359530e-01
1.791690203130797410e-01
1.777287609365089116e-01
1.762067488302994922e-01
1.746046735953888651e-01
1.729243287833280296e-01
1.711676088574747845e-01
1.693365059496863834e-01
1.674331064201975139e-01
1.654595872289381375e-01
1.634182121269719956e-01
1.613113276772761562e-01
1.591413591144915929e-01
1.569108060536755500e-01
1.546222380585131340e-01
1.522782900797302885e-01
1.498816577748357803e-01
1.474350927205463346e-01
1.449413975295145152e-01
1.424034208832082871e-01
1.398240524929392214e-01
1.372062180011788812e-01
1.345528738354186127e-01
1.318670020268797594e-01
1.291516050064205889e-01
1.264097003899532223e-01
1.236443157656636344e-01
1.208584834952412951e-01
1.180552355411948473e-01
1.152375983321790587e-01
1.124085876780977072e-01
1.095712037464860039e-01
1.067284261114596761e-01
1.038832088862222947e-01
1.010384759497847396e-01
9.819711627826309408e-02
9.536197939069852858e-02
9.253587091897062800e-02
8.972154831096426642e-02
8.692171667568431015e-02
8.413902477857704287e-02
8.137606119479920408e-02
7.863535062772003537e-02
7.591935039937934560e-02
7.323044711912939098e-02
7.057095353612277688e-02
6.794310558078188456e-02
6.534905959978898338e-02
6.279088978859991010e-02
6.027058582491598426e-02
5.779005070592810323e-02
5.535109879163808283e-02
5.295545405594420663e-02
5.060474854661405758e-02
4.830052105471574486e-02
4.604421599351531114e-02
4.383718248628623582e-02
4.168067366194481288e-02
3.957584615690783875e-02
3.752375982102065105e-02
3.552537762493939572e-02
3.358156576583545133e-02
3.169309396783801663e-02
2.986063597317588705e-02
2.808477021954118927e-02
2.636598069880251305e-02
2.470465799179232327e-02
2.310110047352580132e-02
2.155551568287809860e-02
2.006802185041565642e-02
1.863864957778062215e-02
1.726734366176704838e-02
1.595396505596449396e-02
1.469829296264831345e-02
1.350002704737772105e-02
1.235878976860600373e-02
1.127412881446911326e-02
1.024551963878383466e-02
9.272368088219535426e-03
8.354013112517403791e-03
7.489729549607873627e-03
6.678730977448514398e-03
5.920172624421389182e-03
5.213154330148913641e-03
4.556723548655572734e-03
3.949878385862685103e-03
3.391570663516522109e-03
2.880709001753762894e-03
2.416161912661815916e-03
1.996760897333245671e-03
1.621303539098422307e-03
1.288556585809919617e-03
9.972590142590012207e-04
7.461250700257668041e-04
5.338472763045668456e-04
3.590994054923729540e-04
2.205394075896713346e-04
1.168122897330503150e-04
4.655294146149869638e-05
8.388900603451171273e-06
9.430549699558954643e-07
2.283627533914024050e-05
7.268997552362229872e-05
1.491285956221058352e-04
2.507820048688352735e-04
3.762878208088871646e-04
5.242936418403528961e-04
6.934591904789629002e-04
8.824583650143072184e-04
1.089981197533404196e-03
1.314735716596784985e-03
1.555449713152442029e-03
1.810872408572301471e-03
2.079776023983431754e-03
2.360957250354223796e-03
2.653238619073260574e-03
2.955469773021815027e-03
3.266528638412817716e-03
3.585322497908102930e-03
3.910788965777164949e-03
4.241896866088864029e-03
4.577647015148252237e-03
4.917072909602247452e-03
5.259241321839755803e-03
5.603252804491779156e-03
5.948242106026802208e-03
6.293378499583327478e-03
6.637866027354188438e-03
6.980943662960124169e-03
7.321885394390570748e-03
7.660000230198416894e-03
7.994632131747276063e-03
8.325159874395632667e-03
8.650996840587808767e-03
8.971590747888351716e-03
9.286423315061017453e-03
9.595009869326400626e-03
9.896898897984240245e-03
1.019167154760560086e-02
1.047894107400714793e-02
1.075835224624153638e-02
1.102958070782086332e-02
1.129233229837576374e-02
1.154634233894846068e-02
1.179137488405732070e-02
1.202722194366337427e-02
1.225370267810205714e-02
1.247066256899567738e-02
1.267797256910869856e-02
1.287552823403232544e-02
1.306324883851956060e-02
1.324107648021615076e-02
1.340897517344267695e-02
1.356692993560800961e-02
1.371494586873486451e-02
1.385304723849566273e-02
1.398127655304658330e-02
1.409969364386143113e-02
1.420837475066173694e-02
1.430741161243504096e-02
1.439691056642676374e-02
1.447699165689984163e-02
1.454778775532928996e-02
1.460944369361733865e-02
1.466211541178479537e-02
1.470596912151296391e-02
1.474118048678483422e-02
1.476793382279133031e-02
1.478642131414620309e-02
1.479684225337200495e-02
1.479940230050877034e-02
1.479431276460457280e-02
1.478178990775481060e-02
1.476205427226839201e-02
1.473533003143465310e-02
1.470184436430943022e-02
1.466182685481739849e-02
1.461550891542598776e-02
1.456312323553974643e-02
1.450490325470456428e-02
1.444108266064760351e-02
1.437189491209161889e-02
1.429757278624169126e-02
1.421834795077116936e-02
1.413445056006966925e-02
1.404610887549136676e-02
1.395354890925452548e-02
1.385699409163251156e-02
1.375666496101257165e-02
1.365277887636638654e-02
1.354554975164470355e-02
1.343518781156859826e-02
1.332189936827132999e-02
1.320588661820699602e-02
1.308734745872677796e-02
1.296647532370531763e-02
1.284345903757887729e-02
1.271848268714079189e-02
1.259172551043727731e-02
1.246336180208636527e-02
1.233356083434370212e-02
1.220248679323969812e-02
1.207029872909115217e-02
1.193715052071341563e-02
1.180319085265249535e-02
1.166856320475061562e-02
1.153340585338106898e-02
1.139785188368689674e-02
1.126202921216706149e-02
1.112606061896487426e-02
1.099006378922496099e-02
1.085415136290292758e-02
1.071843099241332614e-02
1.058300540753182722e-02
1.044797248696855904e-02
1.031342533606183220e-02
1.017945237003853830e-02
1.004613740232570239e-02
9.913559737402479963e-03
9.781794267706200863e-03
9.650911574116500732e-03
9.520978029578904683e-03
9.392055905426391696e-03
9.264203479991236362e-03
9.137475149113298903e-03
9.011921538174694907e-03
8.887589615299913010e-03
8.764522805394048613e-03
8.642761104695136781e-03
8.522341195546324910e-03
8.403296561109909607e-03
8.285657599755769445e-03
8.169451738884033268e-03
8.054703547950516421e-03
7.941434850490361116e-03
7.829664834936668483e-03
7.719410164061246693e-03
7.610685082872028530e-03
7.503501524813814029e-03
7.397869216145902017e-03
7.293795778364552118e-03
7.191286828568439413e-03
7.090346077671508089e-03
6.990975426370961074e-03
6.893175058809401443e-03
6.796943533858340082e-03
6.702277873977619850e-03
6.609173651605374129e-03
6.517625073049173462e-03
6.427625059848071122e-03
6.339165327596647630e-03
6.252236462216296045e-03
6.166827993674252849e-03
6.082928467157271667e-03
6.000525511709041936e-03
5.919605906347177524e-03
5.840155643685781411e-03
5.762159991085483851e-03
5.685603549366181897e-03
5.610470309114111258e-03
5.536743704627594340e-03
5.464406665533998349e-03
5.393441666133902065e-03
5.323830772510577090e-03
5.255555687460568802e-03
5.188597793291113876e-03
5.122938192543930944e-03
5.058557746694706918e-03
4.995437112886249968e-03
4.933556778750089987e-03
4.872897095375780356e-03
4.813438308482731291e-03
4.755160587855892032e-03
4.698044055097145774e-03
4.642068809756788594e-03
4.587214953899507175e-03
4.533462615157400968e-03
4.480791968337565975e-03
4.429183255625721710e-03
4.378616805454895594e-03
4.329073050082937919e-03
4.280532541937560886e-03
4.232975968779083796e-03
4.186384167733297329e-03
4.140738138243621122e-03
4.096019053990671531e-03
4.052208273829349672e-03
4.009287351787723351e-03
3.967238046172781411e-03
3.926042327828397488e-03
3.885682387586663830e-03
3.846140642953719841e-03
3.807399744071322291e-03
3.769442578989867353e-03
3.732252278294505201e-03
3.695812219113374288e-03
3.660106028551193304e-03
3.625117586571479939e-03
3.590831028369074942e-03
3.557230746255379741e-03
3.524301391091893762e-03
3.492027873295904753e-03
3.460395363447775572e-03
3.429389292524332149e-03
3.398995351783996605e-03
3.369199492326896070e-03
3.339987924351595257e-03
3.311347116131357644e-03
3.283263792728112127e-03
3.255724934467535241e-03
3.228717775188515247e-03
3.202229800288682558e-03
3.176248744581010135e-03
3.150762589976482692e-03
3.125759563009878825e-03
3.101228132221718094e-03
3.077157005408636282e-03
3.053535126756672016e-03
3.030351673869081334e-03
3.007596054699105889e-03
2.985257904399623175e-03
2.963327082096818468e-03
2.941793667602546434e-03
2.920647958069276864e-03
2.899880464597136449e-03
2.879481908803583311e-03
2.859443219359550630e-03
2.839755528500817559e-03
2.820410168520096940e-03
2.801398668247642634e-03
2.782712749522286803e-03
2.764344323663458624e-03
2.746285487942957525e-03
2.728528522066453466e-03
2.711065884665329623e-03
2.693890209803879998e-03
2.676994303506151449e-03
2.660371140304131944e-03
2.644013859811994351e-03
2.627915763328205097e-03
2.612070310468206456e-03
2.596471115830079838e-03
2.581111945695400110e-03
2.565986714767489255e-03
2.551089482948033435e-03
2.536414452153785623e-03
2.521955963177083000e-03
2.507708492586300728e-03
2.493666649673709212e-03
2.479825173445881527e-03
2.466178929662753757e-03
2.452722907920973708e-03
2.439452218786748207e-03
2.426362090974783312e-03
2.413447868578097021e-03
2.400705008343633883e-03
2.388129076999272963e-03
2.375715748628470011e-03
2.363460802094965053e-03
2.351360118516345864e-03
2.339409678786520674e-03
2.327605561148205979e-03
2.315943938813698217e-03
2.304421077634267144e-03
2.293033333817873828e-03
2.281777151696275791e-03
2.270649061537976989e-03
2.259645677410417053e-03
2.248763695087949415e-03
2.237999890006864712e-03
2.227351115266159708e-03
2.216814299674351851e-03
2.206386445840895737e-03
2.196064628311810308e-03
2.185845991749840300e-03
2.175727749157257626e-03
2.165707180141922001e-03
2.155781629224595448e-03
2.145948504188345540e-03
2.136205274468187722e-03
2.126549469581200027e-03
2.116978677595910199e-03
2.107490543639813779e-03
2.098082768446465126e-03
2.088753106937943360e-03
2.079499366845484389e-03
2.070319407365622290e-03
2.061211137851693895e-03
2.052172516539013496e-03
2.043201549306116350e-03
2.034296288467002563e-03
2.025454831596685493e-03
2.016675320389644394e-03
2.007955939547475480e-03
1.999294915698666616e-03
1.990690516347282894e-03
1.982141048851449126e-03
1.973644859429637792e-03
1.965200332195250754e-03
1.956805888218482101e-03
1.948459984614202495e-03
1.940161113656711355e-03
1.931907801918177113e-03
1.923698609433942708e-03
1.915532128889824767e-03
1.907406984834151458e-03
1.899321832912199536e-03
1.891275359123528428e-03
1.883266279100086118e-03
1.875293337405823648e-03
1.867355306857890022e-03
1.859450987866412058e-03
1.851579207794695845e-03
1.843738820338622483e-03
1.835928704924006229e-03
1.828147766121844152e-03
1.820394933081884029e-03
1.812669158982655208e-03
1.804969420498131125e-03
1.797294717280378817e-03
1.789644071458447623e-03
1.782016527151627453e-03
1.774411149997679902e-03
1.766827026696524226e-03
1.759263264565765405e-03
1.751718991112001262e-03
1.744193353613286441e-03
1.736685518716332872e-03
1.729194672043811096e-03
1.721720017815832511e-03
1.714260778481558299e-03
1.706816194363222671e-03
1.699385523309930200e-03
1.691968040363437710e-03
1.684563037432896659e-03
1.677169822980946468e-03
1.669787721718261810e-03
1.662416074308603001e-03
1.655054237081663750e-03
1.647701581756497906e-03
1.640357495171765410e-03
1.633021379025760339e-03
1.625692649622753573e-03
1.618370737629235738e-03
1.611055087836060166e-03
1.603745158928346565e-03
1.596440423262708921e-03
1.589140366651244042e-03
1.581844488152048516e-03
1.574552299866116859e-03
1.567263326740547542e-03
1.559977106377891456e-03
1.552693188851250131e-03
1.545411136524819885e-03
1.538130523880159705e-03
1.530850937347617759e-03
1.523571975143042960e-03
1.516293247109310165e-03
1.509014374562573377e-03
1.501734990143244099e-03
1.494454737671680996e-03
1.487173272007563229e-03
1.479890258914597209e-03
1.472605374927898284e-03
1.465318307226684590e-03
1.458028753509593364e-03
1.450736421874540072e-03
1.443441030701494033e-03
1.436142308539407409e-03
1.428839993995704213e-03
1.421533835629742700e-03
1.414223591848668207e-03
1.406909030806779894e-03
1.399589930307663498e-03
1.392266077709323861e-03
1.384937269831449432e-03
1.377603312866111738e-03
1.370264022290234272e-03
1.362919222781265420e-03
1.355568748134739192e-03
1.348212441184108885e-03
1.340850153723179786e-03
1.333481746430104000e-03
1.326107088794258601e-03
1.318726059044207340e-03
1.311338544078284162e-03
1.303944439396727143e-03
1.296543649035529575e-03
1.289136085502590222e-03
1.281721669714414990e-03
1.274300330935958236e-03
1.266872006720336577e-03
1.259436642851757783e-03
1.251994193288151090e-03
1.244544620106893774e-03
1.237087893450492622e-03
1.229623991474271391e-03
1.222152900295386205e-03
1.214674613942490385e-03
1.207189134306923227e-03
1.199696471095086430e-03
1.192196641781740349e-03
1.184689671564112751e-03
1.177175593317239446e-03
1.169654447550567576e-03
1.162126282364526813e-03
1.154591153408826608e-03
1.147049123841465974e-03
1.139500264287902432e-03
1.131944652801646469e-03
1.124382374825494369e-03
1.116813523152817645e-03
1.109238197890737021e-03
1.101656506422350572e-03
1.094068563370994293e-03
1.086474490563873411e-03
1.078874416997515576e-03
1.071268478802307701e-03
1.063656819208474557e-03
1.056039588512290702e-03
1.048416944042639999e-03
1.040789050127688105e-03
1.033156078062680153e-03
1.025518206077194591e-03
1.017875619303295395e-03
1.010228509743883989e-03
1.002577076241058110e-03
9.949215244450819364e-04
9.872620667833234814e-04
9.795989224293153667e-04
9.719323172725459134e-04
9.642624838875565613e-04
9.565896615040629918e-04
9.489140959762827230e-04
9.412360397532983352e-04
9.335557518488768599e-04
9.258734978113196358e-04
9.181895496938200039e-04
9.105041860244044534e-04
9.028176917760939680e-04
8.951303583369756012e-04
8.874424834801632449e-04
8.797543713340723846e-04
8.720663323518502595e-04
8.643786832819545188e-04
8.566917471372483646e-04
8.490058531648043277e-04
8.413213368157501128e-04
8.336385397140960501e-04
8.259578096261728465e-04
8.182795004300156671e-04
8.106039720833622822e-04
8.029315905930016961e-04
7.952627279827584154e-04
7.875977622618912091e-04
7.799370773927636084e-04
7.722810632586723763e-04
7.646301156311734485e-04
7.569846361370796868e-04
7.493450322253599697e-04
7.417117171334229988e-04
7.340851098535734927e-04
7.264656350984058635e-04
7.188537232665019030e-04
7.112498104075342178e-04
7.036543381867970976e-04
6.960677538496464183e-04
6.884905101853535346e-04
6.809230654909033354e-04
6.733658835335053520e-04
6.658194335139018625e-04
6.582841900280598851e-04
6.507606330292896963e-04
6.432492477894559803e-04
6.357505248597515026e-04
6.282649600311508362e-04
6.207930542941231429e-04
6.133353137982374033e-04
6.058922498108128968e-04
5.984643786753190151e-04
5.910522217691539359e-04
5.836563054610810139e-04
5.762771610676664050e-04
5.689153248096377605e-04
5.615713377675980375e-04
5.542457458366791771e-04
5.469390996813838909e-04
5.396519546893340305e-04
5.323848709243505454e-04
5.251384130794114688e-04
5.179131504286303266e-04
5.107096567784251894e-04
5.035285104188416813e-04
4.963702940732934868e-04
4.892355948482336866e-04
4.821250041822068501e-04
4.750391177939226363e-04
4.679785356298348897e-04
4.609438618112805504e-04
4.539357045804353740e-04
4.469546762460155148e-04
4.400013931283194802e-04
4.330764755031563931e-04
4.261805475455324762e-04
4.193142372724362947e-04
4.124781764848034190e-04
4.056730007091881914e-04
3.988993491380323181e-04
3.921578645699670164e-04
3.854491933489871051e-04
3.787739853027467817e-04
3.721328936804949028e-04
3.655265750901050097e-04
3.589556894342866731e-04
3.524208998460780120e-04
3.459228726237491107e-04
3.394622771648488622e-04
3.330397858992672480e-04
3.266560742219956127e-04
3.203118204247400159e-04
3.140077056269651064e-04
3.077444137060029810e-04
3.015226312265260498e-04
2.953430473694157845e-04
2.892063538592815259e-04
2.831132448918846959e-04
2.770644170602989368e-04
2.710605692804322528e-04
2.651024027158707663e-04
2.591906207018318010e-04
2.533259286683138978e-04
2.475090340623548025e-04
2.417406462699533238e-04
2.360214765364272303e-04
2.303522378868757181e-04
2.247336450450886775e-04
2.191664143520745650e-04
2.136512636836246360e-04
2.081889123672249757e-04
2.027800810980677753e-04
1.974254918542621407e-04
1.921258678113726428e-04
1.868819332558521978e-04
1.816944134981882033e-04
1.765640347848172645e-04
1.714915242093481183e-04
1.664776096232234556e-04
1.615230195452722797e-04
1.566284830706870135e-04
1.517947297791330562e-04
1.470224896421660761e-04
1.423124929296720308e-04
1.376654701157640028e-04
1.330821517837430695e-04
1.285632685303473677e-04
1.241095508692421359e-04
1.197217291337049930e-04
1.154005333785918089e-04
1.111466932814548505e-04
1.069609380430765162e-04
1.028439962869931353e-04
9.879659595855459428e-05
9.481946422303070437e-05
9.091332736310889901e-05
8.707891067547827350e-05
8.331693836696567323e-05
7.962813344963143563e-05
7.601321763544824286e-05
7.247291123000651003e-05
6.900793302563570019e-05
6.561900019388681375e-05
6.230682817710031280e-05
5.907213057958927559e-05
5.591561905779997223e-05
5.283800321012732519e-05
4.983999046577918576e-05
4.692228597319801208e-05
4.408559248761057073e-05
4.133061025815402707e-05
3.865803691418430308e-05
3.606856735104896144e-05
3.356289361519921406e-05
3.114170478868740486e-05
2.880568687310161886e-05
2.655552267277078916e-05
2.439189167757183403e-05
2.231546994499962453e-05
2.032692998173587465e-05
1.842694062463225388e-05
1.661616692117252029e-05
1.489527000934704833e-05
1.326490699706730748e-05
1.172573084094868652e-05
1.027839022469765682e-05
8.923529436957054731e-06
7.661788248608780152e-06
6.493801789706505958e-06
5.420200425865762072e-06
4.441609634207846607e-06
3.558649878904997523e-06
2.771936486267944145e-06
2.082079519401598936e-06
1.489683652503302843e-06
9.953480447395036243e-07
5.996662137416673388e-07
3.032259087741797778e-07
1.066089835081386945e-07
1.039126849648054313e-08
1.514244330830700917e-08
1.214259083631656428e-07
3.297986564738479094e-07
6.408111441067353094e-07
1.055007162388560268e-06
1.572923707862799757e-06
2.195090853009165024e-06
2.922031616552979589e-06
3.754261833581196455e-06
4.692290025460211294e-06
5.736617269606557031e-06
6.887737069077672745e-06
8.146135222080833093e-06
9.512289691292035305e-06
1.098667047314215767e-05
1.256973946701571440e-05
1.426195034432083434e-05
1.606374841760891485e-05
1.797557050958288060e-05
1.999784482214806851e-05
2.213099080548830682e-05
2.437541902706497854e-05
2.673153104083762129e-05
2.919971925639542262e-05
3.178036680823356482e-05
3.447384742516644340e-05
3.728052529985782700e-05
4.020075495837592002e-05
4.323488113019650908e-05
4.638323861804210022e-05
4.964615216826470212e-05
5.302393634115261357e-05
5.651689538175060096e-05
6.012532309080937369e-05
6.384950269605451972e-05
6.768970672377080846e-05
7.164619687073848662e-05
7.571922387656527403e-05
7.990902739633777216e-05
8.421583587364884008e-05
8.863986641426586943e-05
9.318132465994706656e-05
9.784040466290604685e-05
1.026172887608713851e-04
1.075121474524214446e-04
1.125251392730749361e-04
1.176564106718869181e-04
1.229060958885310753e-04
1.282743168312684950e-04
1.337611829552097205e-04
1.393667911416445263e-04
1.450912255776448038e-04
1.509345576367746760e-04
1.568968457602616402e-04
1.629781353390480304e-04
1.691784585967596869e-04
1.754978344732212802e-04
1.819362685091448239e-04
1.884937527313520480e-04
1.951702655391757612e-04
2.019657715917398504e-04
2.088802216959648823e-04
2.159135526959719202e-04
2.230656873629689447e-04
2.303365342868568750e-04
2.377259877679473968e-04
2.452339277109581044e-04
2.528602195189818104e-04
2.606047139894049260e-04
2.684672472105771395e-04
2.764476404599566935e-04
2.845457001031399379e-04
2.927612174944917069e-04
3.010939688789357927e-04
3.095437152950172421e-04
3.181102024793125340e-04
3.267931607722004300e-04
3.355923050252356552e-04
3.445073345096541072e-04
3.535379328265147222e-04
3.626837678182123141e-04
3.719444914817572308e-04
3.813197398831471804e-04
3.908091330738987343e-04
4.004122750086410235e-04
4.101287534647485473e-04
4.199581399632686292e-04
4.298999896919746661e-04
4.399538414295413118e-04
4.501192174724675697e-04
4.603956235623440116e-04
4.707825488163489675e-04
4.812794656587272737e-04
4.918858297544308113e-04
5.026010799445082425e-04
5.134246381837382321e-04
5.243559094798431108e-04
5.353942818348301222e-04
5.465391261884792280e-04
5.577897963638134846e-04
5.691456290144829289e-04
5.806059435745082294e-04
5.921700422099523747e-04
6.038372097729344549e-04
6.156067137576216788e-04
6.274778042587284997e-04
6.394497139320799543e-04
6.515216579575175285e-04
6.636928340039870882e-04
6.759624221972660840e-04
6.883295850898122140e-04
7.007934676330671540e-04
7.133531971522884306e-04
7.260078833236435899e-04
7.387566181541971267e-04
7.515984759638359670e-04
7.645325133702290899e-04
7.775577692761465910e-04
7.906732648592248135e-04
8.038780035651663406e-04
8.171709711022396216e-04
8.305511354397435240e-04
8.440174468084193308e-04
8.575688377040269813e-04
8.712042228933796319e-04
8.849224994235847450e-04
8.987225466334382946e-04
9.126032261685281368e-04
9.265633819984781363e-04
9.406018404376119760e-04
9.547174101682822604e-04
9.689088822671607917e-04
9.831750302346340016e-04
9.975146100272597356e-04
1.011926360092892585e-03
1.026409001409608803e-03
1.040961237526758865e-03
1.055581754609737641e-03
1.070269221488381450e-03
1.085022289707007022e-03
1.099839593579415246e-03
1.114719750245389378e-03
1.129661359732317405e-03
1.144663005018239487e-03
1.159723252099404594e-03
1.174840650060580798e-03
1.190013731148759557e-03
1.205241010850480795e-03
1.220520987972060394e-03
1.235852144723927461e-03
1.251232946807215654e-03
1.266661843505127597e-03
