0.000000000000000000e+00
1.641337799321349045e-02
3.282675598642698089e-02
4.924013397963888927e-02
6.565351197285237972e-02
8.206688996606587017e-02
9.848026795927936061e-02
1.148936459524928511e-01
1.313070239457063415e-01
1.477204019389182499e-01
1.641337799321317403e-01
1.805471579253452308e-01
1.969605359185587212e-01
2.133739139117722117e-01
2.297872919049857021e-01
2.462006698981976105e-01
2.626140478914110732e-01
2.790274258846245914e-01
2.954408038778380541e-01
3.118541818710515723e-01
3.282675598642650350e-01
3.446809378574769434e-01
3.610943158506904616e-01
3.775076938439039242e-01
3.939210718371174424e-01
4.103344498303309051e-01
4.267478278235428135e-01
4.431612058167563317e-01
4.595745838099697944e-01
4.759879618031833126e-01
4.924013397963967753e-01
5.088147177896102935e-01
5.252280957828221464e-01
5.416414737760356646e-01
5.580548517692491828e-01
5.744682297624627010e-01
5.908816077556761082e-01
6.072949857488880721e-01
6.237083637421015903e-01
6.401217417353149974e-01
6.565351197285285156e-01
6.729484977217420338e-01
6.893618757149555520e-01
7.057752537081674049e-01
7.221886317013809231e-01
7.386020096945944413e-01
7.550153876878078485e-01
7.714287656810213667e-01
7.878421436742348849e-01
8.042555216674467378e-01
8.206688996606602560e-01
8.370822776538737742e-01
8.534956556470872924e-01
8.699090336403006996e-01
8.863224116335142178e-01
9.027357896267261816e-01
9.191491676199395888e-01
9.355625456131531070e-01
9.519759236063666252e-01
9.683893015995801434e-01
9.848026795927919963e-01
1.001216057586005403e+00
1.017629435579219033e+00
1.034042813572432440e+00
1.050456191565646069e+00
1.066869569558859476e+00
1.083282947552071329e+00
1.099696325545284958e+00
1.116109703538498366e+00
1.132523081531711773e+00
1.148936459524925402e+00
1.165349837518137255e+00
1.181763215511350662e+00
1.198176593504564291e+00
1.214589971497777698e+00
1.231003349490991106e+00
1.247416727484204735e+00
1.263830105477418142e+00
1.280243483470629995e+00
1.296656861463843624e+00
1.313070239457057031e+00
1.329483617450270660e+00
1.345896995443484068e+00
1.362310373436695921e+00
1.378723751429909550e+00
1.395137129423122957e+00
1.411550507416336364e+00
1.427963885409549993e+00
1.444377263402763401e+00
1.460790641395975253e+00
1.477204019389188883e+00
1.493617397382402290e+00
1.510030775375615697e+00
1.526444153368829326e+00
1.542857531362041179e+00
1.559270909355254586e+00
1.575684287348468215e+00
1.592097665341681623e+00
1.608511043334895252e+00
1.624924421328108659e+00
1.641337799321320512e+00
1.657751177314534141e+00
1.674164555307747548e+00
1.690577933300960956e+00
1.706991311294174585e+00
1.723404689287386438e+00
1.739818067280599845e+00
1.756231445273813474e+00
1.772644823267026881e+00
1.789058201260240288e+00
1.805471579253453918e+00
1.821884957246667325e+00
1.838298335239879178e+00
1.854711713233092807e+00
1.871125091226306214e+00
1.887538469219519621e+00
1.903951847212731696e+00
1.920365225205945103e+00
1.936778603199158511e+00
1.953191981192372140e+00
1.969605359185585547e+00
1.986018737178799176e+00
2.002432115172012583e+00
2.018845493165226213e+00
2.035258871158438065e+00
2.051672249151651251e+00
2.068085627144864880e+00
2.084499005138078509e+00
2.100912383131290362e+00
2.117325761124503991e+00
2.133739139117717176e+00
2.150152517110930805e+00
2.166565895104144435e+00
2.182979273097357620e+00
2.199392651090571249e+00
2.215806029083783102e+00
2.232219407076996731e+00
2.248632785070210360e+00
2.265046163063423545e+00
2.281459541056635398e+00
2.297872919049849028e+00
2.314286297043062657e+00
2.330699675036275842e+00
2.347113053029489471e+00
2.363526431022703100e+00
2.379939809015916730e+00
2.396353187009128582e+00
2.412766565002341768e+00
2.429179942995555397e+00
2.445593320988769026e+00
2.462006698981982211e+00
2.478420076975194508e+00
2.494833454968407693e+00
2.511246832961621323e+00
2.527660210954834952e+00
2.544073588948048137e+00
2.560486966941261766e+00
2.576900344934475395e+00
2.593313722927687248e+00
2.609727100920900433e+00
2.626140478914114063e+00
2.642553856907327692e+00
2.658967234900539545e+00
2.675380612893753174e+00
2.691793990886966359e+00
2.708207368880179988e+00
2.724620746873393617e+00
2.741034124866606803e+00
2.757447502859820432e+00
2.773860880853032285e+00
2.790274258846245914e+00
2.806687636839459543e+00
2.823101014832672728e+00
2.839514392825884581e+00
2.855927770819098210e+00
2.872341148812311840e+00
2.888754526805525025e+00
2.905167904798738654e+00
2.921581282791952283e+00
2.937994660785165912e+00
2.954408038778377765e+00
2.970821416771590950e+00
2.987234794764804580e+00
3.003648172758018209e+00
3.020061550751231394e+00
3.036474928744443691e+00
3.052888306737656876e+00
3.069301684730870505e+00
3.085715062724084135e+00
3.102128440717297320e+00
3.118541818710510949e+00
3.134955196703724578e+00
3.151368574696936431e+00
3.167781952690149616e+00
3.184195330683363245e+00
3.200608708676576875e+00
3.217022086669788727e+00
3.233435464663002357e+00
3.249848842656215542e+00
3.266262220649429171e+00
3.282675598642642800e+00
3.299088976635855985e+00
3.315502354629069615e+00
3.331915732622281467e+00
3.348329110615495097e+00
3.364742488608708726e+00
3.381155866601921911e+00
3.397569244595133764e+00
3.413982622588347393e+00
3.430396000581561022e+00
3.446809378574774207e+00
3.463222756567987837e+00
3.479636134561201466e+00
3.496049512554415095e+00
3.512462890547628280e+00
3.528876268540840133e+00
3.545289646534053762e+00
3.561703024527267392e+00
3.578116402520479244e+00
3.594529780513692430e+00
3.610943158506906059e+00
3.627356536500119688e+00
3.643769914493333317e+00
3.660183292486546502e+00
3.676596670479760132e+00
3.693010048472973761e+00
3.709423426466186946e+00
3.725836804459398799e+00
3.742250182452612428e+00
3.758663560445824281e+00
3.775076938439037910e+00
3.791490316432251539e+00
3.807903694425464725e+00
3.824317072418678354e+00
3.840730450411891983e+00
3.857143828405105168e+00
3.873557206398318797e+00
3.889970584391532427e+00
3.906383962384744279e+00
3.922797340377957909e+00
3.939210718371171094e+00
3.955624096364382947e+00
3.972037474357596576e+00
3.988450852350810205e+00
4.004864230344023390e+00
4.021277608337237019e+00
4.037690986330450649e+00
4.054104364323664278e+00
4.070517742316877907e+00
4.086931120310089760e+00
4.103344498303302501e+00
4.119757876296516130e+00
4.136171254289727983e+00
4.152584632282941612e+00
4.168998010276155242e+00
4.185411388269368871e+00
4.201824766262582500e+00
4.218238144255796129e+00
4.234651522249008870e+00
4.251064900242222500e+00
4.267478278235436129e+00
4.283891656228647982e+00
4.300305034221859835e+00
4.316718412215073464e+00
4.333131790208287093e+00
4.349545168201500722e+00
4.365958546194714351e+00
4.382371924187927092e+00
4.398785302181140722e+00
4.415198680174354351e+00
4.431612058167567980e+00
4.448025436160781609e+00
4.464438814153995239e+00
4.480852192147208868e+00
4.497265570140421609e+00
4.513678948133632574e+00
4.530092326126846203e+00
4.546505704120058944e+00
4.562919082113272573e+00
4.579332460106486202e+00
4.595745838099699832e+00
4.612159216092913461e+00
4.628572594086127090e+00
4.644985972079339831e+00
4.661399350072550796e+00
4.677812728065764425e+00
4.694226106058977166e+00
4.710639484052190795e+00
4.727052862045404424e+00
4.743466240038618054e+00
4.759879618031831683e+00
4.776292996025045312e+00
4.792706374018258053e+00
4.809119752011471682e+00
4.825533130004685312e+00
4.841946507997898941e+00
4.858359885991112570e+00
4.874773263984326199e+00
4.891186641977536276e+00
4.907600019970749905e+00
4.924013397963963534e+00
4.940426775957176275e+00
4.956840153950389904e+00
4.973253531943603534e+00
4.989666909936817163e+00
5.006080287930030792e+00
5.022493665923240869e+00
5.038907043916454498e+00
5.055320421909668127e+00
5.071733799902881756e+00
5.088147177896094497e+00
5.104560555889308127e+00
5.120973933882521756e+00
5.137387311875735385e+00
5.153800689868949014e+00
5.170214067862162644e+00
5.186627445855376273e+00
5.203040823848589014e+00
5.219454201841802643e+00
5.235867579835016272e+00
5.252280957828229901e+00
5.268694335821439978e+00
5.285107713814653607e+00
5.301521091807867236e+00
5.317934469801080866e+00
5.334347847794294495e+00
5.350761225787507236e+00
5.367174603780720865e+00
5.383587981773934494e+00
5.400001359767144571e+00
5.416414737760358200e+00
5.432828115753571829e+00
5.449241493746785459e+00
5.465654871739999088e+00
5.482068249733212717e+00
5.498481627726425458e+00
5.514895005719639087e+00
5.531308383712852716e+00
5.547721761706066346e+00
5.564135139699279975e+00
5.580548517692493604e+00
5.596961895685707233e+00
5.613375273678919974e+00
5.629788651672130939e+00
5.646202029665343680e+00
5.662615407658557309e+00
5.679028785651770939e+00
5.695442163644984568e+00
5.711855541638198197e+00
5.728268919631411826e+00
5.744682297624625456e+00
5.761095675617838197e+00
5.777509053611049161e+00
5.793922431604262790e+00
5.810335809597475532e+00
5.826749187590689161e+00
5.843162565583902790e+00
5.859575943577116419e+00
5.875989321570330048e+00
5.892402699563543678e+00
5.908816077556756419e+00
5.925229455549970048e+00
5.941642833543183677e+00
5.958056211536397306e+00
5.974469589529610936e+00
5.990882967522824565e+00
6.007296345516034641e+00
6.023709723509248271e+00
6.040123101502461900e+00
6.056536479495674641e+00
6.072949857488888270e+00
6.089363235482101899e+00
6.105776613475315528e+00
6.122189991468529158e+00
6.138603369461742787e+00
6.155016747454952863e+00
6.171430125448166493e+00
6.187843503441380122e+00
6.204256881434592863e+00
6.220670259427806492e+00
6.237083637421020121e+00
6.253497015414233751e+00
6.269910393407447380e+00
6.286323771400661009e+00
6.302737149393874638e+00
6.319150527387087379e+00
6.335563905380301009e+00
6.351977283373514638e+00
6.368390661366728267e+00
6.384804039359938344e+00
6.401217417353151973e+00
6.417630795346365602e+00
6.434044173339579231e+00
6.450457551332792860e+00
6.466870929326005601e+00
6.483284307319219231e+00
6.499697685312432860e+00
6.516111063305642936e+00
6.532524441298856566e+00
6.548937819292070195e+00
6.565351197285283824e+00
6.581764575278497453e+00
6.598177953271711083e+00
6.614591331264923824e+00
6.631004709258137453e+00
6.647418087251351082e+00
6.663831465244564711e+00
6.680244843237778340e+00
6.696658221230991970e+00
6.713071599224205599e+00
6.729484977217418340e+00
6.745898355210631969e+00
6.762311733203842046e+00
6.778725111197055675e+00
6.795138489190269304e+00
6.811551867183482933e+00
6.827965245176696563e+00
6.844378623169910192e+00
6.860792001163123821e+00
6.877205379156336562e+00
6.893618757149547527e+00
6.910032135142760268e+00
6.926445513135973897e+00
6.942858891129187526e+00
6.959272269122401156e+00
6.975685647115614785e+00
6.992099025108828414e+00
7.008512403102042043e+00
7.024925781095254784e+00
7.041339159088468413e+00
7.057752537081682043e+00
7.074165915074895672e+00
7.090579293068109301e+00
7.106992671061322930e+00
7.123406049054533007e+00
7.139819427047746636e+00
7.156232805040960265e+00
7.172646183034173006e+00
7.189059561027386636e+00
7.205472939020600265e+00
7.221886317013813894e+00
7.238299695007023971e+00
7.254713073000237600e+00
7.271126450993451229e+00
7.287539828986664858e+00
7.303953206979878487e+00
7.320366584973091229e+00
7.336779962966304858e+00
7.353193340959518487e+00
7.369606718952732116e+00
7.386020096945945745e+00
7.402433474939159375e+00
7.418846852932373004e+00
7.435260230925585745e+00
7.451673608918799374e+00
7.468086986912013003e+00
7.484500364905226633e+00
7.500913742898440262e+00
7.517327120891650338e+00
7.533740498884863968e+00
7.550153876878077597e+00
7.566567254871291226e+00
7.582980632864503967e+00
7.599394010857717596e+00
7.615807388850928561e+00
7.632220766844141302e+00
7.648634144837354931e+00
7.665047522830568560e+00
7.681460900823782190e+00
7.697874278816995819e+00
7.714287656810209448e+00
7.730701034803422189e+00
7.747114412796635818e+00
7.763527790789849448e+00
7.779941168783063077e+00
7.796354546776276706e+00
7.812767924769490335e+00
7.829181302762703076e+00
7.845594680755916706e+00
7.862008058749130335e+00
7.878421436742343964e+00
7.894834814735554041e+00
7.911248192728767670e+00
7.927661570721981299e+00
7.944074948715194928e+00
7.960488326708408557e+00
7.976901704701622187e+00
7.993315082694832263e+00
8.009728460688045004e+00
8.026141838681258633e+00
8.042555216674472263e+00
8.058968594667685892e+00
8.075381972660899521e+00
8.091795350654113150e+00
8.108208728647326780e+00
8.124622106640540409e+00
8.141035484633754038e+00
8.157448862626967667e+00
8.173862240620181296e+00
8.190275618613393149e+00
8.206688996606606779e+00
8.223102374599820408e+00
8.239515752593034037e+00
8.255929130586247666e+00
8.272342508579457743e+00
8.288755886572671372e+00
8.305169264565885001e+00
8.321582642559098630e+00
8.337996020552312260e+00
8.354409398545525889e+00
8.370822776538735965e+00
8.387236154531949595e+00
8.403649532525163224e+00
8.420062910518376853e+00
8.436476288511590482e+00
8.452889666504804111e+00
8.469303044498017741e+00
8.485716422491229594e+00
8.502129800484443223e+00
8.518543178477656852e+00
8.534956556470870481e+00
8.551369934464084110e+00
8.567783312457297740e+00
8.584196690450511369e+00
8.600610068443724998e+00
8.617023446436938627e+00
8.633436824430152257e+00
8.649850202423362333e+00
8.666263580416575962e+00
8.682676958409789592e+00
8.699090336403003221e+00
8.715503714396216850e+00
8.731917092389426927e+00
8.748330470382640556e+00
8.764743848375854185e+00
8.781157226369067814e+00
8.797570604362279667e+00
8.813983982355493296e+00
8.830397360348706925e+00
8.846810738341920555e+00
8.863224116335134184e+00
8.879637494328347813e+00
8.896050872321561442e+00
8.912464250314775072e+00
8.928877628307988701e+00
8.945291006301202330e+00
8.961704384294415959e+00
8.978117762287629589e+00
8.994531140280843218e+00
9.010944518274053294e+00
9.027357896267266923e+00
9.043771274260478776e+00
9.060184652253692406e+00
9.076598030246906035e+00
9.093011408240119664e+00
9.109424786233329741e+00
9.125838164226543370e+00
9.142251542219756999e+00
9.158664920212970628e+00
9.175078298206184257e+00
9.191491676199397887e+00
9.207905054192611516e+00
9.224318432185825145e+00
9.240731810179038774e+00
9.257145188172252404e+00
9.273558566165466033e+00
9.289971944158679662e+00
9.306385322151891515e+00
9.322798700145105144e+00
9.339212078138318773e+00
9.355625456131532403e+00
9.372038834124746032e+00
9.388452212117956108e+00
9.404865590111169737e+00
9.421278968104383367e+00
9.437692346097596996e+00
9.454105724090810625e+00
9.470519102084024254e+00
9.486932480077234331e+00
9.503345858070447960e+00
9.519759236063661589e+00
9.536172614056875219e+00
9.552585992050088848e+00
9.568999370043302477e+00
9.585412748036516106e+00
9.601826126029727959e+00
9.618239504022941588e+00
9.634652882016155218e+00
9.651066260009368847e+00
9.667479638002582476e+00
9.683893015995796105e+00
9.700306393989009734e+00
9.716719771982223364e+00
9.733133149975436993e+00
9.749546527968650622e+00
9.765959905961860699e+00
9.782373283955074328e+00
9.798786661948287957e+00
9.815200039941501586e+00
9.831613417934715216e+00
9.848026795927928845e+00
9.864440173921138921e+00
9.880853551914352551e+00
9.897266929907566180e+00
9.913680307900778033e+00
9.930093685893991662e+00
9.946507063887205291e+00
9.962920441880418920e+00
9.979333819873632550e+00
9.995747197866846179e+00
1.001216057586005981e+01
1.002857395385327344e+01
1.004498733184648707e+01
1.006140070983970070e+01
1.007781408783291432e+01
1.009422746582612795e+01
1.011064084381933981e+01
1.012705422181255344e+01
1.014346759980576529e+01
1.015988097779897714e+01
1.017629435579219077e+01
1.019270773378540440e+01
1.020912111177861803e+01
1.022553448977182811e+01
1.024194786776504174e+01
1.025836124575825536e+01
1.027477462375146899e+01
1.029118800174468262e+01
1.030760137973789625e+01
1.032401475773110988e+01
1.034042813572432351e+01
1.035684151371753714e+01
1.037325489171075077e+01
1.038966826970396440e+01
1.040608164769717803e+01
1.042249502569038988e+01
1.043890840368360351e+01
1.045532178167681714e+01
1.047173515967003077e+01
1.048814853766324440e+01
1.050456191565645803e+01
1.052097529364966810e+01
1.053738867164288173e+01
1.055380204963609536e+01
1.057021542762930899e+01
1.058662880562252262e+01
1.060304218361573270e+01
1.061945556160894633e+01
1.063586893960215995e+01
1.065228231759537358e+01
1.066869569558858721e+01
1.068510907358180084e+01
1.070152245157501447e+01
1.071793582956822632e+01
1.073434920756143995e+01
1.075076258555465358e+01
1.076717596354786721e+01
1.078358934154108084e+01
1.080000271953429447e+01
1.081641609752750810e+01
1.083282947552072173e+01
1.084924285351393536e+01
1.086565623150714899e+01
1.088206960950035906e+01
1.089848298749357269e+01
1.091489636548678632e+01
1.093130974347999995e+01
1.094772312147321358e+01
1.096413649946642721e+01
1.098054987745963729e+01
1.099696325545285092e+01
1.101337663344606277e+01
1.102979001143927640e+01
1.104620338943249003e+01
1.106261676742570366e+01
1.107903014541891729e+01
1.109544352341213092e+01
1.111185690140534454e+01
1.112827027939855817e+01
1.114468365739177180e+01
1.116109703538498543e+01
1.117751041337819906e+01
1.119392379137141269e+01
1.121033716936462632e+01
1.122675054735783817e+01
1.124316392535105180e+01
1.125957730334426365e+01
1.127599068133747551e+01
1.129240405933068914e+01
1.130881743732390277e+01
1.132523081531711640e+01
1.134164419331033002e+01
1.135805757130354010e+01
1.137447094929675373e+01
1.139088432728996736e+01
1.140729770528318099e+01
1.142371108327639462e+01
1.144012446126960825e+01
1.145653783926282188e+01
1.147295121725603551e+01
1.148936459524924913e+01
1.150577797324246276e+01
1.152219135123567639e+01
1.153860472922888825e+01
1.155501810722210188e+01
1.157143148521531550e+01
1.158784486320852913e+01
1.160425824120174276e+01
1.162067161919495639e+01
1.163708499718816647e+01
1.165349837518138010e+01
1.166991175317459373e+01
1.168632513116780736e+01
1.170273850916102099e+01
1.171915188715423106e+01
1.173556526514744469e+01
1.175197864314065832e+01
1.176839202113387195e+01
1.178480539912708558e+01
1.180121877712029921e+01
1.181763215511351284e+01
1.183404553310672469e+01
1.185045891109993832e+01
1.186687228909315195e+01
1.188328566708636558e+01
1.189969904507957921e+01
1.191611242307279284e+01
1.193252580106600647e+01
1.194893917905922009e+01
1.196535255705243372e+01
1.198176593504564735e+01
1.199817931303886098e+01
1.201459269103207106e+01
1.203100606902528469e+01
1.204741944701849832e+01
1.206383282501171195e+01
1.208024620300492558e+01
1.209665958099813565e+01
1.211307295899134928e+01
1.212948633698456113e+01
1.214589971497777476e+01
1.216231309297098839e+01
1.217872647096420202e+01
1.219513984895741565e+01
1.221155322695062928e+01
1.222796660494384291e+01
1.224437998293705654e+01
1.226079336093027017e+01
1.227720673892348380e+01
1.229362011691669743e+01
1.231003349490991106e+01
1.232644687290312469e+01
1.234286025089633654e+01
1.235927362888955017e+01
1.237568700688276202e+01
1.239210038487597387e+01
1.240851376286918750e+01
1.242492714086240113e+01
1.244134051885561476e+01
1.245775389684882839e+01
1.247416727484203847e+01
1.249058065283525210e+01
1.250699403082846572e+01
1.252340740882167935e+01
1.253982078681489298e+01
1.255623416480810661e+01
1.257264754280132024e+01
1.258906092079453387e+01
1.260547429878774750e+01
1.262188767678096113e+01
1.263830105477417298e+01
1.265471443276738661e+01
1.267112781076060024e+01
1.268754118875381387e+01
1.270395456674702750e+01
1.272036794474024113e+01
1.273678132273345476e+01
1.275319470072666483e+01
1.276960807871987846e+01
1.278602145671309209e+01
1.280243483470630572e+01
1.281884821269951935e+01
1.283526159069273298e+01
1.285167496868594306e+01
1.286808834667915669e+01
1.288450172467237032e+01
1.290091510266558394e+01
1.291732848065879757e+01
1.293374185865201120e+01
1.295015523664522306e+01
1.296656861463843669e+01
1.298298199263165031e+01
1.299939537062486394e+01
1.301580874861807757e+01
1.303222212661129120e+01
1.304863550460450483e+01
1.306504888259771846e+01
1.308146226059093209e+01
1.309787563858414572e+01
1.311428901657735935e+01
1.313070239457056942e+01
1.314711577256378305e+01
1.316352915055699668e+01
1.317994252855021031e+01
1.319635590654342217e+01
1.321276928453663402e+01
1.322918266252984765e+01
1.324559604052305950e+01
1.326200941851627313e+01
1.327842279650948676e+01
1.329483617450270039e+01
1.331124955249591402e+01
1.332766293048912765e+01
1.334407630848234128e+01
1.336048968647555490e+01
1.337690306446876853e+01
1.339331644246198216e+01
1.340972982045519579e+01
1.342614319844840942e+01
1.344255657644162305e+01
1.345896995443483490e+01
1.347538333242804853e+01
1.349179671042126216e+01
1.350821008841447224e+01
1.352462346640768587e+01
1.354103684440089950e+01
1.355745022239411313e+01
1.357386360038732676e+01
1.359027697838053683e+01
1.360669035637375046e+01
1.362310373436696409e+01
1.363951711236017772e+01
1.365593049035339135e+01
1.367234386834660498e+01
1.368875724633981861e+01
1.370517062433303224e+01
1.372158400232624587e+01
1.373799738031945950e+01
1.375441075831267135e+01
1.377082413630588498e+01
1.378723751429909861e+01
1.380365089229231224e+01
1.382006427028552586e+01
1.383647764827873949e+01
1.385289102627195312e+01
1.386930440426516320e+01
1.388571778225837683e+01
1.390213116025159046e+01
1.391854453824480409e+01
1.393495791623801772e+01
1.395137129423123135e+01
1.396778467222444142e+01
1.398419805021765505e+01
1.400061142821086868e+01
1.401702480620408231e+01
1.403343818419729594e+01
1.404985156219050957e+01
1.406626494018372142e+01
1.408267831817693505e+01
1.409909169617014868e+01
1.411550507416336231e+01
1.413191845215657594e+01
1.414833183014978957e+01
1.416474520814300320e+01
1.418115858613621683e+01
1.419757196412943046e+01
1.421398534212264408e+01
1.423039872011585771e+01
1.424681209810906779e+01
1.426322547610228142e+01
1.427963885409549505e+01
1.429605223208870868e+01
1.431246561008191698e+01
1.432887898807513061e+01
1.434529236606834424e+01
1.436170574406155787e+01
1.437811912205476972e+01
1.439453250004798335e+01
1.441094587804119698e+01
1.442735925603441061e+01
1.444377263402762424e+01
1.446018601202083786e+01
1.447659939001405149e+01
1.449301276800726512e+01
1.450942614600047875e+01
1.452583952399369238e+01
1.454225290198690601e+01
1.455866627998011964e+01
1.457507965797333327e+01
1.459149303596654512e+01
1.460790641395975875e+01
1.462431979195297238e+01
1.464073316994618601e+01
1.465714654793939964e+01
1.467355992593260794e+01
1.468997330392581979e+01
1.470638668191903342e+01
1.472280005991224705e+01
1.473921343790546068e+01
1.475562681589867431e+01
1.477204019389188794e+01
1.478845357188510157e+01
1.480486694987831520e+01
1.482128032787152883e+01
1.483769370586474245e+01
1.485410708385795608e+01
1.487052046185116971e+01
1.488693383984438334e+01
1.490334721783759520e+01
1.491976059583080882e+01
1.493617397382402245e+01
1.495258735181723608e+01
1.496900072981044971e+01
1.498541410780366334e+01
1.500182748579687697e+01
1.501824086379009060e+01
1.503465424178329712e+01
1.505106761977651075e+01
1.506748099776972438e+01
1.508389437576293801e+01
1.510030775375615164e+01
1.511672113174936527e+01
1.513313450974257890e+01
1.514954788773579253e+01
1.516596126572900616e+01
1.518237464372221979e+01
1.519878802171543164e+01
1.521520139970864527e+01
1.523161477770185890e+01
1.524802815569507253e+01
1.526444153368828616e+01
1.528085491168149979e+01
1.529726828967471342e+01
1.531368166766792704e+01
1.533009504566114067e+01
1.534650842365435430e+01
1.536292180164756793e+01
1.537933517964078156e+01
1.539574855763399519e+01
1.541216193562720171e+01
1.542857531362041534e+01
1.544498869161362897e+01
1.546140206960684260e+01
1.547781544760005623e+01
1.549422882559326808e+01
1.551064220358648171e+01
1.552705558157969534e+01
1.554346895957290897e+01
1.555988233756612260e+01
1.557629571555933623e+01
1.559270909355254986e+01
1.560912247154576349e+01
1.562553584953897712e+01
1.564194922753219075e+01
1.565836260552540438e+01
1.567477598351861801e+01
1.569118936151183163e+01
1.570760273950504349e+01
1.572401611749825712e+01
1.574042949549147075e+01
1.575684287348468438e+01
1.577325625147789800e+01
1.578966962947110630e+01
1.580608300746431816e+01
1.582249638545753179e+01
1.583890976345074542e+01
1.585532314144395905e+01
1.587173651943717267e+01
1.588814989743038630e+01
1.590456327542359993e+01
1.592097665341681356e+01
1.593739003141002719e+01
1.595380340940324082e+01
1.597021678739645445e+01
1.598663016538966808e+01
1.600304354338287993e+01
1.601945692137609356e+01
1.603587029936930719e+01
1.605228367736252082e+01
1.606869705535573445e+01
1.608511043334894808e+01
1.610152381134216171e+01
1.611793718933537534e+01
1.613435056732858897e+01
1.615076394532180259e+01
1.616717732331500912e+01
1.618359070130822275e+01
1.620000407930143638e+01
1.621641745729465001e+01
1.623283083528786364e+01
1.624924421328107726e+01
1.626565759127429089e+01
1.628207096926750452e+01
1.629848434726071815e+01
1.631489772525393178e+01
1.633131110324714541e+01
1.634772448124035904e+01
1.636413785923357267e+01
1.638055123722678630e+01
1.639696461521999993e+01
