0.000000000000000000e+00
3.882013750602937708e-07
1.554016992178567974e-06
3.499309997159522404e-06
6.226004640109645955e-06
9.736086112817383687e-06
1.403160035020103506e-05
1.911465379574439069e-05
2.498741313076466812e-05
3.165210496732413374e-05
3.911101550475724653e-05
4.736649014950456836e-05
5.642093309815027219e-05
6.627680688363823350e-05
7.693663188401055281e-05
8.840298579420979689e-05
1.006785030599411843e-04
1.137658742740095443e-04
1.276678455345288496e-04
1.423872177650357983e-04
1.579268459959881805e-04
1.742896386077182449e-04
1.914785565342637949e-04
2.094966124281444266e-04
2.283468697855876688e-04
2.480324420321094016e-04
2.685564915676785249e-04
2.899222287721278895e-04
3.121329109695473135e-04
3.351918413519634505e-04
3.591023678618184586e-04
3.838678820326910015e-04
4.094918177885578463e-04
4.359776502006672771e-04
4.633288942020546801e-04
4.915491032593444134e-04
5.206418680011496531e-04
5.506108148034222043e-04
5.814596043308988991e-04
6.131919300342012543e-04
6.458115166028448534e-04
6.793221183735207282e-04
7.137275176927016873e-04
7.490315232345653128e-04
7.852379682725198250e-04
8.223507089051042274e-04
8.603736222349777328e-04
8.993106045016054095e-04
9.391655691663234988e-04
9.799424449502694770e-04
1.021645173824763239e-03
1.064277708952994809e-03
1.107844012583804848e-03
1.152348053896877934e-03
1.197793806797912931e-03
1.244185247665996301e-03
1.291526353050223477e-03
1.339821097316767429e-03
1.389073450245916289e-03
1.439287374578428202e-03
1.490466823511429808e-03
1.542615738143123232e-03
1.595738044866627098e-03
1.649837652712072460e-03
1.704918450637414465e-03
1.760984304767052684e-03
1.818039055578498427e-03
1.876086515037580409e-03
1.935130463680061327e-03
1.995174647642004861e-03
2.056222775636306829e-03
2.118278515878034649e-03
2.181345492955215608e-03
2.245427284648388987e-03
2.310527418696116993e-03
2.376649369507712831e-03
2.443796554823853776e-03
2.511972332323177560e-03
2.581179996176201277e-03
2.651422773547318715e-03
2.722703821042403698e-03
2.795026221105492790e-03
2.868392978361502046e-03
2.942807015907890865e-03
3.018271171552979176e-03
3.094788194003278946e-03
3.172360738998486040e-03
3.250991365395439116e-03
3.330682531201501796e-03
3.411436589555854118e-03
3.493255784661815789e-03
3.576142247668863319e-03
3.660097992504615129e-03
3.745124911658775230e-03
3.831224771917967307e-03
3.918399210053029151e-03
4.006649728458999866e-03
4.095977690748485965e-03
4.186384317298831766e-03
4.277870680754834037e-03
4.370437701486419753e-03
4.464086143002663452e-03
4.558816607323721952e-03
4.654629530310288275e-03
4.751525176952752297e-03
4.849503636619676913e-03
4.948564818268754752e-03
5.048708445618786504e-03
5.149934052285678500e-03
5.252240976883375441e-03
5.355628358090184539e-03
5.460095129682184141e-03
5.565640015536370104e-03
5.672261524602657812e-03
5.779957945846818032e-03
5.888727343168743272e-03
5.998567550292608144e-03
6.109476165634977057e-03
6.221450547150406477e-03
6.334487807156057894e-03
6.448584807138886370e-03
6.563738152545462758e-03
6.679944187557260681e-03
6.797198989853309517e-03
6.915498365362138938e-03
7.034837843005175596e-03
7.155212669434427367e-03
7.276617803764200143e-03
7.399047912304355934e-03
7.522497363290469273e-03
7.646960221619521735e-03
7.772430243590545615e-03
7.898900871652909939e-03
8.026365229165662724e-03
8.154816115171260177e-03
8.284245999183134646e-03
8.414647015995596266e-03
8.546010960512677793e-03
8.678329282603810396e-03
8.811593081986921969e-03
8.945793103142033603e-03
9.080919730260678113e-03
9.216962982230611501e-03
9.353912507663186479e-03
9.491757579963382846e-03
9.630487092448831651e-03
9.770089553519064815e-03
9.910553081878763215e-03
1.005186540182059947e-02
1.019401383856920890e-02
1.033698531368981537e-02
1.048076634056973981e-02
1.062534301996849104e-02
1.077070103564856628e-02
1.091682565008693546e-02
1.106370170027053471e-02
1.121131359358220302e-02
1.135964530378011893e-02
1.150868036707440763e-02
1.165840187830769446e-02
1.180879248723877215e-02
1.195983439493986805e-02
1.211150935030851777e-02
1.226379864669762884e-02
1.241668311867227641e-02
1.257014313889243118e-02
1.272415861513172611e-02
1.287870898743284122e-02
1.303377322540498658e-02
1.318932982567067036e-02
1.334535680946405574e-02
1.350183172038543940e-02
1.365873162231837253e-02
1.381603309751433181e-02
1.397371224484753038e-02
1.413174467824779290e-02
1.429010552531347761e-02
1.444876942611325425e-02
1.460771053217553052e-02
1.476690250567863627e-02
1.492631851884028242e-02
1.508593125351334607e-02
1.524571290099379847e-02
1.540563516204501715e-02
1.556566924714497709e-02
1.572578587695726976e-02
1.588595528303567844e-02
1.604614720876590753e-02
1.620633091054716340e-02
1.636647515922275836e-02
1.652654824175802187e-02
1.668651796317956182e-02
1.684635164877359287e-02
1.700601614654991683e-02
1.716547782997780019e-02
1.732470260099727016e-02
1.748365589331113412e-02
1.764230267596370375e-02
1.780060745720546747e-02
1.795853428865714849e-02
1.811604676976856509e-02
1.827310805258380508e-02
1.842968084681196467e-02
1.858572742521157409e-02
1.874120962929105502e-02
1.889608887532793005e-02
1.905032616071635279e-02
1.920388207063721334e-02
1.935671678506638987e-02
1.950879008611550169e-02
1.966006136571204696e-02
1.981048963362599252e-02
1.996003352583826732e-02
2.010865131326337873e-02
2.025630091082113518e-02
2.040293988686726206e-02
2.054852547298129106e-02
2.069301457411540715e-02
2.083636377910944026e-02
2.097852937157054440e-02
2.111946734111988522e-02
2.125913339501687635e-02
2.139748297014489042e-02
2.153447124538421936e-02
2.167005315434998927e-02
2.180418339851410495e-02
2.193681646070121810e-02
2.206790661896899236e-02
2.219740796086381446e-02
2.232527439805854358e-02
2.245145968137409256e-02
2.257591741617724634e-02
2.269860107816307204e-02
2.281946402951754577e-02
2.293845953545868219e-02
2.305554078115742284e-02
2.317066088903893886e-02
2.328377293645730178e-02
2.339482997374717904e-02
2.350378504265081964e-02
2.361059119511272480e-02
2.371520151244567789e-02
2.381756912486349478e-02
2.391764723137567925e-02
2.401538912004420531e-02
2.411074818859556754e-02
2.420367796538696464e-02
2.429413213072029870e-02
2.438206453850391697e-02
2.446742923824914151e-02
2.455018049740933725e-02
2.463027282404018498e-02
2.470766098979126912e-02
2.478230005321280238e-02
2.485414538337592238e-02
2.492315268379745319e-02
2.498927801666421880e-02
2.505247782734974782e-02
2.511270896921479964e-02
2.516992872868324682e-02
2.522409485058888304e-02
2.527516556378011509e-02
2.532309960697612730e-02
2.536785625486627505e-02
2.540939534444041845e-02
2.544767730154277874e-02
2.548266316763960967e-02
2.551431462678755910e-02
2.554259403279410950e-02
2.556746443655836393e-02
2.558888961358105410e-02
2.560683409163206498e-02
2.562126317856159088e-02
2.563214299024516377e-02
2.563944047864934184e-02
2.564312346000174533e-02
2.564316064305752207e-02
2.563952165744238371e-02
2.563217708206525294e-02
2.562109847357798426e-02
2.560625839487404645e-02
2.558763044361091199e-02
2.556518928073333793e-02
2.553891065899366319e-02
2.550877145144281322e-02
2.547474967988248157e-02
2.543682454325938910e-02
2.539497644598415552e-02
2.534918702616006936e-02
2.529943918370373274e-02
2.524571710833954999e-02
2.518800630744762528e-02
2.512629363375767227e-02
2.506056731285196543e-02
2.499081697048026116e-02
2.491703365965167866e-02
2.483920988749220224e-02
2.475733964184758523e-02
2.467141841761115104e-02
2.458144324275866530e-02
2.448741270406982681e-02
2.438932697251487355e-02
2.428718782828875530e-02
2.418099868547487694e-02
2.407076461631016753e-02
2.395649237503890902e-02
2.383819042133357782e-02
2.371586894325724421e-02
2.358953987975332539e-02
2.345921694263795876e-02
2.332491563807313414e-02
2.318665328750475763e-02
2.304444904804165556e-02
2.289832393225164214e-02
2.274830082736106762e-02
2.259440451382868989e-02
2.243666168328012703e-02
2.227510095577783442e-02
2.210975289640634833e-02
2.194065003115433510e-02
2.176782686206883699e-02
2.159131988166586649e-02
2.141116758657293437e-02
2.122741049038507147e-02
2.104009113571529005e-02
2.084925410541584034e-02
2.065494603295429943e-02
2.045721561192330798e-02
2.025611360466326311e-02
2.005169284998235130e-02
1.984400826995016617e-02
1.963311687574972181e-02
1.941907777256919251e-02
1.920195216351395368e-02
1.898180335252148271e-02
1.875869674626222047e-02
1.853269985500879263e-02
1.830388229245777376e-02
1.807231577448531121e-02
1.783807411682363647e-02
1.760123323164190443e-02
1.736187112301320473e-02
1.712006788125849596e-02
1.687590567614939349e-02
1.662946874895718241e-02
1.638084340333415337e-02
1.613011799501847324e-02
1.587738292034162127e-02
1.562273060353899616e-02
1.536625548284038974e-02
1.510805399534037932e-02
1.484822456063024897e-02
1.458686756318979157e-02
1.432408533352341751e-02
1.405998212803843614e-02
1.379466410765474611e-02
1.352823931514072001e-02
1.326081765116902955e-02
1.299251084908831927e-02
1.272343244840447134e-02
1.245369776696881627e-02
1.218342387187175760e-02
1.191272954903584147e-02
1.164173527151204576e-02
1.137056316647351399e-02
1.109933698091149050e-02
1.082818204603055133e-02
1.055722524034965679e-02
1.028659495150533593e-02
1.001642103676820932e-02
9.746834782270270489e-03
9.477968860953159269e-03
9.209957289241628431e-03
8.942935382447675038e-03
8.677039708918419733e-03
8.412408042929612681e-03
8.149179316341393503e-03
7.887493569021295989e-03
7.627491898050032908e-03
7.369316405721360909e-03
7.113110146348915371e-03
6.859017071894442028e-03
6.607181976433752595e-03
6.357750439476475730e-03
6.110868768156121379e-03
5.866683938308275836e-03
5.625343534458543925e-03
5.386995688736550755e-03
5.151789018740329101e-03
4.919872564371574261e-03
4.691395723662842437e-03
4.466508187625907109e-03
4.245359874138941551e-03
4.028100860903811517e-03
3.814881317496861268e-03
3.605851436542570083e-03
3.401161364037008205e-03
3.200961128851188831e-03
3.005400571444427453e-03
2.814629271818345092e-03
2.628796476744132971e-03
2.448051026295014476e-03
2.272541279718066735e-03
2.102415040680017787e-03
1.937819481921352564e-03
1.778901069356213531e-03
1.625805485653732205e-03
1.478677553338921197e-03
1.337661157451592100e-03
1.202899167802519171e-03
1.074533360866201199e-03
9.527043413514432778e-04
8.375514634905451700e-04
7.292127520891732986e-04
6.278248233795339587e-04
5.335228057199657139e-04
4.464402601847171836e-04
3.667091010882777245e-04
2.944595164891404180e-04
2.298198887185400605e-04
1.729167149799995312e-04
1.238745280660538022e-04
8.281581723923070080e-05
4.986094932426497772e-05
2.512809005951755964e-05
8.733125755353437854e-06
7.895853081712264313e-07
1.408562618477477636e-06
1.069863946216274102e-05
2.876580886408472692e-05
5.571339902343116563e-05
9.164199784041303874e-05
1.366493780940756055e-04
1.908304233211516657e-04
2.542770544457366205e-04
3.270781572100053369e-04
4.093195104557821378e-04
5.010837153071734515e-04
6.024501253039589747e-04
7.134947775358388379e-04
8.342903248272575496e-04
9.649059690220193695e-04
1.105407395417575076e-03
1.255856708397916138e-03
1.416312368313671095e-03
1.586829129658521437e-03
1.767457980589730131e-03
1.958246083841047678e-03
2.159236719074602955e-03
2.370469226720066814e-03
2.591978953346479007e-03
2.823797198612797502e-03
3.065951163843640397e-03
3.318463902273611089e-03
3.581354271005259167e-03
3.854636884723938034e-03
4.138322071212559988e-03
4.432415828707324430e-03
4.736919785137579976e-03
5.051831159288291441e-03
5.377142723925864252e-03
5.712842770925300254e-03
6.058915078437443827e-03
6.415338880132293899e-03
6.782088836554078966e-03
7.159135008624295353e-03
7.546442833323730760e-03
7.943973101589734895e-03
8.351681938456772050e-03
8.769520785473543245e-03
9.197436385423208779e-03
9.635370769376873715e-03
1.008326124610589569e-02
1.054104039387853374e-02
1.100863605466572553e-02
1.148597133077763031e-02
1.197296458395419143e-02
1.246952943692665114e-02
1.297557477747370014e-02
1.349100476498397462e-02
1.401571883954376950e-02
1.454961173356425670e-02
1.509257348596040015e-02
1.564448945889154730e-02
1.620524035707646138e-02
1.677470224968741902e-02
1.735274659483345902e-02
1.793924026663440766e-02
1.853404558489206086e-02
1.913702034735700885e-02
1.974801786459546085e-02
2.036688699745031750e-02
2.099347219709559592e-02
2.162761354767915936e-02
2.226914681154701717e-02
2.291790347703972705e-02
2.357371080885382539e-02
2.423639190095325940e-02
2.490576573202072513e-02
2.558164722343047107e-02
2.626384729972927254e-02
2.695217295160520776e-02
2.764642730132351942e-02
2.834640967060970962e-02
2.905191565095401746e-02
2.976273717631543192e-02
3.047866259819292239e-02
3.119947676304129364e-02
3.192496109199755017e-02
3.265489366288613915e-02
3.338904929447190223e-02
3.412719963292206588e-02
3.486911324044377619e-02
3.561455568605609301e-02
3.636328963845834872e-02
3.711507496095218378e-02
3.786966880837411981e-02
3.862682572599505232e-02
3.938629775033889585e-02
4.014783451187470958e-02
4.091118333953105979e-02
4.167608936698345701e-02
4.244229564066351323e-02
4.320954322943349607e-02
4.397757133587672923e-02
4.474611740914209018e-02
4.551491725928893950e-02
4.628370517307476423e-02
4.705221403112208600e-02
4.782017542640674967e-02
4.858731978400463586e-02
4.935337648203287630e-02
5.011807397372423922e-02
5.088113991056510826e-02
5.164230126643342550e-02
5.240128446267013768e-02
5.315781549401313311e-02
5.391162005532808971e-02
5.466242366906380601e-02
5.540995181336279968e-02
5.615393005075634825e-02
5.689408415736875446e-02
5.763014025256271711e-02
5.836182492895233137e-02
5.908886538270273492e-02
5.981098954405300594e-02
6.052792620797942114e-02
6.123940516492858144e-02
6.194515733154120490e-02
6.264491488129450558e-02
6.333841137498640028e-02
6.402538189098194721e-02
6.470556315515157975e-02
6.537869367042035973e-02
6.604451384585191542e-02
6.670276612519558668e-02
6.735319511481360766e-02
6.799554771091655125e-02
6.862957322603119303e-02
6.925502351462281547e-02
6.987165309779734546e-02
7.047921928701039729e-02
7.107748230670385414e-02
7.166620541580082104e-02
7.224515502798199706e-02
7.281410083067096917e-02
7.337281590265667952e-02
7.392107683028026344e-02
7.445866382211333012e-02
7.498536082206339048e-02
7.550095562082768941e-02
7.600523996563433859e-02
7.649800966819995940e-02
7.697906471083527935e-02
7.744820935063576051e-02
7.790525222169007724e-02
7.835000643524553388e-02
7.878228967776222669e-02
7.920192430680320084e-02
7.960873744469122715e-02
8.000256106987999050e-02
8.038323210597853041e-02
8.075059250837537950e-02
8.110448934840414070e-02
8.144477489500177858e-02
8.177130669380311412e-02
8.208394764362550444e-02
8.238256607029104117e-02
8.266703579774312138e-02
8.293723621640765320e-02
8.319305234876003818e-02
8.343437491205089873e-02
8.366110037815470413e-02
8.387313103049827412e-02
8.407037501803636681e-02
8.425274640623853228e-02
8.442016522505099707e-02
8.457255751380654551e-02
8.470985536305156161e-02
8.483199695326182344e-02
8.493892659042245885e-02
8.503059473844994109e-02
8.510695804843183832e-02
8.516797938466746931e-02
8.521362784748981456e-02
8.524387879285601211e-02
8.525871384868990988e-02
8.525812092796705710e-02
8.524209423853318368e-02
8.521063428964831266e-02
8.516374789525074651e-02
8.510144817393855421e-02
8.502375454566972468e-02
8.493069272517562995e-02
8.482229471210039895e-02
8.469859877786106717e-02
8.455964944924532212e-02
8.440549748874980052e-02
8.423619987167267620e-02
8.405181975997448596e-02
8.385242647292123763e-02
8.363809545452920158e-02
8.340890823783082830e-02
8.316495240597915339e-02
8.290632155022188698e-02
8.263311522476413096e-02
8.234543889855096277e-02
8.204340390399675331e-02
8.172712738269535815e-02
8.139673222814189368e-02
8.105234702550329073e-02
8.069410598847175098e-02
8.032214889324416907e-02
7.993662100966501816e-02
7.953767302957219509e-02
7.912546099239864406e-02
7.870014620806620176e-02
7.826189517722356714e-02
7.781087950887718985e-02
7.734727583546517626e-02
7.687126572542597736e-02
7.638303559331530157e-02
7.588277660752708320e-02
7.537068459567485001e-02
7.484695994769209604e-02
7.431180751670714291e-02
7.376543651775947785e-02
7.320806042441437012e-02
7.263989686333932605e-02
7.206116750690880202e-02
7.147209796390134595e-02
7.087291766835381035e-02
7.026385976664421829e-02
6.964516100286639866e-02
6.901706160257034539e-02
6.837980515493580214e-02
6.773363849345112597e-02
6.707881157516820680e-02
6.641557735860816047e-02
6.574419168038869721e-02
6.506491313064678705e-02
6.437800292733433793e-02
6.368372478945895365e-02
6.298234480934293555e-02
6.227413132398351009e-02
6.155935478558232504e-02
6.083828763132690526e-02
6.011120415249587151e-02
5.937838036296850391e-02
5.864009386721564382e-02
5.789662372784253053e-02
5.714825033277306371e-02
5.639525526213944734e-02
5.563792115496324353e-02
5.487653157570081958e-02
5.411137088073140339e-02
5.334272408486309680e-02
5.257087672793491623e-02
5.179611474158812151e-02
5.101872431628552002e-02
5.023899176865122274e-02
4.945720340920632674e-02
4.867364541057628974e-02
4.788860367624023229e-02
4.710236370989738519e-02
4.631521048552340869e-02
4.552742831818524377e-02
4.473930073568870708e-02
4.395111035112623382e-02
4.316313873639294335e-02
4.237566629674447555e-02
4.158897214645673746e-02
4.080333398565894748e-02
4.001902797840169862e-02
3.923632863202861087e-02
3.845550867790866606e-02
3.767683895359586616e-02
3.690058828647473782e-02
3.612702337895221105e-02
3.535640869525213947e-02
3.458900634987124162e-02
3.382507599775248092e-02
3.306487472622746809e-02
3.230865694878403555e-02
3.155667430070663998e-02
3.080917553664443836e-02
3.006640643015037750e-02
2.932860967524233975e-02
2.859602479003023334e-02
2.786888802245260713e-02
2.714743225816624791e-02
2.643188693062893321e-02
2.572247793341557801e-02
2.501942753480305981e-02
2.432295429466351661e-02
2.363327298369554894e-02
2.295059450503205908e-02
2.227512581824954083e-02
2.160706986581292441e-02
2.094662550198055084e-02
2.029398742419768337e-02
1.964934610700005968e-02
1.901288773845251009e-02
1.838479415914232376e-02
1.776524280374619860e-02
1.715440664518715422e-02
1.655245414140078461e-02
1.595954918472023559e-02
1.537585105389386100e-02
1.480151436874742668e-02
1.423668904749703264e-02
1.368152026672130386e-02
1.313614842399778680e-02
1.260070910320700704e-02
1.207533304250656657e-02
1.156014610497423274e-02
1.105526925192039031e-02
1.056081851886545367e-02
1.007690499417753655e-02
9.603634800364850566e-03
9.141109078014207634e-03
8.689423972365956789e-03
8.248670622514806677e-03
7.818935153223318529e-03
7.400298669334070406e-03
6.992837252764588785e-03
6.596621962068290046e-03
6.211718834542155621e-03
5.838188890861255656e-03
5.476088142218449306e-03
5.125467599947001671e-03
4.786373287600563173e-03
4.458846255466086470e-03
4.142922597481805622e-03
3.838633470532665064e-03
3.546005116093310389e-03
3.265058884188762073e-03
2.995811259638984925e-03
2.738273890556944864e-03
2.492453619063528681e-03
2.258352514185919032e-03
2.035967906901311499e-03
1.825292427290963306e-03
1.626314043763599530e-03
1.439016104311148254e-03
1.263377379754681467e-03
1.099372108941430682e-03
9.469700458486439952e-04
8.061365085540299910e-04
6.768324300270657555e-04
5.590144106978704990e-04
4.526347727590149706e-04
3.576416161537245182e-04
2.739788762047543937e-04
2.015863828370310831e-04
1.403999213461975322e-04
9.035129466589173310e-05
5.136838708446110982e-05
2.337522936285156948e-05
6.292065204148889606e-06
3.541902513798818438e-08
4.518164979924469032e-06
1.964959718537435737e-05
4.533550109778064583e-05
8.147822599010960936e-05
1.279767584787331583e-04
1.847267970487698598e-04
2.516208275266368214e-04
3.285481994488303483e-04
4.153952032751788512e-04
5.120451483958997699e-04
6.183784418804449349e-04
7.342726679176564105e-04
8.596026678955236101e-04
9.942406210698012409e-04
1.138056125770935687e-03
1.290916281098144353e-03
1.452685769050609654e-03
1.623226937045708354e-03
1.802399880774161823e-03
1.990062527343027660e-03
2.186070718656744818e-03
2.390278294988194049e-03
2.602537178690911713e-03
2.822697458004619353e-03
3.050607470906655568e-03
3.286113888962851476e-03
3.529061801130112339e-03
3.779294797466317257e-03
4.036655052701133492e-03
4.300983409623953223e-03
4.572119462243354193e-03
4.849901638676791353e-03
5.134167283725292637e-03
5.424752741093235089e-03
5.721493435210099968e-03
6.024223952614496391e-03
6.332778122860246127e-03
6.646989098904926632e-03
6.966689436943188096e-03
7.291711175647070005e-03
7.621885914775394441e-03
7.957044893117836554e-03
8.297019065738309856e-03
8.641639180481384616e-03
8.990735853711446721e-03
9.344139645249459336e-03
9.701681132476529940e-03
1.006319098357470396e-02
1.042850002987277640e-02
1.079743933727014826e-02
1.116984027670982552e-02
1.154553459367340003e-02
1.192435447667300995e-02
1.230613262471251697e-02
1.269070231369749321e-02
1.307789746176671493e-02
1.346755269352478517e-02
1.385950340315634903e-02
1.425358581639601073e-02
1.464963705134090556e-02
1.504749517808322279e-02
1.544699927714606250e-02
1.584798949670671378e-02
1.625030710859092994e-02
1.665379456302472014e-02
1.705829554212847862e-02
1.746365501213969704e-02
1.786971927435757751e-02
1.827633601479180039e-02
1.868335435251052348e-02
1.909062488667551127e-02
1.949799974225922480e-02
1.990533261443253737e-02
2.031247881162214983e-02
2.071929529722679394e-02
2.112564072999113807e-02
2.153137550303420300e-02
2.193636178152573446e-02
2.234046353901228757e-02
2.274354659239217688e-02
2.314547863553375120e-02
2.354612927154548993e-02
2.394537004369218236e-02
2.434307446496497204e-02
2.473911804630225461e-02
2.513337832347277076e-02
2.552573488261730694e-02
2.591606938446036276e-02
2.630426558719517471e-02
2.669020936804838637e-02
2.707378874353255985e-02
2.745489388839549016e-02
2.783341715327255009e-02
2.820925308105365695e-02
2.858229842197467646e-02
2.895245214744174289e-02
2.931961546260198129e-02
2.968369181767305243e-02
3.004458691804002754e-02
3.040220873313723149e-02
3.075646750412501865e-02
3.110727575037830483e-02
3.145454827479656629e-02
3.179820216795706256e-02
3.213815681112169864e-02
3.247433387811402700e-02
3.280665733608440632e-02
3.313505344517778811e-02
3.345945075712558614e-02
3.377978011277079501e-02
3.409597463855381511e-02
3.440796974197168900e-02
3.471570310602820064e-02
3.501911468269790217e-02
3.531814668541943120e-02
3.561274358063987178e-02
3.590285207842838777e-02
3.618842112217835610e-02
3.646940187742065548e-02
3.674574771976617943e-02
3.701741422199800874e-02
3.728435914033467052e-02
3.754654239988386433e-02
3.780392607931244708e-02
3.805647439474408450e-02
3.830415368291629347e-02
3.854693238360960839e-02
3.878478102137825761e-02
3.901767218659282777e-02
3.924558051582827112e-02
3.946848267161016943e-02
3.968635732154379009e-02
3.989918511684658470e-02
4.010694867030864530e-02
4.030963253369437144e-02
4.050722317461728783e-02
4.069970895290191126e-02
4.088708009645439928e-02
4.106932867666728687e-02
4.124644858337409015e-02
4.141843549938075547e-02
4.158528687458638851e-02
4.174700189972159470e-02
4.190358147972263192e-02
4.205502820675929149e-02
4.220134633293960019e-02
4.234254174270914162e-02
4.247862192496768691e-02
4.260959594491948305e-02
4.273547441567941002e-02
4.285626946965130635e-02
4.297199472970163886e-02
4.308266528014259578e-02
4.318829763754624546e-02
4.328890972140774646e-02
4.338452082467397081e-02
4.347515158415744124e-02
4.356082395085150022e-02
4.364156116016507103e-02
4.371738770209225577e-02
4.378832929133777419e-02
4.385441283740675739e-02
4.391566641468468840e-02
4.397211923251586468e-02
4.402380160529754949e-02
4.407074492260875526e-02
4.411298161938431023e-02
4.415054514614950160e-02
4.418346993933029015e-02
4.421179139165513916e-02
4.423554582265655510e-02
4.425477044929362891e-02
4.426950335669823516e-02
4.427978346906652485e-02
4.428565052070643909e-02
4.428714502724696161e-02
4.428430825702793505e-02
4.427718220268005850e-02
4.426580955290172759e-02
4.425023366444996026e-02
4.423049853435050138e-02
4.420664877233768802e-02
4.417872957353983360e-02
4.414678669140931905e-02
4.411086641091309379e-02
4.407101552199216288e-02
4.402728129329501472e-02
4.397971144619811090e-02
4.392835412911117593e-02
4.387325789208812443e-02
4.381447166174078089e-02
4.375204471646412796e-02
4.368602666198132672e-02
4.361646740721372012e-02
4.354341714048141909e-02
4.346692630603796181e-02
4.338704558094832325e-02
4.330382585231049020e-02
4.321731819483012882e-02
4.312757384874710970e-02
4.303464419812078057e-02
4.293858074948002368e-02
4.283943511083286582e-02
4.273725897105203064e-02
4.263210407962575443e-02
4.252402222678437760e-02
4.241306522400286466e-02
4.229928488488195887e-02
4.218273300640700690e-02
4.206346135059062935e-02
4.194152162649379678e-02
4.181696547263529656e-02
4.168984443978059062e-02
4.156020997411710716e-02
4.142811340081518218e-02
4.129360590797156311e-02
4.115673853093953366e-02
4.101756213704246118e-02
4.087612741067085664e-02
