0.000000000000000000e+00
1.848183425107866444e-05
7.395582785406128255e-05
1.664576703621713813e-04
2.960136444873197673e-04
4.626406137984839383e-04
6.663460124807420865e-04
9.071278371590371647e-04
1.184974640790346879e-03
1.499865528627874079e-03
1.851770156260281819e-03
2.240648729729162111e-03
2.666452007727228724e-03
3.129121305879645730e-03
3.628588503111193197e-03
4.164776050100074505e-03
4.737596979821503615e-03
5.346954920180683503e-03
5.992744108737909671e-03
6.674849409525501244e-03
7.393146331957337232e-03
8.147501051831970709e-03
8.937770434427434393e-03
9.763802059690386559e-03
1.062543424951532464e-02
1.152249609711635502e-02
1.245480749848762100e-02
1.342217918595321920e-02
1.442441276380253962e-02
1.546130074601060819e-02
1.653262659604073231e-02
1.763816476872526878e-02
1.877768075422373353e-02
1.995093112405279048e-02
2.115766357918642121e-02
2.239761700021998883e-02
2.367052149959652380e-02
2.497609847588734555e-02
2.631406067012534780e-02
2.768411222418340825e-02
2.908594874119237519e-02
3.051925734799408943e-02
3.198371675962138200e-02
3.347899734579888598e-02
3.500476119945804959e-02
3.656066220725809335e-02
3.814634612210639208e-02
3.976145063766747118e-02
4.140560546485624188e-02
4.307843241030131359e-02
4.477954545677442777e-02
4.650855084557171254e-02
4.826504716084074886e-02
5.004862541583796759e-02
5.185886914111291490e-02
5.369535447459823641e-02
5.555765025360481085e-02
5.744531810869952376e-02
5.935791255946179512e-02
6.129498111209869676e-02
6.325606435891316381e-02
6.524069607960285289e-02
6.724840334438304812e-02
6.927870661891503967e-02
7.133111987102509766e-02
7.340515067920150294e-02
7.550030034284894997e-02
7.761606399428884473e-02
7.975193071248753984e-02
8.190738363849023318e-02
8.408190009255298025e-02
8.627495169294446820e-02
8.848600447640551925e-02
9.071451902024535441e-02
9.295995056605431406e-02
9.522174914501502219e-02
9.749935970478938729e-02
9.979222223796373192e-02
1.020997719120274594e-01
1.044214392008646214e-01
1.067566500177385413e-01
1.091048258497423207e-01
1.114653838936975755e-01
1.138377371934709004e-01
1.162212947786908229e-01
1.186154618048369941e-01
1.210196396946769531e-01
1.234332262810248215e-01
1.258556159507963346e-01
1.282861997903358697e-01
1.307243657319825114e-01
1.331694987018542109e-01
1.356209807688203151e-01
1.380781912946291157e-01
1.405405070851709071e-01
1.430073025428378053e-01
1.454779498199556542e-01
1.479518189732596800e-01
1.504282781193743423e-01
1.529066935912780922e-01
1.553864300957101263e-01
1.578668508714963781e-01
1.603473178487534179e-01
1.628271918089449211e-01
1.653058325457521238e-01
1.677825990267253209e-01
1.702568495556831540e-01
1.727279419358243584e-01
1.751952336335151350e-01
1.776580819427172053e-01
1.801158441500229634e-01
1.825678777002530950e-01
1.850135403625917940e-01
1.874521903972085624e-01
1.898831867223403080e-01
1.923058890817865296e-01
1.947196582127837805e-01
1.971238560142193341e-01
1.995178457151419449e-01
2.019009920435335115e-01
2.042726613952977888e-01
2.066322220034279011e-01
2.089790441073081928e-01
2.113125001221146104e-01
2.136319648082642686e-01
2.159368154408783658e-01
2.182264319792109331e-01
2.205001972360059181e-01
2.227574970467325888e-01
2.249977204386616192e-01
2.272202597997333429e-01
2.294245110471796467e-01
2.316098737958470488e-01
2.337757515261830177e-01
2.359215517518384875e-01
2.380466861868390793e-01
2.401505709122818688e-01
2.422326265425109870e-01
2.442922783907264805e-01
2.463289566339788572e-01
2.483420964775039652e-01
2.503311383183526306e-01
2.522955279082645941e-01
2.542347165157429201e-01
2.561481610872822223e-01
2.580353244076977748e-01
2.598956752595166786e-01
2.617286885813763786e-01
2.635338456253840667e-01
2.653106341133948387e-01
2.670585483921497638e-01
2.687770895872397814e-01
2.704657657558326433e-01
2.721240920381287065e-01
2.737515908074865112e-01
2.753477918191783447e-01
2.769122323577185019e-01
2.784444573827303260e-01
2.799440196732871367e-01
2.814104799706902971e-01
2.828434071196374022e-01
2.842423782077231342e-01
2.856069787032347596e-01
2.869368025911914200e-01
2.882314525075757028e-01
2.894905398717200207e-01
2.907136850167872932e-01
2.919005173183139012e-01
2.930506753207567927e-01
2.941638068619999991e-01
2.952395691957824808e-01
2.962776291119914585e-01
2.972776630547808718e-01
2.982393572384681724e-01
2.991624077611635402e-01
3.000465207160911696e-01
3.008914123005486108e-01
3.016968089224753014e-01
3.024624473045687822e-01
3.031880745859211745e-01
3.038734484211222941e-01
3.045183370767945430e-01
3.051225195255099498e-01
3.056857855370567201e-01
3.062079357670096647e-01
3.066887818425596546e-01
3.071281464455751231e-01
3.075258633928385499e-01
3.078817777134406630e-01
3.081957457232736841e-01
3.084676350965970260e-01
3.086973249346403603e-01
3.088847058311995353e-01
3.090296799351999746e-01
3.091321610101793183e-01
3.091920744906734297e-01
3.092093575354519785e-01
3.091839590775897206e-01
3.091158398713259037e-01
3.090049725356930344e-01
3.088513415948766494e-01
3.086549435152797782e-01
3.084157867392659513e-01
3.081338917155450607e-01
3.078092909261838650e-01
3.074420289102107740e-01
3.070321622837917097e-01
3.065797597569484556e-01
3.060849021468033393e-01
3.055476823873203296e-01
3.049682055355282251e-01
3.043465887742020648e-01
3.036829614109818332e-01
3.029774648739126386e-01
3.022302527033906561e-01
3.014414905404948497e-01
3.006113561116913191e-01
2.997400392098965582e-01
2.988277416718859714e-01
2.978746773520353774e-01
2.968810720923847901e-01
2.958471636890189216e-01
2.947732018547501442e-01
2.936594481780970267e-01
2.925061760785577225e-01
2.913136707581702733e-01
2.900822291493528327e-01
2.888121598590277506e-01
2.875037831090225260e-01
2.861574306727511230e-01
2.847734458081762621e-01
2.833521831870532415e-01
2.818940088204620054e-01
2.803992999806314557e-01
2.788684451190578950e-01
2.773018437809346981e-01
2.756999065158923790e-01
2.740630547850674836e-01
2.723917208645003085e-01
2.706863477448907540e-01
2.689473890277120360e-01
2.671753088177021840e-01
2.653705816117570837e-01
2.635336921842266200e-01
2.616651354686573838e-01
2.597654164359751161e-01
2.578350499691552389e-01
2.558745607343850814e-01
2.538844830487527182e-01
2.518653607444874543e-01
2.498177470297765213e-01
2.477422043461898205e-01
2.456393042227430767e-01
2.435096271266244672e-01
2.413537623106300489e-01
2.391723076573295803e-01
2.369658695200074772e-01
2.347350625604083529e-01
2.324805095833328561e-01
2.302028413681186103e-01
2.279026964970460589e-01
2.255807211807169255e-01
2.232375690804452584e-01
2.208739011277024156e-01
2.184903853406713337e-01
2.160876966379455255e-01
2.136665166494366719e-01
2.112275335245218100e-01
2.087714417375001741e-01
2.062989418903964922e-01
2.038107405131779626e-01
2.013075498614272929e-01
1.987900877115368059e-01
1.962590771534769019e-01
1.937152463811973591e-01
1.911593284807241722e-01
1.885920612160071619e-01
1.860141868125869402e-01
1.834264517391374638e-01
1.808296064869520103e-01
1.782244053474398016e-01
1.756116061876943912e-01
1.729919702242046498e-01
1.703662617947733215e-01
1.677352481287185115e-01
1.650996991154232985e-01
1.624603870713019482e-01
1.598180865052658828e-01
1.571735738827488849e-01
1.545276273883780527e-01
1.518810266873527881e-01
1.492345526856208027e-01
1.465889872889171719e-01
1.439451131607487055e-01
1.413037134793992955e-01
1.386655716940379257e-01
1.360314712800078929e-01
1.334021954933764242e-01
1.307785271248215753e-01
1.281612482529508046e-01
1.255511399971199760e-01
1.229489822698384971e-01
1.203555535288528267e-01
1.177716305289772808e-01
1.151979880737715178e-01
1.126353987671364215e-01
1.100846327649231959e-01
1.075464575266376205e-01
1.050216375673218711e-01
1.025109342097060006e-01
1.000151053367134557e-01
9.753490514440738002e-02
9.507108389546112259e-02
9.262438767324920885e-02
9.019555813663528154e-02
8.778533227555418428e-02
8.539444216746784611e-02
8.302361473479050180e-02
8.067357150336273985e-02
7.834502836207055121e-02
7.603869532368848216e-02
7.375527628704171834e-02
7.149546880057340570e-02
6.925996382739797730e-02
6.704944551193645075e-02
6.486459094821594995e-02
6.270606994992243555e-02
6.057454482228793319e-02
5.847067013590732942e-02
5.639509250256016099e-02
5.434845035313330686e-02
5.233137371771823254e-02
5.034448400797891104e-02
4.838839380186296668e-02
4.646370663074986945e-02
4.457101676911057186e-02
4.271090902676518558e-02
4.088395854382136096e-02
3.909073058836834424e-02
3.733178035701318481e-02
3.560765277833564946e-02
3.391888231934035713e-02
3.226599279498307271e-02
3.064949718085141148e-02
2.906989742907001989e-02
2.752768428751305174e-02
2.602333712238967187e-02
2.455732374428261020e-02
2.313010023770696935e-02
2.174211079426323703e-02
2.039378754945203945e-02
1.908555042322118353e-02
1.781780696431165337e-02
1.659095219846879951e-02
1.540536848058324075e-02
1.426142535082660506e-02
1.315947939484468990e-02
1.209987410806621227e-02
1.108293976419146704e-02
1.010899328791510683e-02
9.178338131944014169e-03
8.291264158360981892e-03
7.448047524393205249e-03
6.648950572635698233e-03
5.894221725779419038e-03
5.184095385896163657e-03
4.518791838326776354e-03
3.898517160219328037e-03
3.323463133761119393e-03
2.793807164148105846e-03
2.309712202333372068e-03
1.871326672593865781e-03
1.478784404952486605e-03
1.132204572492857960e-03
8.316916336004624233e-04
5.773352791630570382e-04
3.692103847600822176e-04
2.073769678713959592e-04
9.188015013138415275e-05
2.275012465380908889e-05
2.128450816809139164e-09
2.363641996758561876e-05
9.363826175179187244e-05
2.099779082756210815e-04
3.726105989260444459e-04
5.814765561768056069e-04
8.365009889537844282e-04
1.137594101203686725e-03
1.484651105673908018e-03
1.877552242908564137e-03
2.316162805465165134e-03
2.800333167353522869e-03
3.329898818696442209e-03
3.904680405609503233e-03
4.524483775296461729e-03
5.189100026353545524e-03
5.898305564273546679e-03
6.651862162139709350e-03
7.449517026497966266e-03
8.291002868391229158e-03
9.176037979540351344e-03
1.010432631365201263e-02
1.107555757283435437e-02
1.208940729909780548e-02
1.314553697091377406e-02
1.424359410480687677e-02
1.538321236195268685e-02
1.656401165974701398e-02
1.778559828831736966e-02
1.904756503193933206e-02
2.034949129532325970e-02
2.169094323473120395e-02
2.307147389388283093e-02
2.449062334460962512e-02
2.594791883221276435e-02
2.744287492547526144e-02
2.897499367128361300e-02
3.054376475380570291e-02
3.214866565817839361e-02
3.378916183864062728e-02
3.546470689106724639e-02
3.717474272984006706e-02
3.891869976899638844e-02
4.069599710759658900e-02
4.250604271924578875e-02
4.434823364570706500e-02
4.622195619453667303e-02
4.812658614067497759e-02
5.006148893192528121e-02
5.202601989824664347e-02
5.401952446478770764e-02
5.604133836858686546e-02
5.809078787886735179e-02
6.016719002084518209e-02
6.226985280296614550e-02
6.439807544750583701e-02
6.655114862443595181e-02
6.872835468848184637e-02
7.092896791928501865e-02
7.315225476458075970e-02
7.539747408631325420e-02
7.766387740958584363e-02
7.995070917437097080e-02
8.225720698987654123e-02
8.458260189148761321e-02
8.692611860018110981e-02
8.928697578432263915e-02
9.166438632375366324e-02
9.405755757607109357e-02
9.646569164499251003e-02
9.888798565072505486e-02
1.013236320022303238e-01
1.037718186712821150e-01
1.062317294682221247e-01
1.087025443193134766e-01
1.111834395455820745e-01
1.136735881430529921e-01
1.161721600642687952e-01
1.186783225009929998e-01
1.211912401679941242e-01
1.237100755877974106e-01
1.262339893763085030e-01
1.287621405291984045e-01
1.312936867089437298e-01
1.338277845324148674e-01
1.363635898589078688e-01
1.389002580785147212e-01
1.414369444007159970e-01
1.439728041430980710e-01
1.465069930200822157e-01
1.490386674315635485e-01
1.515669847513415880e-01
1.540911036152477209e-01
1.566101842088541418e-01
1.591233885546603499e-01
1.616298807986474850e-01
1.641288274960948645e-01
1.666193978965574141e-01
1.691007642278867795e-01
1.715721019792008917e-01
1.740325901826889898e-01
1.764814116941540445e-01
1.789177534721813900e-01
1.813408068558318154e-01
1.837497678407581658e-01
1.861438373536423163e-01
1.885222215248451849e-01
1.908841319591743080e-01
1.932287860046670025e-01
1.955554070192856431e-01
1.978632246354333490e-01
2.001514750221825567e-01
2.024194011451280473e-01
2.046662530237622901e-01
2.068912879862800647e-01
2.090937709217183249e-01
2.112729745293405459e-01
2.134281795651656599e-01
2.155586750855596201e-01
2.176637586877945008e-01
2.197427367474923399e-01
2.217949246528580221e-01
2.238196470356201284e-01
2.258162379986003165e-01
2.277840413398196928e-01
2.297224107730622134e-01
2.316307101448186467e-01
2.335083136475327725e-01
2.353546060290638009e-01
2.371689827982995380e-01
2.389508504268412492e-01
2.406996265466899154e-01
2.424147401438578875e-01
2.440956317478423232e-01
2.457417536168919059e-01
2.473525699189975113e-01
2.489275569085471762e-01
2.504662030985784216e-01
2.519680094285710048e-01
2.534324894277218410e-01
2.548591693736402264e-01
2.562475884464127662e-01
2.575972988779852701e-01
2.589078660968058276e-01
2.601788688676835437e-01
2.614098994268160281e-01
2.626005636119339015e-01
2.637504809875317324e-01
2.648592849651262848e-01
2.659266229185159869e-01
2.669521562940024850e-01
2.679355607155345376e-01
2.688765260847368332e-01
2.697747566758091353e-01
2.706299712252457357e-01
2.714419030163628399e-01
2.722102999586012984e-01
2.729349246615835889e-01
2.736155545039081205e-01
2.742519816966497159e-01
2.748440133415682163e-01
2.753914714839920119e-01
2.758941931603747233e-01
2.763520304405126526e-01
2.767648504644136809e-01
2.771325354738080060e-01
2.774549828383064964e-01
2.777321050761920596e-01
2.779638298698525745e-01
2.781501000758546671e-01
2.782908737296646007e-01
2.783861240450191676e-01
2.784358394079547439e-01
2.784400233655140999e-01
2.783986946091275838e-01
2.783118869526993167e-01
2.781796493054030095e-01
2.780020456392141015e-01
2.777791549511944291e-01
2.775110712205512420e-01
2.771979033605029841e-01
2.768397751649668836e-01
2.764368252501058776e-01
2.759892069907627921e-01
2.754970884518134211e-01
2.749606523144725867e-01
2.743800957975932042e-01
2.737556305739878848e-01
2.730874826818264212e-01
2.723758924311380780e-01
2.716211143054684252e-01
2.708234168587368429e-01
2.699830826073411627e-01
2.691004079175501884e-01
2.681757028882558180e-01
2.672092912291093025e-01
2.662015101341170253e-01
2.651527101507430428e-01
2.640632550445758953e-01
2.629335216596181968e-01
2.617638997742602891e-01
2.605547919530021850e-01
2.593066133939802564e-01
2.580197917723690559e-01
2.566947670797270487e-01
2.553319914593427109e-01
2.539319290376629845e-01
2.524950557518623739e-01
2.510218591736391724e-01
2.495128383292915530e-01
2.479685035161673379e-01
2.463893761155466766e-01
2.447759884020515586e-01
2.431288833496346447e-01
2.414486144342535834e-01
2.397357454332906257e-01
2.379908502218064659e-01
2.362145125657079681e-01
2.344073259119126007e-01
2.325698931755959820e-01
2.307028265245978371e-01
2.288067471610824299e-01
2.268822851005321550e-01
2.249300789481661345e-01
2.229507756728641155e-01
2.209450303786896774e-01
2.189135060740994843e-01
2.168568734389302310e-01
2.147758105892466352e-01
2.126710028401449792e-01
2.105431424666084905e-01
2.083929284624941869e-01
2.062210662977509434e-01
2.040282676739597068e-01
2.018152502782850355e-01
1.995827375359350841e-01
1.973314583612175432e-01
1.950621469072901515e-01
1.927755423146953750e-01
1.904723884587733729e-01
1.881534336960457854e-01
1.858194306096661863e-01
1.834711357540309562e-01
1.811093093986377855e-01
1.787347152712941423e-01
1.763481203007637443e-01
1.739502943589442963e-01
1.715420100026691930e-01
1.691240422152302525e-01
1.666971681477091016e-01
1.642621668602113338e-01
1.618198190630938949e-01
1.593709068582812860e-01
1.569162134807579878e-01
1.544565230403269485e-01
1.519926202637295887e-01
1.495252902372105619e-01
1.470553181496231099e-01
1.445834890361582248e-01
1.421105875227881843e-01
1.396373975715121118e-01
1.371647022264894933e-01
1.346932833611498015e-01
1.322239214263568607e-01
1.297573951997260944e-01
1.272944815361622128e-01
1.248359551197116835e-01
1.223825882168073226e-01
1.199351504309933564e-01
1.174944084591959120e-01
1.150611258496365974e-01
1.126360627614539783e-01
1.102199757261225488e-01
1.078136174107291595e-01
1.054177363832028563e-01
1.030330768795561652e-01
1.006603785732167328e-01
9.830037634652616374e-02
9.595380006446854737e-02
9.362137435070722047e-02
9.130381836599374412e-02
8.900184558901262644e-02
8.671616359974254618e-02
8.444747386538220546e-02
8.219647152891684794e-02
7.996384520038127275e-02
7.775027675088562462e-02
7.555644110946183045e-02
7.338300606278688742e-02
7.123063205784692375e-02
6.909997200759117331e-02
6.699167109963750921e-02
6.490636660807420910e-02
6.284468770841959706e-02
6.080725529578472066e-02
5.879468180628735774e-02
5.680757104176816646e-02
5.484651799785488641e-02
5.291210869541813216e-02
5.100492001546211296e-02
4.912551953749386829e-02
4.727446538141099469e-02
4.545230605294661719e-02
4.365958029270840951e-02
4.189681692884917458e-02
4.016453473340452635e-02
3.846324228232744780e-02
3.679343781925319828e-02
3.515560912302615609e-02
3.355023337901572034e-02
3.197777705424887512e-02
3.043869577638191187e-02
2.893343421654352016e-02
2.746242597606160518e-02
2.602609347710522700e-02
2.462484785724959949e-02
2.325908886799612357e-02
2.192920477725193024e-02
2.063557227579102676e-02
1.937855638770843644e-02
1.815851038488022762e-02
1.697577570543938597e-02
1.583068187627754281e-02
1.472354643958011765e-02
1.365467488340144260e-02
1.262436057628446573e-02
1.163288470592807947e-02
1.068051622190528682e-02
9.767511782432984277e-03
8.894115705189839863e-03
8.060559922183877998e-03
7.267063938662880751e-03
6.513834796066511786e-03
5.801067039008562902e-03
5.128942686286549341e-03
4.497631205907729433e-03
3.907289494120075139e-03
3.358061858438531055e-03
2.850080004652536664e-03
2.383463027800921015e-03
1.958317407098375193e-03
1.574737004796485573e-03
1.232803068963425445e-03
9.325842401589765551e-04
6.741365619890525010e-04
4.575034955144324919e-04
2.827159374936454917e-04
1.497922424339133494e-04
5.873824842646410504e-05
9.547306739269406493e-06
2.200315140510581082e-06
3.666575492369211038e-05
1.128997316053911008e-04
2.308460192651678761e-04
3.904361084956745487e-04
5.915892579309021179e-04
8.342125493190479055e-04
1.118200946104799939e-03
1.443437355486475431e-03
1.809792693911195603e-03
2.217125955971341496e-03
2.665284286662555208e-03
3.154103056966635517e-03
3.683405942717570079e-03
4.253005006711661415e-03
4.862700784017002544e-03
5.512282370445349168e-03
6.201527514137763694e-03
6.930202710225212732e-03
7.698063298514822884e-03
8.504853564160761228e-03
9.350306841272542149e-03
1.023414561941165396e-02
1.115608165293528221e-02
1.211581607313192907e-02
1.311303950310877507e-02
1.414743217537356608e-02
1.521866405206852291e-02
1.632639494780263600e-02
1.747027465503413896e-02
1.864994307194839038e-02
1.986503033278459035e-02
2.111515694055857845e-02
2.239993390212498270e-02
2.371896286553269728e-02
2.507183625961580814e-02
2.645813743577110980e-02
2.787744081186277825e-02
2.932931201820558609e-02
3.081330804557085717e-02
3.232897739516162744e-02
3.387586023049567879e-02
3.545348853115497939e-02
3.706138624833123230e-02
3.869906946212758880e-02
4.036604654054326557e-02
4.206181830010491396e-02
4.378587816807526928e-02
4.553771234618519959e-02
4.731679997584199715e-02
4.912261330474614746e-02
5.095461785487265249e-02
5.281227259174599287e-02
5.469503009497075907e-02
5.660233672994606502e-02
5.853363282072048673e-02
6.048835282391936546e-02
6.246592550370013569e-02
6.446577410767445615e-02
6.648731654374082090e-02
6.852996555777514376e-02
7.059312891212035646e-02
7.267620956482735706e-02
7.477860584958039014e-02
7.689971165626421912e-02
7.903891661211047415e-02
8.119560626337546383e-02
8.336916225748504383e-02
8.555896252560556137e-02
8.776438146557843933e-02
8.998479012516913400e-02
9.221955638557192969e-02
9.446804514512946449e-02
9.672961850319750088e-02
9.900363594412647794e-02
1.012894545212787017e-01
1.035864290410569016e-01
1.058939122468797733e-01
1.082112550030524811e-01
1.105378064784879877e-01
1.128729143302301813e-01
1.152159248867229563e-01
1.175661833307799220e-01
1.199230338822078468e-01
1.222858199800353485e-01
1.246538844642983146e-01
1.270265697573293162e-01
1.294032180445209013e-01
1.317831714544956678e-01
1.341657722386589702e-01
1.365503629500647576e-01
1.389362866215750614e-01
1.413228869432549273e-01
1.437095084389567456e-01
1.460954966420626722e-01
1.484801982703318757e-01
1.508629613998221097e-01
1.532431356378254894e-01
1.556200722948029025e-01
1.579931245552542718e-01
1.603616476475031305e-01
1.627249990123365020e-01
1.650825384704848464e-01
1.674336283888863963e-01
1.697776338457070988e-01
1.721139227940753358e-01
1.744418662244985041e-01
1.767608383259275384e-01
1.790702166454279098e-01
1.813693822464279293e-01
1.836577198655129917e-01
1.859346180677288740e-01
1.881994694003579494e-01
1.904516705451473890e-01
1.926906224689472202e-01
1.949157305727418632e-01
1.971264048390209134e-01
1.993220599774893909e-01
2.015021155690689403e-01
2.036659962081687480e-01
2.058131316431960622e-01
2.079429569152840551e-01
2.100549124952110491e-01
2.121484444184754126e-01
2.142230044185168825e-01
2.162780500580470389e-01
2.183130448584773287e-01
2.203274584274069747e-01
2.223207665841616387e-01
2.242924514833563310e-01
2.262420017364625280e-01
2.281689125313509647e-01
2.300726857498079647e-01
2.319528300829865330e-01
2.338088611447911858e-01
2.356403015831592673e-01
2.374466811892431972e-01
2.392275370044632254e-01
2.409824134254084926e-01
2.427108623065941939e-01
2.444124430610335741e-01
2.460867227586326089e-01
2.477332762223726503e-01
2.493516861222870307e-01
2.509415430672075620e-01
2.525024456942746576e-01
2.540340007561914804e-01
2.555358232062254764e-01
2.570075362809303154e-01
2.584487715805944830e-01
2.598591691473925991e-01
2.612383775412445153e-01
2.625860539133647586e-01
2.639018640774982716e-01
2.651854825788338976e-01
2.664365927605950590e-01
2.676548868282937477e-01
2.688400659116455538e-01
2.699918401241448995e-01
2.711099286202889314e-01
2.721940596504575094e-01
2.732439706134267565e-01
2.742594081065389267e-01
2.752401279735048334e-01
2.761858953498473879e-01
2.770964847059853020e-01
2.779716798879490747e-01
2.788112741557399743e-01
2.796150702193214155e-01
2.803828802722521663e-01
2.811145260229531151e-01
2.818098387236235292e-01
2.824686591967903171e-01
2.830908378595098362e-01
2.836762347452164157e-01
2.842247195232187051e-01
2.847361715158600592e-01
2.852104797133293568e-01
2.856475427861451810e-01
2.860472690953040353e-01
2.864095767001063053e-01
2.867343933636653519e-01
2.870216565561016786e-01
2.872713134554328862e-01
2.874833209461673533e-01
2.876576456156042516e-01
2.877942637478536625e-01
2.878931613155826241e-01
2.879543339694937698e-01
2.879777870255483263e-01
2.879635354499457400e-01
2.879116038418605417e-01
2.878220264139569329e-01
2.876948469706867018e-01
2.875301188843787381e-01
2.873279050691410763e-01
2.870882779525715800e-01
2.868113194453061898e-01
2.864971209084061776e-01
2.861457831185966194e-01
2.857574162313796240e-01
2.853321397420187644e-01
2.848700824444276858e-01
2.843713823879570612e-01
2.838361868321123693e-01
2.832646521992018274e-01
2.826569440249385168e-01
2.820132369070110778e-01
2.813337144516317445e-01
2.806185692180851454e-01
2.798680026612903604e-01
2.790822250723917763e-01
2.782614555173960058e-01
2.774059217738731875e-01
2.765158602657375453e-01
2.755915159961244143e-01
2.746331424783826636e-01
2.736410016652029431e-01
2.726153638758907483e-01
2.715565077218138335e-01
2.704647200300349663e-01
2.693402957651518936e-01
2.681835379493640037e-01
2.669947575807808393e-01
2.657742735500002174e-01
2.645224125549656691e-01
2.632395090141318450e-01
2.619259049779518178e-01
2.605819500387135390e-01
2.592080012387383836e-01
2.578044229769675955e-01
2.563715869139562842e-01
2.549098718753010084e-01
2.534196637535117147e-01
2.519013554083608941e-01
2.503553465657240018e-01
2.487820437149436403e-01
2.471818600047247516e-01
2.455552151375963443e-01
2.439025352629584087e-01
2.422242528687355845e-01
2.405208066716610082e-01
2.387926415062156804e-01
2.370402082122479714e-01
2.352639635212895874e-01
2.334643699416046325e-01
2.316418956419803721e-01
2.297970143343001648e-01
2.279302051549107755e-01
2.260419525448147948e-01
2.241327461287081768e-01
2.222030805928978114e-01
2.202534555621135093e-01
2.182843754752417931e-01
2.162963494600154413e-01
2.142898912066744654e-01
2.122655188406279980e-01
2.102237547941447904e-01
2.081651256770985503e-01
2.060901621467908507e-01
2.039993987768814188e-01
2.018933739254498705e-01
1.997726296022218073e-01
1.976377113349780668e-01
1.954891680351786565e-01
1.933275518628260747e-01
1.911534180906041547e-01
1.889673249673067545e-01
1.867698335805887677e-01
1.845615077190790321e-01
