0.000000000000000000e+00
3.256396876277921348e-02
6.512793752555842697e-02
9.769190628833765433e-02
1.302558750511168539e-01
1.628198438138960813e-01
1.953838125766753087e-01
2.279477813394545083e-01
2.605117501022311544e-01
2.930757188650103817e-01
3.256396876277895536e-01
3.582036563905687809e-01
3.907676251533480083e-01
4.233315939161272357e-01
4.558955626789064630e-01
4.884595314416856349e-01
5.210235002044648622e-01
5.535874689672440896e-01
5.861514377300233170e-01
6.187154064928025443e-01
6.512793752555817717e-01
6.838433440183609990e-01
7.164073127811401154e-01
7.489712815439167892e-01
7.815352503066960166e-01
8.140992190694752439e-01
8.466631878322544713e-01
8.792271565950336987e-01
9.117911253578129260e-01
9.443550941205920424e-01
9.769190628833712697e-01
1.009483031646150497e+00
1.042047000408929724e+00
1.074610969171708952e+00
1.107174937934488179e+00
1.139738906697267407e+00
1.172302875460046634e+00
1.204866844222825861e+00
1.237430812985602424e+00
1.269994781748381651e+00
1.302558750511160879e+00
1.335122719273940106e+00
1.367686688036719334e+00
1.400250656799498561e+00
1.432814625562277788e+00
1.465378594325057016e+00
1.497942563087836243e+00
1.530506531850615470e+00
1.563070500613394698e+00
1.595634469376173925e+00
1.628198438138953152e+00
1.660762406901729715e+00
1.693326375664511385e+00
1.725890344427288170e+00
1.758454313190067397e+00
1.791018281952846625e+00
1.823582250715625852e+00
1.856146219478405079e+00
1.888710188241184085e+00
1.921274157003963312e+00
1.953838125766742539e+00
1.986402094529521767e+00
2.018966063292300994e+00
2.051530032055080444e+00
2.084094000817859449e+00
2.116657969580638898e+00
2.149221938343415239e+00
2.181785907106194689e+00
2.214349875868973694e+00
2.246913844631753143e+00
2.279477813394532149e+00
2.312041782157311598e+00
2.344605750920090603e+00
2.377169719682870053e+00
2.409733688445649058e+00
2.442297657208428063e+00
2.474861625971207513e+00
2.507425594733986518e+00
2.539989563496765967e+00
2.572553532259544973e+00
2.605117501022324422e+00
2.637681469785100763e+00
2.670245438547880212e+00
2.702809407310659218e+00
2.735373376073438667e+00
2.767937344836217672e+00
2.800501313598997122e+00
2.833065282361776127e+00
2.865629251124555577e+00
2.898193219887334582e+00
2.930757188650114031e+00
2.963321157412893037e+00
2.995885126175672486e+00
3.028449094938451491e+00
3.061013063701228276e+00
3.093577032464009946e+00
3.126141001226786731e+00
3.158704969989565736e+00
3.191268938752345186e+00
3.223832907515124191e+00
3.256396876277903640e+00
3.288960845040682646e+00
3.321524813803462095e+00
3.354088782566241100e+00
3.386652751329020550e+00
3.419216720091799555e+00
3.451780688854579004e+00
3.484344657617358010e+00
3.516908626380137015e+00
3.549472595142913800e+00
3.582036563905695470e+00
3.614600532668472255e+00
3.647164501431251704e+00
3.679728470194030709e+00
3.712292438956810159e+00
3.744856407719589164e+00
3.777420376482368169e+00
3.809984345245147619e+00
3.842548314007926624e+00
3.875112282770706074e+00
3.907676251533485079e+00
3.940240220296264528e+00
3.972804189059043534e+00
4.005368157821822983e+00
4.037932126584599324e+00
4.070496095347380994e+00
4.103060064110158223e+00
4.135624032872937228e+00
4.168188001635716233e+00
4.200751970398495239e+00
4.233315939161275132e+00
4.265879907924054137e+00
4.298443876686833143e+00
4.331007845449612148e+00
4.363571814212392042e+00
4.396135782975171047e+00
4.428699751737950052e+00
4.461263720500729058e+00
4.493827689263508951e+00
4.526391658026285292e+00
4.558955626789066962e+00
4.591519595551843302e+00
4.624083564314623196e+00
4.656647533077402201e+00
4.689211501840181207e+00
4.721775470602960212e+00
4.754339439365740105e+00
4.786903408128519111e+00
4.819467376891298116e+00
4.852031345654077121e+00
4.884595314416856127e+00
4.917159283179636020e+00
4.949723251942412361e+00
4.982287220705194031e+00
5.014851189467971260e+00
5.047415158230752930e+00
5.079979126993529270e+00
5.112543095756308276e+00
5.145107064519087281e+00
5.177671033281867174e+00
5.210235002044646180e+00
5.242798970807425185e+00
5.275362939570204190e+00
5.307926908332984084e+00
5.340490877095763089e+00
5.373054845858542095e+00
5.405618814621321100e+00
5.438182783384098329e+00
5.470746752146879999e+00
5.503310720909656339e+00
5.535874689672438009e+00
5.568438658435215238e+00
5.601002627197994244e+00
5.633566595960773249e+00
5.666130564723552254e+00
5.698694533486332148e+00
5.731258502249111153e+00
5.763822471011890158e+00
5.796386439774669164e+00
5.828950408537449057e+00
5.861514377300225398e+00
5.894078346063007068e+00
5.926642314825783409e+00
5.959206283588565078e+00
5.991770252351342307e+00
6.024334221114123977e+00
6.056898189876900318e+00
6.089462158639680212e+00
6.122026127402459217e+00
6.154590096165238222e+00
6.187154064928017227e+00
6.219718033690796233e+00
6.252282002453576126e+00
6.284845971216355132e+00
6.317409939979134137e+00
6.349973908741910478e+00
6.382537877504693036e+00
6.415101846267469377e+00
6.447665815030251046e+00
6.480229783793027387e+00
6.512793752555809945e+00
6.545357721318586286e+00
6.577921690081367956e+00
6.610485658844144297e+00
6.643049627606921526e+00
6.675613596369703195e+00
6.708177565132484865e+00
6.740741533895261206e+00
6.773305502658038435e+00
6.805869471420820105e+00
6.838433440183596446e+00
6.870997408946378116e+00
6.903561377709155344e+00
6.936125346471937014e+00
6.968689315234713355e+00
7.001253283997495025e+00
7.033817252760272254e+00
7.066381221523053924e+00
7.098945190285830265e+00
7.131509159048606605e+00
7.164073127811389163e+00
7.196637096574170833e+00
7.229201065336947174e+00
7.261765034099723515e+00
7.294329002862505185e+00
7.326892971625282414e+00
7.359456940388064083e+00
7.392020909150840424e+00
7.424584877913622094e+00
7.457148846676399323e+00
7.489712815439180993e+00
7.522276784201957334e+00
7.554840752964739004e+00
7.587404721727516232e+00
7.619968690490292573e+00
7.652532659253074243e+00
7.685096628015855913e+00
7.717660596778633142e+00
7.750224565541409483e+00
7.782788534304191153e+00
7.815352503066967493e+00
7.847916471829750051e+00
7.880480440592526392e+00
7.913044409355308062e+00
7.945608378118084403e+00
7.978172346880866961e+00
8.010736315643642413e+00
8.043300284406425860e+00
8.075864253169202200e+00
8.108428221931978541e+00
8.140992190694760211e+00
8.173556159457541881e+00
8.206120128220318222e+00
8.238684096983094562e+00
8.271248065745876232e+00
8.303812034508654349e+00
8.336376003271436019e+00
8.368939972034212360e+00
8.401503940796994030e+00
8.434067909559770371e+00
8.466631878322546712e+00
8.499195847085328381e+00
8.531759815848110051e+00
8.564323784610886392e+00
8.596887753373664509e+00
8.629451722136446179e+00
8.662015690899227849e+00
8.694579659662004190e+00
8.727143628424780530e+00
8.759707597187562200e+00
8.792271565950338541e+00
8.824835534713120211e+00
8.857399503475898328e+00
8.889963472238679998e+00
8.922527441001456339e+00
8.955091409764232679e+00
8.987655378527014349e+00
9.020219347289796019e+00
9.052783316052572360e+00
9.085347284815348701e+00
9.117911253578132147e+00
9.150475222340913817e+00
9.183039191103690158e+00
9.215603159866466498e+00
9.248167128629248168e+00
9.280731097392024509e+00
9.313295066154806179e+00
9.345859034917582520e+00
9.378423003680365966e+00
9.410986972443142307e+00
9.443550941205918647e+00
9.476114909968700317e+00
9.508678878731481987e+00
9.541242847494258328e+00
9.573806816257034669e+00
9.606370785019816338e+00
9.638934753782598008e+00
9.671498722545376125e+00
9.704062691308152466e+00
9.736626660070934136e+00
9.769190628833710477e+00
9.801754597596492147e+00
9.834318566359268488e+00
9.866882535122050157e+00
9.899446503884826498e+00
9.932010472647604615e+00
9.964574441410386285e+00
9.997138410173167955e+00
1.002970237893594430e+01
1.006226634769872064e+01
1.009483031646150231e+01
1.012739428522427865e+01
1.015995825398706032e+01
1.019252222274983843e+01
1.022508619151262010e+01
1.025765016027539644e+01
1.029021412903817811e+01
1.032277809780095446e+01
1.035534206656373613e+01
1.038790603532651247e+01
1.042047000408928881e+01
1.045303397285207225e+01
1.048559794161485392e+01
1.051816191037763026e+01
1.055072587914040660e+01
1.058328984790318827e+01
1.061585381666596462e+01
1.064841778542874628e+01
1.068098175419152263e+01
1.071354572295430607e+01
1.074610969171708241e+01
1.077867366047986408e+01
1.081123762924264042e+01
1.084380159800542209e+01
1.087636556676819843e+01
1.090892953553097477e+01
1.094149350429375644e+01
1.097405747305653811e+01
1.100662144181931623e+01
1.103918541058209257e+01
1.107174937934487424e+01
1.110431334810765058e+01
1.113687731687043225e+01
1.116944128563320859e+01
1.120200525439599026e+01
1.123456922315876660e+01
1.126713319192155005e+01
1.129969716068432639e+01
1.133226112944710806e+01
1.136482509820988440e+01
1.139738906697266074e+01
1.142995303573544241e+01
1.146251700449822408e+01
1.149508097326100042e+01
1.152764494202377854e+01
1.156020891078656021e+01
1.159277287954933655e+01
1.162533684831211822e+01
1.165790081707489456e+01
1.169046478583767623e+01
1.172302875460045257e+01
1.175559272336322891e+01
1.178815669212601236e+01
1.182072066088879403e+01
1.185328462965157037e+01
1.188584859841434671e+01
1.191841256717712838e+01
1.195097653593991005e+01
1.198354050470268639e+01
1.201610447346546273e+01
1.204866844222824440e+01
1.208123241099102785e+01
1.211379637975380419e+01
1.214636034851658053e+01
1.217892431727936220e+01
1.221148828604213854e+01
1.224405225480491488e+01
1.227661622356769655e+01
1.230918019233047822e+01
1.234174416109325634e+01
1.237430812985603268e+01
1.240687209861881435e+01
1.243943606738159602e+01
1.247200003614437236e+01
1.250456400490714870e+01
1.253712797366993037e+01
1.256969194243271204e+01
1.260225591119549016e+01
1.263481987995826650e+01
1.266738384872104817e+01
1.269994781748382451e+01
1.273251178624660085e+01
1.276507575500938252e+01
1.279763972377216419e+01
1.283020369253494053e+01
1.286276766129771865e+01
1.289533163006050032e+01
1.292789559882328199e+01
1.296045956758605833e+01
1.299302353634883467e+01
1.302558750511161634e+01
1.305815147387439801e+01
1.309071544263717435e+01
1.312327941139995247e+01
1.315584338016273414e+01
1.318840734892551048e+01
1.322097131768828682e+01
1.325353528645106849e+01
1.328609925521385016e+01
1.331866322397662650e+01
1.335122719273940284e+01
1.338379116150218451e+01
1.341635513026496795e+01
1.344891909902774429e+01
1.348148306779052064e+01
1.351404703655330231e+01
1.354661100531608398e+01
1.357917497407885499e+01
1.361173894284163666e+01
1.364430291160441833e+01
1.367686688036719644e+01
1.370943084912997278e+01
1.374199481789275445e+01
1.377455878665553612e+01
1.380712275541831247e+01
1.383968672418108881e+01
1.387225069294387048e+01
1.390481466170665215e+01
1.393737863046943026e+01
1.396994259923220660e+01
1.400250656799498827e+01
1.403507053675776994e+01
1.406763450552054096e+01
1.410019847428332262e+01
1.413276244304610429e+01
1.416532641180888064e+01
1.419789038057165875e+01
1.423045434933444042e+01
1.426301831809722209e+01
1.429558228685999843e+01
1.432814625562277477e+01
1.436071022438555644e+01
1.439327419314833811e+01
1.442583816191111445e+01
1.445840213067389257e+01
1.449096609943667424e+01
1.452353006819945591e+01
1.455609403696222692e+01
1.458865800572500859e+01
1.462122197448779026e+01
1.465378594325056660e+01
1.468634991201334294e+01
1.471891388077612461e+01
1.475147784953890806e+01
1.478404181830168440e+01
1.481660578706446074e+01
1.484916975582724241e+01
1.488173372459002408e+01
1.491429769335280042e+01
1.494686166211557676e+01
1.497942563087835843e+01
1.501198959964113655e+01
1.504455356840391289e+01
1.507711753716669456e+01
1.510968150592947623e+01
1.514224547469225257e+01
1.517480944345502891e+01
1.520737341221781058e+01
1.523993738098059225e+01
1.527250134974337037e+01
1.530506531850614671e+01
1.533762928726892838e+01
1.537019325603171005e+01
1.540275722479448639e+01
1.543532119355726273e+01
1.546788516232004440e+01
1.550044913108282074e+01
1.553301309984559886e+01
1.556557706860838053e+01
1.559814103737116220e+01
1.563070500613393854e+01
1.566326897489671488e+01
1.569583294365949655e+01
1.572839691242227822e+01
1.576096088118505456e+01
1.579352484994783268e+01
1.582608881871061435e+01
1.585865278747339602e+01
1.589121675623617236e+01
1.592378072499894870e+01
1.595634469376173037e+01
1.598890866252450671e+01
1.602147263128728483e+01
1.605403660005006472e+01
1.608660056881284817e+01
1.611916453757562451e+01
1.615172850633840085e+01
1.618429247510118074e+01
1.621685644386396419e+01
1.624942041262674053e+01
1.628198438138951687e+01
1.631454835015230032e+01
1.634711231891508021e+01
1.637967628767785655e+01
1.641224025644063289e+01
1.644480422520341634e+01
1.647736819396619268e+01
1.650993216272896902e+01
1.654249613149175246e+01
1.657506010025453236e+01
1.660762406901730870e+01
1.664018803778008504e+01
1.667275200654286849e+01
1.670531597530564838e+01
1.673787994406842827e+01
1.677044391283120461e+01
1.680300788159398451e+01
1.683557185035676795e+01
1.686813581911954429e+01
1.690069978788232063e+01
1.693326375664510053e+01
1.696582772540787687e+01
1.699839169417065676e+01
1.703095566293343666e+01
1.706351963169622010e+01
1.709608360045899644e+01
1.712864756922177278e+01
1.716121153798455268e+01
1.719377550674733612e+01
1.722633947551011246e+01
1.725890344427288881e+01
1.729146741303567225e+01
1.732403138179845214e+01
1.735659535056122849e+01
1.738915931932400483e+01
1.742172328808678827e+01
1.745428725684956461e+01
1.748685122561234095e+01
1.751941519437512085e+01
1.755197916313790429e+01
1.758454313190068063e+01
1.761710710066345698e+01
1.764967106942624042e+01
1.768223503818902032e+01
1.771479900695179666e+01
1.774736297571457300e+01
1.777992694447735644e+01
1.781249091324013634e+01
1.784505488200291623e+01
1.787761885076569257e+01
1.791018281952847246e+01
1.794274678829124881e+01
1.797531075705402515e+01
1.800787472581680859e+01
1.804043869457958849e+01
1.807300266334236838e+01
1.810556663210514472e+01
1.813813060086792461e+01
1.817069456963070806e+01
1.820325853839348440e+01
1.823582250715626074e+01
1.826838647591904063e+01
1.830095044468182408e+01
1.833351441344460042e+01
1.836607838220737676e+01
1.839864235097016021e+01
1.843120631973293655e+01
1.846377028849571289e+01
1.849633425725849278e+01
1.852889822602127623e+01
1.856146219478405257e+01
1.859402616354682891e+01
1.862659013230961236e+01
1.865915410107239225e+01
1.869171806983516859e+01
1.872428203859794493e+01
1.875684600736072838e+01
1.878940997612350827e+01
1.882197394488628106e+01
1.885453791364906095e+01
1.888710188241184440e+01
1.891966585117462074e+01
1.895222981993739708e+01
1.898479378870018053e+01
1.901735775746296042e+01
1.904992172622573676e+01
1.908248569498851310e+01
1.911504966375129655e+01
1.914761363251407644e+01
1.918017760127685634e+01
1.921274157003963268e+01
1.924530553880241257e+01
1.927786950756519602e+01
1.931043347632796525e+01
1.934299744509074870e+01
1.937556141385352859e+01
1.940812538261630849e+01
1.944068935137908483e+01
1.947325332014186472e+01
1.950581728890464817e+01
1.953838125766742451e+01
1.957094522643020085e+01
1.960350919519298074e+01
1.963607316395576419e+01
1.966863713271854053e+01
1.970120110148131687e+01
1.973376507024410031e+01
1.976632903900688021e+01
1.979889300776965300e+01
1.983145697653243289e+01
1.986402094529521634e+01
1.989658491405799268e+01
1.992914888282076902e+01
1.996171285158355246e+01
1.999427682034633236e+01
2.002684078910910870e+01
2.005940475787188504e+01
2.009196872663466849e+01
2.012453269539744838e+01
2.015709666416022472e+01
2.018966063292300106e+01
2.022222460168578451e+01
2.025478857044856085e+01
2.028735253921133719e+01
2.031991650797412063e+01
2.035248047673690053e+01
2.038504444549967687e+01
2.041760841426245321e+01
2.045017238302523666e+01
2.048273635178801655e+01
2.051530032055079644e+01
2.054786428931357278e+01
2.058042825807635268e+01
2.061299222683913612e+01
2.064555619560191246e+01
2.067812016436468880e+01
2.071068413312746870e+01
2.074324810189024859e+01
2.077581207065302493e+01
2.080837603941580483e+01
2.084094000817858827e+01
2.087350397694136461e+01
2.090606794570414095e+01
2.093863191446692085e+01
2.097119588322970429e+01
2.100375985199248063e+01
2.103632382075525697e+01
2.106888778951804042e+01
2.110145175828082031e+01
2.113401572704359666e+01
2.116657969580637300e+01
2.119914366456915644e+01
2.123170763333193278e+01
2.126427160209470912e+01
2.129683557085749257e+01
2.132939953962027246e+01
2.136196350838304880e+01
2.139452747714582515e+01
2.142709144590860859e+01
2.145965541467138848e+01
2.149221938343416483e+01
2.152478335219694117e+01
2.155734732095972461e+01
2.158991128972250806e+01
2.162247525848528440e+01
2.165503922724806074e+01
2.168760319601084063e+01
2.172016716477361697e+01
2.175273113353639332e+01
2.178529510229917676e+01
2.181785907106195666e+01
2.185042303982473655e+01
2.188298700858751289e+01
2.191555097735029278e+01
2.194811494611307623e+01
2.198067891487585257e+01
2.201324288363862891e+01
2.204580685240140880e+01
2.207837082116419225e+01
2.211093478992696859e+01
2.214349875868974493e+01
2.217606272745252838e+01
2.220862669621530472e+01
2.224119066497808106e+01
2.227375463374086095e+01
2.230631860250364440e+01
2.233888257126642074e+01
2.237144654002919708e+01
2.240401050879198053e+01
2.243657447755476042e+01
2.246913844631753676e+01
2.250170241508031310e+01
2.253426638384309655e+01
2.256683035260587644e+01
2.259939432136865278e+01
2.263195829013143268e+01
2.266452225889421257e+01
2.269708622765698891e+01
2.272965019641976525e+01
2.276221416518254870e+01
2.279477813394532859e+01
2.282734210270810493e+01
2.285990607147088127e+01
2.289247004023366472e+01
2.292503400899644816e+01
2.295759797775922451e+01
2.299016194652200085e+01
2.302272591528478074e+01
2.305528988404756419e+01
2.308785385281034053e+01
2.312041782157311687e+01
2.315298179033589676e+01
2.318554575909867665e+01
2.321810972786145300e+01
2.325067369662423289e+01
2.328323766538701634e+01
2.331580163414979268e+01
2.334836560291256902e+01
2.338092957167534891e+01
2.341349354043812880e+01
2.344605750920090159e+01
2.347862147796368149e+01
2.351118544672646493e+01
2.354374941548924483e+01
2.357631338425201761e+01
2.360887735301480106e+01
2.364144132177758095e+01
2.367400529054036440e+01
2.370656925930313363e+01
2.373913322806591708e+01
2.377169719682869697e+01
2.380426116559148042e+01
2.383682513435425321e+01
2.386938910311703310e+01
2.390195307187981655e+01
2.393451704064258578e+01
2.396708100940536923e+01
2.399964497816814912e+01
2.403220894693093257e+01
2.406477291569370536e+01
2.409733688445648525e+01
2.412990085321926870e+01
2.416246482198204859e+01
2.419502879074482138e+01
2.422759275950760127e+01
2.426015672827038472e+01
2.429272069703316461e+01
2.432528466579593740e+01
2.435784863455872085e+01
2.439041260332150074e+01
2.442297657208427353e+01
2.445554054084705342e+01
2.448810450960983687e+01
2.452066847837261676e+01
2.455323244713538955e+01
2.458579641589816944e+01
2.461836038466095289e+01
2.465092435342373633e+01
2.468348832218650557e+01
2.471605229094928902e+01
2.474861625971206891e+01
2.478118022847484170e+01
2.481374419723762159e+01
2.484630816600040504e+01
2.487887213476318493e+01
2.491143610352595772e+01
2.494400007228874117e+01
2.497656404105152106e+01
2.500912800981430451e+01
2.504169197857707374e+01
2.507425594733985719e+01
2.510681991610263708e+01
2.513938388486542053e+01
2.517194785362819331e+01
2.520451182239097321e+01
2.523707579115375665e+01
2.526963975991652589e+01
2.530220372867930934e+01
2.533476769744208923e+01
2.536733166620487268e+01
2.539989563496764191e+01
2.543245960373042536e+01
2.546502357249320880e+01
2.549758754125598870e+01
2.553015151001876148e+01
2.556271547878154138e+01
2.559527944754432482e+01
2.562784341630710472e+01
2.566040738506987751e+01
2.569297135383266095e+01
2.572553532259544085e+01
2.575809929135821363e+01
2.579066326012099353e+01
2.582322722888377697e+01
2.585579119764655687e+01
2.588835516640932966e+01
2.592091913517210955e+01
2.595348310393489299e+01
2.598604707269767644e+01
2.601861104146044568e+01
2.605117501022322912e+01
2.608373897898600902e+01
2.611630294774879246e+01
2.614886691651156170e+01
2.618143088527434514e+01
2.621399485403712504e+01
2.624655882279989783e+01
2.627912279156268127e+01
2.631168676032546117e+01
2.634425072908824461e+01
2.637681469785101385e+01
2.640937866661379729e+01
2.644194263537657719e+01
2.647450660413936063e+01
2.650707057290213342e+01
2.653963454166491331e+01
2.657219851042769676e+01
2.660476247919047665e+01
2.663732644795324944e+01
2.666989041671602934e+01
2.670245438547881278e+01
2.673501835424158202e+01
2.676758232300436546e+01
2.680014629176714891e+01
2.683271026052992880e+01
2.686527422929270159e+01
2.689783819805548148e+01
2.693040216681826493e+01
2.696296613558104482e+01
2.699553010434381761e+01
2.702809407310660106e+01
2.706065804186938095e+01
2.709322201063216440e+01
2.712578597939493363e+01
2.715834994815771708e+01
2.719091391692049697e+01
2.722347788568326976e+01
2.725604185444604965e+01
2.728860582320883310e+01
2.732116979197161655e+01
2.735373376073438578e+01
2.738629772949716923e+01
2.741886169825994912e+01
2.745142566702273257e+01
2.748398963578550180e+01
2.751655360454828525e+01
2.754911757331106514e+01
2.758168154207384859e+01
2.761424551083662138e+01
2.764680947959940127e+01
2.767937344836218472e+01
2.771193741712495395e+01
2.774450138588773740e+01
2.777706535465051729e+01
2.780962932341330074e+01
2.784219329217607353e+01
2.787475726093885342e+01
2.790732122970163687e+01
2.793988519846441676e+01
2.797244916722718955e+01
2.800501313598996944e+01
2.803757710475275289e+01
2.807014107351553278e+01
2.810270504227830557e+01
2.813526901104108902e+01
2.816783297980386891e+01
2.820039694856664170e+01
2.823296091732942159e+01
2.826552488609220504e+01
2.829808885485498493e+01
2.833065282361775772e+01
2.836321679238054116e+01
2.839578076114332106e+01
2.842834472990610450e+01
2.846090869866887374e+01
2.849347266743165719e+01
2.852603663619443708e+01
2.855860060495722053e+01
2.859116457371998976e+01
2.862372854248277321e+01
2.865629251124555665e+01
2.868885648000832589e+01
2.872142044877110933e+01
2.875398441753388923e+01
2.878654838629667267e+01
2.881911235505944191e+01
2.885167632382222536e+01
2.888424029258500525e+01
2.891680426134778870e+01
2.894936823011056148e+01
2.898193219887334138e+01
2.901449616763612482e+01
2.904706013639890472e+01
2.907962410516167751e+01
2.911218807392445740e+01
2.914475204268724084e+01
2.917731601145001363e+01
2.920987998021279353e+01
2.924244394897557697e+01
2.927500791773835687e+01
2.930757188650112965e+01
2.934013585526390955e+01
2.937269982402669299e+01
2.940526379278947289e+01
2.943782776155224568e+01
2.947039173031502912e+01
2.950295569907780902e+01
2.953551966784058180e+01
2.956808363660336170e+01
2.960064760536614514e+01
2.963321157412892504e+01
2.966577554289169782e+01
2.969833951165448127e+01
2.973090348041726116e+01
2.976346744918004461e+01
2.979603141794281385e+01
2.982859538670559729e+01
2.986115935546837719e+01
2.989372332423116063e+01
2.992628729299392987e+01
2.995885126175671331e+01
2.999141523051949676e+01
3.002397919928226599e+01
3.005654316804504944e+01
3.008910713680782933e+01
3.012167110557061278e+01
3.015423507433338202e+01
3.018679904309616546e+01
3.021936301185894536e+01
3.025192698062172880e+01
3.028449094938450159e+01
3.031705491814728148e+01
3.034961888691006493e+01
3.038218285567284482e+01
3.041474682443561761e+01
3.044731079319839750e+01
3.047987476196118095e+01
3.051243873072395374e+01
3.054500269948673363e+01
3.057756666824951708e+01
3.061013063701229697e+01
3.064269460577506976e+01
3.067525857453784965e+01
3.070782254330063310e+01
3.074038651206341299e+01
3.077295048082618578e+01
3.080551444958896923e+01
3.083807841835174912e+01
3.087064238711453257e+01
3.090320635587730180e+01
3.093577032464008525e+01
3.096833429340286514e+01
3.100089826216563793e+01
3.103346223092842138e+01
3.106602619969120127e+01
3.109859016845398472e+01
3.113115413721675395e+01
3.116371810597953740e+01
3.119628207474231729e+01
3.122884604350510074e+01
3.126141001226786997e+01
3.129397398103065342e+01
3.132653794979343687e+01
3.135910191855621676e+01
3.139166588731898955e+01
3.142422985608176944e+01
3.145679382484455289e+01
3.148935779360732212e+01
3.152192176237010557e+01
3.155448573113288546e+01
3.158704969989566891e+01
3.161961366865844170e+01
3.165217763742122159e+01
3.168474160618400504e+01
3.171730557494678493e+01
3.174986954370955772e+01
3.178243351247233761e+01
3.181499748123512106e+01
3.184756144999790095e+01
3.188012541876067374e+01
3.191268938752345719e+01
3.194525335628623708e+01
3.197781732504900987e+01
3.201038129381178976e+01
3.204294526257456965e+01
3.207550923133735665e+01
3.210807320010012944e+01
3.214063716886290933e+01
3.217320113762568923e+01
3.220576510638846912e+01
3.223832907515124191e+01
3.227089304391402180e+01
3.230345701267680880e+01
3.233602098143958870e+01
3.236858495020236148e+01
3.240114891896514138e+01
3.243371288772792127e+01
3.246627685649069406e+01
3.249884082525347395e+01
3.253140479401626095e+01
