0.000000000000000000e+00
9.568060233534192438e-01
1.913612046706838488e+00
2.870418070060257509e+00
3.827224093413676975e+00
4.784030116767095997e+00
5.740836140120515019e+00
6.697642163473934040e+00
7.654448186827356615e+00
8.611254210180778301e+00
9.568060233534195547e+00
1.052486625688761634e+01
1.148167228024103359e+01
1.243847830359445439e+01
1.339528432694787163e+01
1.435209035030129421e+01
1.530889637365470968e+01
1.626570239700813048e+01
1.722250842036154950e+01
1.817931444371496852e+01
1.913612046706838754e+01
2.009292649042181012e+01
2.104973251377522558e+01
2.200653853712864816e+01
2.296334456048206363e+01
2.392015058383548265e+01
2.487695660718890522e+01
2.583376263054232780e+01
2.679056865389573616e+01
2.774737467724915874e+01
2.870418070060258131e+01
2.966098672395600389e+01
3.061779274730941580e+01
3.157459877066283482e+01
3.253140479401626095e+01
