8.595061728395012631e-05
9.064035200136410717e-03
7.495280968857681581e-02
1.959871011149554587e-01
2.362225403904497645e-01
2.802019585629467735e-01
2.868659938485197403e-01
2.873216353539236878e-01
2.909797839292574406e-01
2.440858216925146651e-01
1.419086697424073451e-01
4.612458669742315609e-02
7.299162629758048325e-03
1.887308300226272530e-03
3.108029638173364154e-02
6.647182271775974038e-02
1.354720321243974290e-01
1.776079999999999048e-01
2.506875324875046385e-01
2.023228304498241037e-01
2.246164360715969255e-01
2.206650468623156391e-01
1.139173159895767173e-01
6.979629407492843329e-02
2.188013234226122983e-02
4.565432098765034689e-03
2.171964970737596829e-03
4.083820487846543529e-02
1.383104980990221278e-01
1.560469194754153521e-01
2.364382276902025071e-01
1.977835017301033949e-01
1.926946969968827694e-01
1.719048858131473900e-01
1.101368888888888120e-01
