1.742287999425192043e-03
2.671587534641850763e-03
2.719360470593408085e-03
1.120892415731659209e-04
3.625491691506098259e-03
3.845989577084877025e-03
5.612275424305745823e-03
4.816134455136540128e-03
9.390791977931326959e-03
6.532020023162074182e-03
4.697375415548938303e-03
8.951211818568048130e-04
2.438606660650718874e-03
2.825960351998117476e-03
9.085601974628577937e-03
1.106576272099367951e-02
1.523170395385688505e-02
1.350622424787558534e-02
1.056185545100071788e-02
1.226455990866196291e-02
9.234088926865101701e-03
2.319256987571206678e-03
1.735460267895881561e-03
4.568445699311713543e-03
6.287802589067912826e-03
6.416892825224694563e-03
1.016533710351946902e-02
7.345227270115875159e-03
4.374602159115081358e-03
