0.000000000000000000e+00
5.856058791149999498e-01
1.171211758229999900e+00
1.756817637344999739e+00
2.342423516459999799e+00
2.928029395574999860e+00
3.513635274689999477e+00
4.099241153804999982e+00
4.684847032920001375e+00
5.270452912034999216e+00
5.856058791150000609e+00
6.441664670264999337e+00
7.027270549380000730e+00
7.612876428494999459e+00
8.198482307609999964e+00
8.784088186724998693e+00
9.369694065840000974e+00
9.955299944954999702e+00
1.054090582407000021e+01
1.112651170318499894e+01
1.171211758230000122e+01
1.229772346141499817e+01
1.288332934053000045e+01
1.346893521964499918e+01
1.405454109875999968e+01
1.464014697787500019e+01
1.522575285699000069e+01
1.581135873610499587e+01
1.639696461521999993e+01
