0.000000000000000000e+00
3.882012359681442875e-07
1.554016429037259343e-06
3.499308714820338022e-06
6.226002333206167050e-06
9.736082465725200038e-06
1.403159503701020097e-05
1.911464648023465435e-05
2.498740346635838929e-05
3.165209259707808446e-05
3.911100006130192121e-05
4.736647125505812935e-05
5.642091036445527299e-05
6.627677991192613830e-05
7.693660026501806723e-05
8.840294910812207616e-05
1.006784608763699866e-04
1.137658261519572487e-04
1.276677910224138942e-04
1.423871564005726184e-04
1.579267773062806128e-04
1.742895621091170629e-04
1.914784717324667001e-04
2.094965188180778967e-04
2.283467668514646380e-04
2.480323292473082092e-04
2.685563683948317655e-04
2.899220946630594212e-04
3.121327653652602768e-04
3.351916836825790118e-04
3.591021975466738756e-04
3.838676984802127175e-04
4.094916203962741213e-04
4.359774383552533447e-04
4.633286672793337233e-04
4.915488606240610205e-04
5.206416090072995238e-04
5.506105387940218648e-04
5.814593106380112897e-04
6.131916179789593645e-04
6.458111854955369407e-04
6.793217675133194841e-04
7.137271463679385405e-04
7.490311307226731833e-04
7.852375538399593985e-04
8.223502718073910601e-04
8.603731617166953706e-04
8.993101197964205665e-04
9.391650594969373766e-04
9.799419095286191015e-04
1.021644611851743687e-03
1.064277119618705324e-03
1.107843395067476628e-03
1.152347407366857658e-03
1.197793130411667958e-03
1.244184540570296600e-03
1.291525614381003068e-03
1.339820326199121781e-03
1.389072645794297905e-03
1.439286535896515005e-03
1.490465949692137927e-03
1.542614828268868300e-03
1.595737098009142969e-03
1.649836667932430079e-03
1.704917426986197505e-03
1.760983241284217468e-03
1.818037951293770965e-03
1.876085368969945518e-03
1.935129274838383014e-03
1.995173415024616495e-03
2.056221498231406656e-03
2.118277192663401733e-03
2.181344122898667796e-03
2.245425866707466325e-03
2.310525951818226571e-03
2.376647852630403308e-03
2.443794986874781548e-03
2.511970712219803187e-03
2.581178322826432198e-03
2.651421045849389549e-03
2.722702037884744842e-03
2.795024381366918633e-03
2.868391080911495902e-03
2.942805059606341291e-03
3.018269155250521280e-03
3.094786116541250586e-03
3.172358599209216656e-03
3.250989162102085796e-03
3.330680263218056218e-03
3.411434255687880238e-03
3.493253383705743811e-03
3.576139778412534397e-03
3.660095453727513388e-03
3.745122302131886818e-03
3.831222090403704501e-03
3.918396455305991899e-03
4.006646899225469252e-03
4.095974785766740359e-03
4.186381335299429150e-03
4.277867620460713491e-03
4.370434561612795629e-03
4.464082922257314213e-03
4.558813304407479360e-03
4.654626143916562077e-03
4.751521705767956967e-03
4.849500079323656662e-03
4.948561173534317750e-03
5.048704712112351937e-03
5.149930228667430956e-03
5.252237061807244096e-03
5.355624350204089487e-03
5.460091027628221141e-03
5.565635817951025688e-03
5.672257230116839639e-03
5.779953553086141123e-03
5.888722850753735569e-03
5.998562956838889189e-03
6.109471469753520803e-03
6.221445747447731239e-03
6.334482902234049410e-03
6.448579795595710262e-03
6.563733032975302591e-03
6.679938958550258113e-03
6.797193649996879222e-03
6.915492913239742155e-03
7.034832277197753010e-03
7.155206988519999256e-03
7.276612006318277509e-03
7.399041996900113105e-03
7.522491328499089983e-03
7.646954066010550402e-03
7.772423965731775457e-03
7.898894470110733382e-03
8.026358702506081882e-03
8.154809461958742803e-03
8.284239217982398290e-03
8.414640105370626427e-03
8.546003919027588339e-03
8.678322108823327552e-03
8.811585774476224722e-03
8.945785660467393818e-03
9.080912150989448386e-03
9.216955264931780273e-03
9.353904650907352014e-03
9.491749582323677839e-03
9.630478952500416689e-03
9.770081269840229926e-03
9.910544653050686742e-03
1.005185682642800726e-02
1.019400511520015921e-02
1.033697644093707103e-02
1.048075731703015066e-02
1.062533384424370689e-02
1.077069170634518264e-02
1.091681616581729325e-02
1.106369205965247737e-02
1.121130379523979474e-02
1.135963534634409390e-02
1.150867024918240424e-02
1.165839159860435070e-02
1.180878204437659645e-02
1.195982378757917165e-02
1.211149857711817102e-02
1.226378770635516181e-02
1.241667200986440803e-02
1.257013186031569890e-02
1.272414716549208000e-02
1.287869736544679927e-02
1.303376142979991055e-02
1.318931785518527057e-02
1.334534466284797473e-02
1.350181939640085309e-02
1.365871911973957388e-02
1.381602041512869535e-02
1.397369938145542716e-02
1.413173163266341799e-02
1.429009229636524388e-02
1.444875601264332746e-02
1.460769693304191964e-02
1.476688871975461587e-02
1.492630454501484016e-02
1.508591709069158002e-02
1.524569854809768206e-02
1.540562061801403933e-02
1.556565451093598618e-02
1.572577094754484123e-02
1.588594015941356338e-02
1.604613188994690950e-02
1.620631539556308121e-02
1.636645944712589520e-02
1.652653233162029722e-02
1.668650185409491227e-02
1.684633533985639350e-02
1.700599963693707334e-02
1.716546111882822842e-02
1.732468568749244431e-02
1.748363877665626981e-02
1.764228535538751169e-02
1.780058993196118045e-02
1.795851655802208416e-02
1.811602883304600300e-02
1.827308990910264663e-02
1.842966249592696559e-02
1.858570886630413546e-02
1.874119086177019125e-02
1.889606989863043193e-02
1.905030697430637118e-02
1.920386267400836164e-02
1.935669717774093565e-02
1.950877026764553587e-02
1.966004133568004936e-02
1.981046939164460632e-02
1.996001307155158278e-02
2.010863064634713093e-02
2.025628003098288096e-02
2.040291879384743476e-02
2.054850416655328027e-02
2.069299305408647469e-02
2.083634204532035239e-02
2.097850742389711573e-02
2.111944517947302730e-02
2.125911101934267050e-02
2.139746038042591655e-02
2.153444844163917779e-02
2.167003013663473115e-02
2.180416016692171902e-02
2.193679301536302639e-02
2.206788296005498737e-02
2.219738408858226014e-02
2.232525031265785234e-02
2.245143538314172196e-02
2.257589290544153096e-02
2.269857635529285572e-02
2.281943909492292061e-02
2.293843438959141875e-02
2.305551542451172650e-02
2.317063532215123123e-02
2.328374715990696661e-02
2.339480398815735676e-02
2.350375884868880633e-02
2.361056479348959056e-02
2.371517490391744643e-02
2.381754231023166732e-02
2.391762021148727616e-02
2.401536189579200203e-02
2.411072076091895500e-02
2.420365033527222334e-02
2.429410429920104628e-02
2.438203650666094166e-02
2.446740100721201544e-02
2.455015206835534439e-02
2.463024419819563604e-02
2.470763216843155016e-02
2.478227103766313805e-02
2.485411617501119899e-02
2.492312328404238525e-02
2.498924842699474375e-02
2.505244804929222802e-02
2.511267900434686895e-02
2.516989857863408467e-02
2.522406451703969668e-02
2.527513504846405287e-02
2.532306891167873317e-02
2.536782538142604362e-02
2.540936429474844466e-02
2.544764607754342739e-02
2.548263177133200039e-02
2.551428306022287748e-02
2.554256229807816414e-02
2.556743253585158984e-02
2.558885754909829072e-02
2.560680186564253877e-02
2.562123079338918946e-02
2.563211044826947671e-02
2.563940778230483497e-02
2.564309061177847543e-02
2.564312764550082113e-02
2.563948851315417735e-02
2.563214379370196833e-02
2.562106504385323544e-02
2.560622482655727436e-02
2.558759673952745728e-02
2.556515544376509325e-02
2.553887669207902805e-02
2.550873735757693342e-02
2.547471546211641652e-02
2.543679020470106938e-02
2.539494198979780001e-02
2.534915245556721222e-02
2.529940450198219989e-02
2.524568231882351119e-02
2.518797141352861063e-02
2.512625863888285141e-02
2.506053222052571569e-02
2.499078178426342861e-02
2.491699838316123114e-02
2.483917452440170467e-02
2.475730419588659248e-02
2.467138289256547157e-02
2.458140764247028834e-02
2.448737703243646438e-02
2.438929123348951636e-02
2.428715202588073441e-02
2.418096282374802147e-02
2.407072869938415433e-02
2.395645640708784704e-02
2.383815440658650434e-02
2.371583288599798250e-02
2.358950378431941969e-02
2.345918081342078521e-02
2.332487947951785226e-02
2.318661710411044907e-02
2.304441284435948881e-02
2.289828771288651352e-02
2.274826459696927677e-02
2.259436827711898063e-02
2.243662544501246262e-02
2.227506472076358143e-02
2.210971666950779790e-02
2.194061381728419288e-02
2.176779066618931419e-02
2.159128370878905800e-02
2.141113144175944144e-02
2.122737437874458108e-02
2.104005506240477080e-02
2.084921807564026758e-02
2.065491005196530561e-02
2.045717968501890166e-02
2.025607773718714547e-02
2.005165704732372878e-02
1.984397253754250495e-02
1.963308121907050494e-02
1.941904219713943419e-02
1.920191667489728332e-02
1.898176795632336433e-02
1.875866144812954328e-02
1.853266466062940612e-02
1.830384720755866626e-02
1.807228080483363683e-02
1.783803926822443917e-02
1.760119850993777796e-02
1.736183653408388330e-02
1.712003343101976827e-02
1.687587137055251291e-02
1.662943459398714269e-02
1.638080940501086130e-02
1.613008415939330698e-02
1.587734925349913034e-02
1.562269711159363500e-02
1.536622217193708492e-02
1.510802087165357722e-02
1.484819163036224521e-02
1.458683483257063387e-02
1.432405280880919354e-02
1.405994981551081380e-02
1.379463201361973840e-02
1.352820744592764593e-02
1.326078601312980984e-02
1.299247944859625165e-02
1.272340129185275080e-02
1.245366686077050734e-02
1.218339322245774042e-02
1.191269916285419596e-02
1.164170515502701252e-02
1.137053332616399896e-02
1.109930742327024447e-02
1.082815277756328694e-02
1.055719626757334849e-02
1.028656628094712193e-02
1.001639267496485033e-02
9.746806735766165228e-03
9.477941136299924615e-03
9.209929892995905032e-03
8.942908321171200159e-03
8.677012989175704460e-03
8.412381671287195994e-03
8.149153299366405923e-03
7.887467913280451701e-03
7.627466610108248057e-03
7.369291492140492457e-03
7.113085613686424488e-03
6.858992926701990706e-03
6.607158225256232198e-03
6.357727088850490850e-03
6.110845824608600318e-03
5.866661408355412430e-03
5.625321424604266644e-03
5.386974005471145341e-03
5.151767768539363898e-03
4.919851753694092639e-03
4.691375358950661094e-03
4.466488275301550882e-03
4.245340420604776059e-03
4.028081872540462821e-03
3.814862800662010677e-03
3.605833397569362542e-03
3.401143809232690541e-03
3.200944064495944447e-03
3.005384003789736587e-03
2.814613207085731907e-03
2.628780921123779948e-03
2.448035985944259276e-03
2.272526760760049981e-03
2.102401049202326944e-03
1.937806023974644786e-03
1.778888150952726401e-03
1.625793112765796427e-03
1.478665731897865114e-03
1.337649893346052948e-03
1.202888466877164147e-03
1.074523228920323641e-03
9.526947841375259848e-04
8.375424867128784812e-04
7.292043614024708905e-04
6.278170243875455005e-04
5.335156039741052432e-04
4.464336611826476265e-04
3.667031102724980715e-04
2.944541392456753032e-04
2.298151303755374274e-04
1.729125808063831861e-04
1.238710232701420596e-04
8.281294696737663086e-05
4.985871865952911275e-05
2.512650402029670006e-05
8.732189294072714743e-06
7.893033099405775120e-07
1.408939899780817807e-06
1.069968076953710553e-05
2.876751887282354993e-05
5.571578233627980179e-05
9.164505898629822121e-05
1.366531215268249337e-04
1.908348534182128305e-04
2.542821755069682140e-04
3.270839734563763109e-04
4.093260260281422107e-04
5.010909342650982697e-04
6.024580516244691826e-04
7.135034151122635624e-04
8.342996774679805206e-04
9.649160404493982955e-04
1.105418189266748480e-03
1.255868228215541345e-03
1.416324617556997132e-03
1.586842111694134394e-03
1.767471698692627035e-03
1.958260541193262375e-03
2.159251918764408789e-03
2.370485171740842768e-03
2.591995646595532908e-03
2.823814642890512105e-03
3.065969361852609928e-03
3.318482856617266472e-03
3.581373984187233121e-03
3.854657359147000816e-03
4.138343309177601979e-03
4.432437832412591122e-03
4.736942556677800273e-03
5.051854700653661545e-03
5.377167037001225405e-03
5.712867857489525511e-03
6.058940940162224620e-03
6.415365518581750588e-03
6.782116253183822357e-03
7.159163204780558468e-03
7.546471810242821529e-03
7.944002860397175736e-03
8.351712480167054406e-03
8.769552110988764956e-03
9.197468495532781785e-03
9.635403664757206596e-03
1.008329492731934243e-02
1.054107486137298259e-02
1.100867130877411157e-02
1.148600737171734734e-02
1.197300141182651954e-02
1.246956705171677754e-02
1.297561317904936257e-02
1.349104395309589331e-02
1.401575881382470003e-02
1.454965249352889282e-02
1.509261503100502687e-02
1.564453178829349964e-02
1.620528346999389191e-02
1.677474614515942278e-02
1.735279127177907083e-02
1.793928572385319886e-02
1.853409182106303260e-02
1.913706736103956349e-02
1.974806565422823970e-02
2.036693556135129105e-02
2.099352153346242117e-02
2.162766365458897860e-02
2.226919768695596186e-02
2.291795511878328556e-02
2.357376321464690894e-02
2.423644506839016735e-02
2.490581965857484661e-02
2.558170190645507602e-02
2.626390273645700518e-02
2.695222913914864515e-02
2.764648423667517493e-02
2.834646735064196704e-02
2.905197407242019955e-02
2.976279633584894349e-02
3.047872249230849234e-02
3.119953738813458985e-02
3.192502244434591852e-02
3.265495573864921064e-02
3.338911208969081584e-02
3.412726314352126922e-02
3.486917746223072712e-02
3.561462061472224494e-02
3.636335526957888004e-02
3.711514128998702478e-02
3.786973583066855636e-02
3.862689343678024634e-02
3.938636614473210729e-02
4.014790358488036504e-02
4.091125308604131455e-02
4.167615978177894448e-02
4.244236671841362246e-02
4.320961496469789137e-02
4.397764372310522529e-02
4.474619044267595658e-02
4.551499093336183049e-02
4.628377948181303103e-02
4.705228896854610210e-02
4.782025098643167410e-02
4.858739596044065606e-02
4.935345326858770615e-02
5.011815136400252918e-02
5.088121789807031198e-02
5.164237984456821612e-02
5.240136362473770543e-02
5.315789523321872573e-02
5.391170036477922756e-02
5.466250454177174617e-02
5.541003324224409027e-02
5.615401202863291169e-02
5.689416667697000385e-02
5.763022330652677050e-02
5.836190850982642814e-02
5.908894948294501209e-02
5.981107415603374028e-02
6.052801132398225731e-02
6.123949077715166306e-02
6.194524343209837497e-02
6.264500146221724242e-02
6.333849842822440734e-02
6.402546940840526946e-02
6.470565112855124201e-02
6.537878209151037900e-02
6.604460270627046659e-02
6.670285541650640415e-02
6.735328482850733156e-02
6.799563783841261477e-02
6.862966375867877999e-02
6.925511444370288650e-02
6.987174441452390083e-02
7.047931098253185089e-02
7.107757437210497631e-02
7.166629784210389043e-02
7.224524780614861863e-02
7.281419395160423913e-02
7.337290935720137963e-02
7.392117060922555327e-02
7.445875791619446793e-02
7.498545522196263524e-02
7.550105031717653514e-02
7.600533494901545728e-02
7.649810492914768667e-02
7.697916023983875089e-02
7.744830513813957817e-02
7.790534825809655728e-02
7.835010271091608081e-02
7.878238618301963703e-02
7.920202103193291210e-02
7.960883437994283052e-02
8.000265820546967332e-02
8.038332943209063053e-02
8.075069001516393952e-02
8.110458702599461500e-02
8.144487273349321210e-02
8.177140468327014078e-02
8.208404577411899938e-02
8.238266433184107673e-02
8.266713418036041039e-02
8.293733471008490898e-02
8.319315094347459749e-02
8.343447359776633154e-02
8.366119914482177122e-02
8.387322986805807734e-02
8.407047391642147316e-02
8.425284535537426456e-02
8.442026421485859800e-02
8.457265653420364959e-02
8.470995440395534537e-02
8.483209600458929689e-02
8.493902564209405981e-02
8.503069378038964621e-02
8.510705707057024394e-02
8.516807837694298500e-02
8.521372679985039778e-02
8.524397769526179114e-02
8.525881269111409977e-02
8.525821970039813846e-02
8.524219293097659578e-02
8.521073289212868773e-02
8.516384639781297838e-02
8.510154656665058770e-02
8.502385281862306909e-02
8.493079086848817627e-02
8.482239271591751617e-02
8.469869663235791990e-02
8.455974714462850816e-02
8.440559501525880803e-02
8.423629721958146577e-02
8.405191691959412736e-02
8.385252343460070090e-02
8.363819220865761905e-02
8.340900477483892406e-02
8.316504871634108897e-02
8.290641762445646878e-02
8.263321105343762740e-02
8.234553447227731249e-02
8.204349921344041008e-02
8.172722241857195702e-02
8.139682698122097104e-02
8.105244148660861736e-02
8.069420014848406597e-02
8.032224274310219292e-02
7.993671454036674340e-02
7.953776623217706510e-02
7.912555385802909347e-02
7.870023872790858632e-02
7.826198734252987066e-02
7.781097131096699482e-02
7.734736726572644105e-02
7.687135677531703459e-02
7.638312625436638470e-02
7.588286687134065955e-02
7.537077445392870167e-02
7.484704939213886188e-02
7.431189653917741333e-02
7.376552511016237768e-02
7.320814857873844672e-02
7.263998457165471434e-02
7.206125476136787666e-02
7.147218475673998428e-02
7.087300399189368216e-02
7.026394561329242505e-02
6.964524636511748579e-02
6.901714647300831451e-02
6.837988952623383354e-02
6.773372235837316069e-02
6.707889492657059805e-02
6.641566018944040917e-02
6.574427398369438180e-02
6.506499489956464599e-02
6.437808415510035132e-02
6.368380546940534404e-02
6.298242493490106841e-02
6.227421088868335258e-02
6.155943378305505503e-02
6.083836605530375252e-02
6.011128199681132350e-02
5.937845762155923024e-02
5.864017053412207137e-02
5.789669979721000226e-02
5.714832579885249092e-02
5.639533011928763578e-02
5.563799539764392038e-02
5.487660519848567425e-02
5.411144387830021940e-02
5.334279645200509790e-02
5.257094845954860679e-02
5.179618583268256332e-02
5.101879476198048491e-02
5.023906156417818486e-02
4.945727254990896216e-02
4.867371389191063602e-02
4.788867149377500076e-02
4.710243085931557078e-02
4.631527696262141558e-02
4.552749411887419689e-02
4.473936585599482679e-02
4.395117478718974652e-02
4.316320248447082231e-02
4.237572935320897682e-02
4.158903450779632277e-02
4.080339564847827033e-02
4.001908893942213163e-02
3.923638888808847480e-02
3.845556822596304936e-02
3.767689779071704825e-02
3.690064640985274425e-02
3.612708078589362687e-02
3.535646538318146237e-02
3.458906231633077089e-02
3.382513124040167213e-02
3.306492924284353679e-02
3.230871073726154785e-02
3.155672735905790116e-02
3.080922786299890997e-02
3.006645802275492024e-02
2.932866053246092550e-02
2.859607491034386190e-02
2.786893740445921600e-02
2.714748090058043822e-02
2.643193483228176849e-02
2.572252509325422334e-02
2.501947395189050433e-02
2.432299996817828894e-02
2.363331791293180398e-02
2.295063868939842613e-02
2.227516925726954686e-02
2.160711255912393589e-02
2.094666744933387087e-02
2.029402862545779535e-02
1.964938656214438445e-02
1.901292744757062531e-02
1.838483312243571061e-02
1.776528102152750282e-02
1.715444411787989815e-02
1.655249086953847898e-02
1.595958516894583831e-02
1.537588629495943368e-02
1.480154886751324991e-02
1.423672280493082712e-02
1.368155328389763885e-02
1.313618070209763428e-02
1.260074064351658640e-02
1.207536384641681032e-02
1.156017617397999374e-02
1.105529858761972357e-02
1.056084712295876464e-02
1.007693286846647433e-02
9.603661946751922834e-03
9.141135498501554157e-03
8.689449669054664233e-03
8.248695597603789703e-03
7.818959409008813255e-03
7.400322208208089635e-03
6.992860077214563784e-03
6.596644074675691444e-03
6.211740237981638185e-03
5.838209587899511645e-03
5.476108135713586567e-03
5.125486892846968512e-03
4.786391882942621009e-03
4.458864156375267652e-03
4.142939807170204804e-03
3.838649992298058793e-03
3.546020953318253319e-03
3.265074040339242551e-03
2.995825738263631355e-03
2.738287695285460989e-03
2.492466753605883899e-03
2.258364982330921152e-03
2.035979712515555498e-03
1.825303574317609437e-03
1.626324536221194356e-03
1.439025946292284575e-03
1.263386575424900460e-03
1.099380662537846913e-03
9.469779616789396033e-04
8.061437909949667338e-04
6.768390835232260304e-04
5.590204397605257622e-04
4.526401819647519445e-04
3.576464101431632851e-04
2.739830596812623691e-04
2.015899605653952208e-04
1.404028981513605779e-04
9.035367543160098319e-05
5.137017675196621042e-05
2.337643292954685786e-05
6.292687722276185307e-06
3.546560043599680228e-08
4.517640770292296710e-06
1.964850739952204870e-05
4.533385099389468381e-05
8.147602087448668632e-05
1.279740037044565192e-04
1.847234980143059278e-04
2.516169896745418873e-04
3.285438282643231094e-04
4.153903042848611617e-04
5.120397271663017225e-04
6.183725040167769443e-04
7.342662190623792592e-04
8.595957137269867989e-04
9.942331673009172262e-04
1.138048178147822026e-03
1.290907845398746876e-03
1.452676851083327912e-03
1.623217542648142933e-03
1.802390015811646982e-03
1.990052197707320968e-03
2.186059930264797665e-03
2.390267053780653281e-03
2.602525490630874100e-03
2.822685329076236871e-03
3.050594907113956655e-03
3.286100896328280827e-03
3.529048385693170451e-03
3.779280965282467118e-03
4.036640809840313059e-03
4.300968762169311670e-03
4.572104416290088784e-03
4.849886200330649072e-03
5.134151459101518079e-03
5.424736536315074263e-03
5.721476856407851398e-03
6.024207005923958545e-03
6.332760814421533463e-03
6.646971434861248355e-03
6.966671423439956511e-03
7.291692818830140636e-03
7.621867220790216890e-03
7.957025868108048502e-03
8.296999715844764756e-03
8.641619511840861051e-03
8.990715872455506963e-03
9.344119357503042483e-03
9.701660544357462723e-03
1.006317010119187234e-02
1.042847885932539007e-02
1.079741788464648120e-02
1.116981854808607802e-02
1.154551259511295280e-02
1.192433221422467028e-02
1.230611010441036608e-02
1.269067954155918103e-02
1.307787444379225096e-02
1.346752943569668251e-02
1.385947991143704656e-02
1.425356209672798587e-02
1.464961310964526392e-02
1.504747102025892971e-02
1.544697490906866456e-02
1.584796492422783920e-02
1.625028233753693721e-02
1.665376959919633026e-02
1.705827039129908726e-02
1.746362968005516283e-02
1.786969376673508067e-02
1.827631033731938470e-02
1.868332851084542057e-02
1.909059888644417530e-02
1.949797358905585795e-02
1.990530631381910720e-02
2.031245236912689739e-02
2.071926871834336298e-02
2.112561402017861314e-02
2.153134866771578768e-02
2.193633482608815105e-02
2.234043646880524286e-02
2.274351941272750519e-02
2.314545135168460249e-02
2.354610188874601759e-02
2.394534256713713033e-02
2.434304689980797479e-02
2.473909039765666631e-02
2.513335059641004163e-02
2.552570708216659462e-02
2.591604151560840744e-02
2.630423765488549767e-02
2.669018137718042610e-02
2.707376069896186288e-02
2.745486579493252449e-02
2.783338901568256293e-02
2.820922490405676844e-02
2.858227021024415532e-02
2.895242390560443663e-02
2.931958719523841336e-02
2.968366352931550711e-02
3.004455861317348667e-02
3.040218041619842729e-02
3.075643917950253090e-02
3.110724742241142635e-02
3.145451994777587884e-02
3.179817384612352443e-02
3.213812849866658911e-02
3.247430557917882488e-02
3.280662905476001284e-02
3.313502518550524856e-02
3.345942252309428572e-02
3.377975190831990215e-02
3.409594646757156677e-02
3.440794160829463433e-02
3.471567501344124951e-02
3.501908663493449869e-02
3.531811868616139410e-02
3.561271563351749853e-02
3.590282418701895573e-02
3.618839329000785726e-02
3.646937410796269319e-02
3.674572001644211411e-02
3.701738658817688155e-02
3.728433157933298825e-02
3.754651491496621002e-02
3.780389867369050860e-02
3.805644707157720269e-02
3.830412644531155930e-02
3.854690523462203644e-02
3.878475396400949543e-02
3.901764522379359140e-02
3.924555365049605532e-02
3.946845590659034397e-02
3.968633065963000917e-02
3.989915856078029427e-02
4.010692222277919411e-02
4.030960619733951755e-02
4.050719695202318477e-02
4.069968284660322594e-02
4.088705410893418019e-02
4.106930281035721386e-02
4.124642284065535569e-02
4.141840988258353035e-02
4.158526138598965527e-02
4.174697654155416771e-02
4.190355625416304630e-02
4.205500311593593499e-02
4.220132137893116420e-02
4.234251692754431584e-02
4.247859725062613084e-02
4.260957141333217985e-02
4.273545002872763260e-02
4.285624522916775536e-02
4.297197063747168477e-02
4.308264133790263434e-02
4.318827384698527283e-02
4.328888608416726902e-02
4.338449734234862964e-02
4.347512825829485256e-02
4.356080078295265084e-02
4.364153815168517886e-02
4.371736485444065179e-02
4.378830660587768736e-02
4.385439031545719513e-02
4.391564405751939570e-02
4.397209704136404579e-02
4.402377958134467278e-02
4.407072306699683778e-02
4.411295993321170256e-02
4.415052363047124173e-02
4.418344859515942191e-02
4.421177021996245543e-02
4.423552482437171501e-02
4.425474962530405454e-02
4.426948270785054096e-02
4.427976299616748213e-02
4.428563022452165071e-02
4.428712490850274242e-02
4.428428831641208208e-02
4.427716244084069913e-02
4.426578997044895714e-02
4.425021426195523827e-02
4.423047931234839331e-02
4.420662973132561541e-02
4.417871071397829613e-02
4.414676801372190151e-02
4.411084791548843670e-02
4.407099720918343511e-02
4.402726316342076701e-02
4.397969349954132523e-02
4.392833636592156227e-02
4.387324031258209994e-02
4.381445426610081767e-02
4.375202750484056408e-02
4.368600963449207480e-02
4.361645056394519021e-02
4.354340048148818559e-02
4.346690983134417208e-02
4.338702929054751023e-02
4.330380974616619000e-02
4.321730227287642195e-02
4.312755811088922475e-02
4.303462864423523299e-02
4.293856537941465740e-02
4.283941992440896962e-02
4.273724396806304060e-02
4.263208925983762165e-02
4.252400758993799684e-02
4.241305076981233269e-02
4.229927061303644098e-02
4.218271891657059125e-02
4.206344744240239630e-02
4.194150789956956060e-02
4.181695192656670335e-02
4.168983107413630484e-02
4.156019678844275617e-02
4.142810039463443172e-02
4.129359308078613122e-02
4.115672588222938494e-02
4.101754966626655619e-02
4.087611511726806091e-02
