0.000000000000000000e+00
3.523841347251083223e-02
7.047682694502166445e-02
1.057152404175324967e-01
1.409536538900429958e-01
1.761920673625538281e-01
2.114304808350646603e-01
2.466688943075755203e-01
2.819073077800863247e-01
3.171457212525971570e-01
3.523841347251079892e-01
3.876225481976188214e-01
4.228609616701293206e-01
4.580993751426401528e-01
4.933377886151510405e-01
5.285762020876618728e-01
5.638146155601723164e-01
5.990530290326832041e-01
6.342914425051939808e-01
6.695298559777048686e-01
7.047682694502156453e-01
7.400066829227265330e-01
7.752450963952373097e-01
8.104835098677481975e-01
8.457219233402589742e-01
8.809603368127698619e-01
9.161987502852806386e-01
9.514371637577915264e-01
9.866755772303023031e-01
1.021913990702813191e+00
1.057152404175323968e+00
1.092390817647834300e+00
1.127629231120345077e+00
1.162867644592855854e+00
1.198106058065366630e+00
1.233344471537877629e+00
1.268582885010388406e+00
1.303821298482899183e+00
1.339059711955409959e+00
1.374298125427920958e+00
1.409536538900431735e+00
1.444774952372941845e+00
1.480013365845452622e+00
1.515251779317963621e+00
1.550490192790474397e+00
1.585728606262985174e+00
1.620967019735495951e+00
1.656205433208006950e+00
1.691443846680517726e+00
1.726682260153028503e+00
1.761920673625539280e+00
1.797159087098050279e+00
1.832397500570561055e+00
1.867635914043071832e+00
1.902874327515582609e+00
1.938112740988093607e+00
1.973351154460604384e+00
2.008589567933115383e+00
2.043827981405625938e+00
2.079066394878136936e+00
2.114304808350647491e+00
2.149543221823158046e+00
2.184781635295668600e+00
2.220020048768179599e+00
2.255258462240690598e+00
2.290496875713201153e+00
2.325735289185712151e+00
2.360973702658222706e+00
2.396212116130733261e+00
2.431450529603243815e+00
2.466688943075754814e+00
2.501927356548265369e+00
2.537165770020776367e+00
2.572404183493287366e+00
2.607642596965797921e+00
2.642881010438308920e+00
2.678119423910819918e+00
2.713357837383330473e+00
2.748596250855841472e+00
2.783834664328352027e+00
2.819073077800863025e+00
2.854311491273374024e+00
2.889549904745884579e+00
2.924788318218395133e+00
2.960026731690906132e+00
2.995265145163417131e+00
3.030503558635927686e+00
3.065741972108438684e+00
3.100980385580949239e+00
3.136218799053460238e+00
3.171457212525971237e+00
3.206695625998481791e+00
3.241934039470992790e+00
3.277172452943502456e+00
3.312410866416013011e+00
3.347649279888524010e+00
3.382887693361034565e+00
3.418126106833545563e+00
3.453364520306056562e+00
3.488602933778567117e+00
3.523841347251078115e+00
3.559079760723589114e+00
3.594318174196099669e+00
3.629556587668610668e+00
3.664795001141121222e+00
3.700033414613632221e+00
3.735271828086143220e+00
3.770510241558653775e+00
3.805748655031164773e+00
3.840987068503675772e+00
3.876225481976186327e+00
3.911463895448697325e+00
3.946702308921208324e+00
3.981940722393718879e+00
4.017179135866229878e+00
4.052417549338740876e+00
4.087655962811251875e+00
4.122894376283761986e+00
4.158132789756272985e+00
4.193371203228783983e+00
4.228609616701294982e+00
4.263848030173804204e+00
4.299086443646315203e+00
4.334324857118826202e+00
4.369563270591337201e+00
4.404801684063847311e+00
4.440040097536358310e+00
4.475278511008869309e+00
4.510516924481380308e+00
4.545755337953891306e+00
4.580993751426401417e+00
4.616232164898912416e+00
4.651470578371423414e+00
4.686708991843934413e+00
4.721947405316445412e+00
4.757185818788956411e+00
4.792424232261466521e+00
4.827662645733977520e+00
4.862901059206488519e+00
4.898139472678999518e+00
4.933377886151510516e+00
4.968616299624020627e+00
5.003854713096531626e+00
5.039093126569042624e+00
5.074331540041553623e+00
5.109569953514064622e+00
5.144808366986574732e+00
5.180046780459085731e+00
5.215285193931596730e+00
5.250523607404107729e+00
5.285762020876616951e+00
5.321000434349127950e+00
5.356238847821638949e+00
5.391477261294149947e+00
5.426715674766660058e+00
5.461954088239171057e+00
5.497192501711682056e+00
5.532430915184193054e+00
5.567669328656704053e+00
5.602907742129215052e+00
5.638146155601725162e+00
5.673384569074236161e+00
5.708622982546747160e+00
5.743861396019258159e+00
5.779099809491769157e+00
5.814338222964279268e+00
5.849576636436790267e+00
5.884815049909301266e+00
5.920053463381812264e+00
5.955291876854323263e+00
5.990530290326834262e+00
6.025768703799344372e+00
6.061007117271855371e+00
6.096245530744366370e+00
6.131483944216877369e+00
6.166722357689388367e+00
6.201960771161898478e+00
6.237199184634409477e+00
6.272437598106920476e+00
6.307676011579431474e+00
6.342914425051942473e+00
6.378152838524452584e+00
6.413391251996963582e+00
6.448629665469474581e+00
6.483868078941985580e+00
6.519106492414494802e+00
6.554344905887005801e+00
6.589583319359516800e+00
6.624821732832027799e+00
6.660060146304538797e+00
6.695298559777048908e+00
6.730536973249559907e+00
6.765775386722070905e+00
6.801013800194581904e+00
6.836252213667092903e+00
6.871490627139603014e+00
6.906729040612114012e+00
6.941967454084625011e+00
6.977205867557136010e+00
7.012444281029647009e+00
7.047682694502157119e+00
7.082921107974668118e+00
7.118159521447179117e+00
7.153397934919690115e+00
7.188636348392201114e+00
7.223874761864712113e+00
7.259113175337222224e+00
7.294351588809733222e+00
7.329590002282244221e+00
7.364828415754755220e+00
7.400066829227266219e+00
7.435305242699776329e+00
7.470543656172287328e+00
7.505782069644798327e+00
7.541020483117307549e+00
7.576258896589818548e+00
7.611497310062329547e+00
7.646735723534840545e+00
7.681974137007351544e+00
7.717212550479861655e+00
7.752450963952372653e+00
7.787689377424883652e+00
7.822927790897394651e+00
7.858166204369905650e+00
7.893404617842416648e+00
7.928643031314926759e+00
7.963881444787437758e+00
7.999119858259948757e+00
8.034358271732459755e+00
8.069596685204970754e+00
8.104835098677481753e+00
8.140073512149992752e+00
8.175311925622503750e+00
8.210550339095012973e+00
8.245788752567523971e+00
8.281027166040034970e+00
8.316265579512545969e+00
8.351503992985056968e+00
8.386742406457567967e+00
8.421980819930078965e+00
8.457219233402589964e+00
8.492457646875100963e+00
8.527696060347610185e+00
8.562934473820121184e+00
8.598172887292632183e+00
8.633411300765143181e+00
8.668649714237652404e+00
8.703888127710163403e+00
8.739126541182674401e+00
8.774364954655185400e+00
8.809603368127696399e+00
8.844841781600207398e+00
8.880080195072718396e+00
8.915318608545229395e+00
8.950557022017740394e+00
8.985795435490251393e+00
9.021033848962762391e+00
9.056272262435271614e+00
9.091510675907782613e+00
9.126749089380293611e+00
9.161987502852804610e+00
9.197225916325315609e+00
9.232464329797826608e+00
9.267702743270335830e+00
9.302941156742848605e+00
9.338179570215357828e+00
9.373417983687870603e+00
9.408656397160379825e+00
9.443894810632890824e+00
9.479133224105401823e+00
9.514371637577912821e+00
9.549610051050422044e+00
9.584848464522933043e+00
9.620086877995444041e+00
9.655325291467953264e+00
9.690563704940466039e+00
9.725802118412975261e+00
9.761040531885488036e+00
9.796278945357997259e+00
9.831517358830510034e+00
9.866755772303019256e+00
9.901994185775530255e+00
9.937232599248041254e+00
9.972471012720552253e+00
1.000770942619306147e+01
1.004294783966557425e+01
1.007818625313808347e+01
1.011342466661059625e+01
1.014866308008310547e+01
1.018390149355561825e+01
1.021913990702812747e+01
1.025437832050064024e+01
1.028961673397314946e+01
1.032485514744566046e+01
1.036009356091817146e+01
1.039533197439068246e+01
1.043057038786319168e+01
1.046580880133570446e+01
1.050104721480821368e+01
1.053628562828072290e+01
1.057152404175323568e+01
1.060676245522574490e+01
1.064200086869825768e+01
1.067723928217076690e+01
1.071247769564327967e+01
1.074771610911578890e+01
1.078295452258829989e+01
1.081819293606081089e+01
1.085343134953332189e+01
1.088866976300583111e+01
1.092390817647834389e+01
1.095914658995085311e+01
1.099438500342336589e+01
1.102962341689587511e+01
1.106486183036838788e+01
1.110010024384089711e+01
1.113533865731340811e+01
1.117057707078591910e+01
1.120581548425843010e+01
1.124105389773093933e+01
1.127629231120345210e+01
1.131153072467596132e+01
1.134676913814847410e+01
1.138200755162098332e+01
1.141724596509349610e+01
1.145248437856600532e+01
1.148772279203851809e+01
1.152296120551102732e+01
1.155819961898353654e+01
1.159343803245604931e+01
1.162867644592855854e+01
1.166391485940107131e+01
1.169915327287358053e+01
1.173439168634609331e+01
1.176963009981860253e+01
1.180486851329111531e+01
1.184010692676362453e+01
1.187534534023613730e+01
1.191058375370864653e+01
1.194582216718115752e+01
1.198106058065366852e+01
1.201629899412617952e+01
1.205153740759868874e+01
1.208677582107119974e+01
1.212201423454371074e+01
1.215725264801621996e+01
1.219249106148873274e+01
1.222772947496124196e+01
1.226296788843375474e+01
1.229820630190626396e+01
1.233344471537877673e+01
1.236868312885128596e+01
1.240392154232379696e+01
1.243915995579630795e+01
1.247439836926881895e+01
1.250963678274132818e+01
1.254487519621384095e+01
1.258011360968635017e+01
1.261535202315886295e+01
1.265059043663137217e+01
1.268582885010388495e+01
1.272106726357639417e+01
1.275630567704890517e+01
1.279154409052141617e+01
1.282678250399392716e+01
1.286202091746643639e+01
1.289725933093894916e+01
1.293249774441145838e+01
1.296773615788397116e+01
1.300297457135648038e+01
1.303821298482898960e+01
1.307345139830150238e+01
1.310868981177401160e+01
1.314392822524652438e+01
1.317916663871903360e+01
1.321440505219154637e+01
1.324964346566405560e+01
1.328488187913656660e+01
1.332012029260907759e+01
1.335535870608158859e+01
1.339059711955409782e+01
1.342583553302661059e+01
1.346107394649911981e+01
1.349631235997163259e+01
1.353155077344414181e+01
1.356678918691665459e+01
1.360202760038916381e+01
1.363726601386167481e+01
1.367250442733418581e+01
1.370774284080669680e+01
1.374298125427920603e+01
1.377821966775171880e+01
1.381345808122422802e+01
1.384869649469674080e+01
1.388393490816925002e+01
1.391917332164176280e+01
1.395441173511427202e+01
1.398965014858678302e+01
1.402488856205929402e+01
1.406012697553180324e+01
1.409536538900431424e+01
1.413060380247682524e+01
1.416584221594933624e+01
1.420108062942184546e+01
1.423631904289435823e+01
1.427155745636686746e+01
1.430679586983938023e+01
1.434203428331188945e+01
1.437727269678440223e+01
1.441251111025691145e+01
1.444774952372942423e+01
1.448298793720193345e+01
1.451822635067444445e+01
1.455346476414695545e+01
1.458870317761946644e+01
1.462394159109197567e+01
1.465918000456448844e+01
1.469441841803699766e+01
1.472965683150951044e+01
1.476489524498201966e+01
1.480013365845453244e+01
1.483537207192704166e+01
1.487061048539955266e+01
1.490584889887206366e+01
1.494108731234457466e+01
1.497632572581708388e+01
1.501156413928959665e+01
1.504680255276210588e+01
1.508204096623461510e+01
1.511727937970712787e+01
1.515251779317963710e+01
1.518775620665214987e+01
1.522299462012465909e+01
1.525823303359717187e+01
1.529347144706968109e+01
1.532870986054219209e+01
1.536394827401470309e+01
1.539918668748721409e+01
1.543442510095972331e+01
1.546966351443223608e+01
1.550490192790474531e+01
1.554014034137725808e+01
1.557537875484976730e+01
1.561061716832228008e+01
1.564585558179478930e+01
1.568109399526730208e+01
1.571633240873981130e+01
1.575157082221232230e+01
1.578680923568483330e+01
1.582204764915734430e+01
1.585728606262985352e+01
1.589252447610236629e+01
1.592776288957487552e+01
1.596300130304738829e+01
1.599823971651989751e+01
1.603347812999241029e+01
1.606871654346491951e+01
1.610395495693742873e+01
1.613919337040994151e+01
1.617443178388245073e+01
1.620967019735496351e+01
1.624490861082747273e+01
1.628014702429998550e+01
1.631538543777249473e+01
1.635062385124500750e+01
1.638586226471751672e+01
1.642110067819002595e+01
1.645633909166253872e+01
1.649157750513504794e+01
1.652681591860755717e+01
1.656205433208006994e+01
1.659729274555257916e+01
1.663253115902509194e+01
1.666776957249760116e+01
1.670300798597011394e+01
1.673824639944262316e+01
1.677348481291513593e+01
1.680872322638764516e+01
1.684396163986015793e+01
1.687920005333266715e+01
1.691443846680517993e+01
1.694967688027768915e+01
1.698491529375020193e+01
1.702015370722271115e+01
1.705539212069522037e+01
1.709063053416773315e+01
1.712586894764024237e+01
1.716110736111275514e+01
1.719634577458526437e+01
1.723158418805777359e+01
1.726682260153028636e+01
1.730206101500279559e+01
1.733729942847530481e+01
1.737253784194781758e+01
1.740777625542032681e+01
1.744301466889283958e+01
1.747825308236534880e+01
1.751349149583786158e+01
1.754872990931037080e+01
1.758396832278288358e+01
1.761920673625539280e+01
1.765444514972790557e+01
1.768968356320041480e+01
1.772492197667292757e+01
1.776016039014543679e+01
1.779539880361794957e+01
1.783063721709045879e+01
1.786587563056297157e+01
1.790111404403548079e+01
1.793635245750799356e+01
1.797159087098050279e+01
1.800682928445301201e+01
1.804206769792552478e+01
1.807730611139803401e+01
1.811254452487054323e+01
1.814778293834305600e+01
1.818302135181556523e+01
1.821825976528807445e+01
1.825349817876058722e+01
1.828873659223309645e+01
1.832397500570560922e+01
1.835921341917811844e+01
1.839445183265063122e+01
1.842969024612314044e+01
1.846492865959565322e+01
1.850016707306816244e+01
1.853540548654067521e+01
1.857064390001318444e+01
1.860588231348569721e+01
1.864112072695820643e+01
1.867635914043071921e+01
1.871159755390322843e+01
1.874683596737574121e+01
1.878207438084825043e+01
1.881731279432076320e+01
1.885255120779327243e+01
1.888778962126578165e+01
1.892302803473829442e+01
1.895826644821080365e+01
1.899350486168331287e+01
1.902874327515582564e+01
1.906398168862833487e+01
1.909922010210084409e+01
1.913445851557335686e+01
1.916969692904586609e+01
1.920493534251837886e+01
1.924017375599088808e+01
1.927541216946340086e+01
1.931065058293591008e+01
1.934588899640842286e+01
1.938112740988093208e+01
1.941636582335344485e+01
1.945160423682595408e+01
1.948684265029846685e+01
1.952208106377097607e+01
1.955731947724348885e+01
1.959255789071599807e+01
1.962779630418851085e+01
1.966303471766102007e+01
1.969827313113352929e+01
1.973351154460604207e+01
1.976874995807855129e+01
1.980398837155106051e+01
1.983922678502357329e+01
1.987446519849608251e+01
1.990970361196859528e+01
1.994494202544110451e+01
1.998018043891361728e+01
2.001541885238612650e+01
2.005065726585863572e+01
2.008589567933114850e+01
2.012113409280365772e+01
2.015637250627617050e+01
2.019161091974867972e+01
2.022684933322119250e+01
2.026208774669370172e+01
2.029732616016621449e+01
2.033256457363872372e+01
2.036780298711123649e+01
2.040304140058374571e+01
2.043827981405625849e+01
2.047351822752876771e+01
2.050875664100128049e+01
2.054399505447378971e+01
2.057923346794629893e+01
2.061447188141881171e+01
2.064971029489132093e+01
2.068494870836383015e+01
2.072018712183634293e+01
2.075542553530885215e+01
2.079066394878136492e+01
2.082590236225387414e+01
2.086114077572638692e+01
2.089637918919889970e+01
2.093161760267140892e+01
2.096685601614391814e+01
2.100209442961643447e+01
2.103733284308894369e+01
2.107257125656145291e+01
2.110780967003396213e+01
2.114304808350647136e+01
2.117828649697898769e+01
2.121352491045149691e+01
2.124876332392400613e+01
2.128400173739651535e+01
2.131924015086902813e+01
2.135447856434153735e+01
2.138971697781405013e+01
2.142495539128655935e+01
2.146019380475907212e+01
2.149543221823158134e+01
2.153067063170409057e+01
2.156590904517659979e+01
2.160114745864911612e+01
2.163638587212162534e+01
2.167162428559413456e+01
2.170686269906664378e+01
2.174210111253916011e+01
2.177733952601166934e+01
2.181257793948417856e+01
2.184781635295668778e+01
2.188305476642920411e+01
2.191829317990171333e+01
2.195353159337422255e+01
2.198877000684673177e+01
2.202400842031924455e+01
2.205924683379175377e+01
2.209448524726426655e+01
2.212972366073677577e+01
2.216496207420928499e+01
2.220020048768179777e+01
2.223543890115430699e+01
2.227067731462681621e+01
2.230591572809932899e+01
2.234115414157184176e+01
2.237639255504435098e+01
2.241163096851686021e+01
2.244686938198936943e+01
2.248210779546188576e+01
2.251734620893439498e+01
2.255258462240690420e+01
2.258782303587941342e+01
2.262306144935192975e+01
2.265829986282443897e+01
2.269353827629694820e+01
2.272877668976945742e+01
2.276401510324197375e+01
2.279925351671448297e+01
2.283449193018699219e+01
2.286973034365950141e+01
2.290496875713201419e+01
2.294020717060452341e+01
2.297544558407703619e+01
2.301068399754954541e+01
2.304592241102205818e+01
2.308116082449456741e+01
2.311639923796707663e+01
2.315163765143958585e+01
2.318687606491209863e+01
2.322211447838461140e+01
2.325735289185711707e+01
2.329259130532962985e+01
2.332782971880214262e+01
2.336306813227465184e+01
2.339830654574716107e+01
2.343354495921967029e+01
2.346878337269218662e+01
2.350402178616469584e+01
2.353926019963720506e+01
2.357449861310971428e+01
2.360973702658223061e+01
2.364497544005473983e+01
2.368021385352724906e+01
2.371545226699975828e+01
2.375069068047227461e+01
2.378592909394478383e+01
2.382116750741729305e+01
2.385640592088980227e+01
2.389164433436231505e+01
2.392688274783482427e+01
2.396212116130733705e+01
2.399735957477984627e+01
2.403259798825235904e+01
2.406783640172486827e+01
2.410307481519737749e+01
2.413831322866988671e+01
2.417355164214239949e+01
2.420879005561491226e+01
2.424402846908742148e+01
2.427926688255993071e+01
2.431450529603243993e+01
2.434974370950495626e+01
2.438498212297746548e+01
2.442022053644997470e+01
2.445545894992248392e+01
2.449069736339500025e+01
2.452593577686750947e+01
2.456117419034001870e+01
2.459641260381252792e+01
2.463165101728504069e+01
2.466688943075755347e+01
2.470212784423006269e+01
2.473736625770257191e+01
2.477260467117508469e+01
2.480784308464759391e+01
2.484308149812010313e+01
2.487831991159261591e+01
2.491355832506512868e+01
2.494879673853763791e+01
2.498403515201014713e+01
2.501927356548265635e+01
2.505451197895517268e+01
2.508975039242768190e+01
2.512498880590019112e+01
2.516022721937270035e+01
2.519546563284520957e+01
2.523070404631772590e+01
2.526594245979023512e+01
2.530118087326274434e+01
2.533641928673525356e+01
2.537165770020776989e+01
2.540689611368027911e+01
2.544213452715278834e+01
2.547737294062529756e+01
2.551261135409781033e+01
2.554784976757032311e+01
2.558308818104283233e+01
2.561832659451534155e+01
2.565356500798785433e+01
2.568880342146036355e+01
2.572404183493287277e+01
2.575928024840538555e+01
2.579451866187789832e+01
2.582975707535040755e+01
2.586499548882291677e+01
2.590023390229542599e+01
2.593547231576794232e+01
2.597071072924045154e+01
2.600594914271296076e+01
2.604118755618546999e+01
2.607642596965797921e+01
2.611166438313049554e+01
2.614690279660300476e+01
2.618214121007551398e+01
2.621737962354802320e+01
2.625261803702053953e+01
2.628785645049304875e+01
2.632309486396555798e+01
2.635833327743806720e+01
2.639357169091057997e+01
2.642881010438309275e+01
2.646404851785560197e+01
2.649928693132811119e+01
2.653452534480062397e+01
2.656976375827313319e+01
2.660500217174564241e+01
2.664024058521815519e+01
2.667547899869066796e+01
2.671071741216317719e+01
2.674595582563568641e+01
2.678119423910819563e+01
2.681643265258071196e+01
2.685167106605322118e+01
2.688690947952573040e+01
2.692214789299823963e+01
2.695738630647075595e+01
2.699262471994326518e+01
2.702786313341577440e+01
2.706310154688828362e+01
2.709833996036079284e+01
2.713357837383330917e+01
2.716881678730581839e+01
2.720405520077832762e+01
2.723929361425083684e+01
2.727453202772334961e+01
2.730977044119585884e+01
2.734500885466837161e+01
2.738024726814088083e+01
2.741548568161339361e+01
2.745072409508590283e+01
2.748596250855841205e+01
2.752120092203092128e+01
2.755643933550343760e+01
2.759167774897594683e+01
2.762691616244845605e+01
2.766215457592096527e+01
2.769739298939348160e+01
2.773263140286599082e+01
2.776786981633850004e+01
2.780310822981100927e+01
2.783834664328352559e+01
2.787358505675603482e+01
2.790882347022854404e+01
2.794406188370105326e+01
2.797930029717356604e+01
2.801453871064607881e+01
2.804977712411858803e+01
2.808501553759109726e+01
2.812025395106360648e+01
2.815549236453611925e+01
2.819073077800862848e+01
2.822596919148114125e+01
2.826120760495365047e+01
2.829644601842616325e+01
2.833168443189867247e+01
2.836692284537118169e+01
2.840216125884369092e+01
2.843739967231620724e+01
2.847263808578871647e+01
2.850787649926122569e+01
2.854311491273373491e+01
2.857835332620625124e+01
2.861359173967876046e+01
2.864883015315126968e+01
2.868406856662377891e+01
2.871930698009629523e+01
2.875454539356880446e+01
2.878978380704131368e+01
2.882502222051382290e+01
2.886026063398633568e+01
2.889549904745884845e+01
2.893073746093135767e+01
2.896597587440386690e+01
2.900121428787637967e+01
2.903645270134888889e+01
2.907169111482139812e+01
2.910692952829391089e+01
2.914216794176642011e+01
2.917740635523893289e+01
2.921264476871144211e+01
2.924788318218395133e+01
2.928312159565646056e+01
2.931836000912897688e+01
2.935359842260148611e+01
2.938883683607399533e+01
2.942407524954650455e+01
2.945931366301902088e+01
2.949455207649153010e+01
2.952979048996403932e+01
2.956502890343654855e+01
2.960026731690906487e+01
2.963550573038157410e+01
2.967074414385408332e+01
2.970598255732659254e+01
2.974122097079910532e+01
2.977645938427161454e+01
2.981169779774412731e+01
2.984693621121663654e+01
2.988217462468914931e+01
2.991741303816165853e+01
2.995265145163416776e+01
2.998788986510667698e+01
3.002312827857919331e+01
3.005836669205170253e+01
3.009360510552421175e+01
3.012884351899672097e+01
3.016408193246923020e+01
3.019932034594174652e+01
3.023455875941425575e+01
3.026979717288676497e+01
3.030503558635927419e+01
3.034027399983179052e+01
3.037551241330429974e+01
3.041075082677680896e+01
3.044598924024931819e+01
3.048122765372183451e+01
3.051646606719434374e+01
3.055170448066685296e+01
3.058694289413936218e+01
3.062218130761187496e+01
3.065741972108438418e+01
3.069265813455689695e+01
3.072789654802940618e+01
3.076313496150191895e+01
3.079837337497442817e+01
3.083361178844693740e+01
3.086885020191944662e+01
3.090408861539196295e+01
3.093932702886447217e+01
3.097456544233698139e+01
3.100980385580949061e+01
3.104504226928200694e+01
3.108028068275451616e+01
3.111551909622702539e+01
3.115075750969953461e+01
3.118599592317204383e+01
3.122123433664456016e+01
3.125647275011706938e+01
3.129171116358957860e+01
3.132694957706208783e+01
3.136218799053460415e+01
3.139742640400711338e+01
3.143266481747962260e+01
3.146790323095213182e+01
3.150314164442464460e+01
3.153838005789715382e+01
3.157361847136966659e+01
3.160885688484217582e+01
3.164409529831468859e+01
3.167933371178719781e+01
3.171457212525970704e+01
3.174981053873221626e+01
3.178504895220473259e+01
3.182028736567724181e+01
3.185552577914975103e+01
3.189076419262226025e+01
3.192600260609477658e+01
3.196124101956728580e+01
3.199647943303979503e+01
3.203171784651230780e+01
3.206695625998482058e+01
3.210219467345732625e+01
3.213743308692983902e+01
3.217267150040234469e+01
3.220790991387485747e+01
3.224314832734737024e+01
3.227838674081988302e+01
3.231362515429238869e+01
3.234886356776490146e+01
3.238410198123741424e+01
3.241934039470992701e+01
3.245457880818243268e+01
3.248981722165494546e+01
3.252505563512745823e+01
3.256029404859997101e+01
3.259553246207247668e+01
3.263077087554498945e+01
3.266600928901750223e+01
3.270124770249001500e+01
3.273648611596252067e+01
3.277172452943503345e+01
3.280696294290754622e+01
3.284220135638005189e+01
3.287743976985256467e+01
3.291267818332507744e+01
3.294791659679759022e+01
3.298315501027009589e+01
3.301839342374260866e+01
3.305363183721511433e+01
3.308887025068762711e+01
3.312410866416013988e+01
3.315934707763265266e+01
3.319458549110515833e+01
3.322982390457767110e+01
3.326506231805018388e+01
3.330030073152269665e+01
3.333553914499520232e+01
3.337077755846771510e+01
3.340601597194022787e+01
3.344125438541274065e+01
3.347649279888524632e+01
3.351173121235775909e+01
3.354696962583027187e+01
3.358220803930277754e+01
3.361744645277529031e+01
3.365268486624780309e+01
3.368792327972031586e+01
3.372316169319282153e+01
3.375840010666533431e+01
3.379363852013783998e+01
3.382887693361035986e+01
3.386411534708286553e+01
3.389935376055537830e+01
3.393459217402788397e+01
3.396983058750040385e+01
3.400506900097290952e+01
3.404030741444542230e+01
3.407554582791792797e+01
3.411078424139044074e+01
3.414602265486295352e+01
3.418126106833546629e+01
3.421649948180797196e+01
3.425173789528048474e+01
3.428697630875299751e+01
3.432221472222551029e+01
3.435745313569801596e+01
3.439269154917052873e+01
3.442792996264304151e+01
3.446316837611554718e+01
3.449840678958805995e+01
3.453364520306057273e+01
3.456888361653308550e+01
3.460412203000559117e+01
3.463936044347810395e+01
3.467459885695060962e+01
3.470983727042312950e+01
3.474507568389563517e+01
3.478031409736814794e+01
3.481555251084065361e+01
3.485079092431317349e+01
3.488602933778567916e+01
3.492126775125819194e+01
3.495650616473069761e+01
3.499174457820321749e+01
3.502698299167572316e+01
3.506222140514823593e+01
3.509745981862074160e+01
3.513269823209325438e+01
3.516793664556576715e+01
3.520317505903827993e+01
