0.000000000000000000e+00
2.590964554544234984e-05
1.035850126629148571e-04
2.329197853203473503e-04
4.137731039880546417e-04
6.459696774692999868e-04
9.292999205824556104e-04
1.263520117577669353e-03
1.648352611148466967e-03
2.083486016877037373e-03
2.568575462929720190e-03
3.103242854797910386e-03
3.687077164857735078e-03
4.319634746500830048e-03
5.000439672567340114e-03
5.728984097791728174e-03
6.504728644951217852e-03
7.327102814386616571e-03
8.195505416545493041e-03
9.109305027177922939e-03
1.006784046479618742e-02
1.107042128999057885e-02
1.211632832617545209e-02
1.320481420132141315e-02
1.433510391021244543e-02
1.550639539674860887e-02
1.671786015579961385e-02
1.796864385409768783e-02
1.925786696964245509e-02
2.058462544907528613e-02
2.194799138246700601e-02
2.334701369494669027e-02
2.478071885458812962e-02
2.624811159595557067e-02
2.774817565869894254e-02
2.927987454057660172e-02
3.084215226427338558e-02
3.243393415736789409e-02
3.405412764479889137e-02
3.570162305316384316e-02
3.737529442618048314e-02
3.907400035062976590e-02
4.079658479209385263e-02
4.254187793979335303e-02
4.430869705982452833e-02
4.609584735609056211e-02
4.790212283821357331e-02
4.972630719571626001e-02
5.156717467775047414e-02
5.342349097765462101e-02
5.529401412161290275e-02
5.717749536069521160e-02
5.907268006554779183e-02
6.097830862301106825e-02
6.289311733393795900e-02
6.481583931148814093e-02
6.674520537917620622e-02
6.867994496795319648e-02
7.061878701160345662e-02
7.256046083974651562e-02
7.450369706773084244e-02
7.644722848271996718e-02
7.838979092527086079e-02
8.033012416571171099e-02
8.226697277463744518e-02
8.419908698684311354e-02
8.612522355802657015e-02
8.804414661360157601e-02
8.995462848896734753e-02
9.185545056059711555e-02
9.374540406730935693e-02
9.562329092110914697e-02
9.748792450698316736e-02
9.933813047105825855e-02
1.011727474965356532e-01
1.029906280668311663e-01
1.047906392153642174e-01
1.065716632614498449e-01
1.083325985317665913e-01
1.100723600668837010e-01
1.117898803123484053e-01
1.134841097938499022e-01
1.151540177759907274e-01
1.167985929042136412e-01
1.184168438294482539e-01
1.200077998150626546e-01
1.215705113257087439e-01
1.231040505976904037e-01
1.246075121904800659e-01
1.260800135190328908e-01
1.275206953665805887e-01
1.289287223775783253e-01
1.303032835305226456e-01
1.316435925903639559e-01
1.329488885402524134e-01
1.342184359923883352e-01
1.354515255777560823e-01
1.366474743145459081e-01
1.378056259550808071e-01
1.389253513110948191e-01
1.400060485572188207e-01
1.410471435125548456e-01
1.420480899002388719e-01
1.430083695849074799e-01
1.439274927880114519e-01
1.448049982809262171e-01
1.456404535558414870e-01
1.464334549744234770e-01
1.471836278942599552e-01
1.478906267731313895e-01
1.485541352511452196e-01
1.491738662108186841e-01
1.497495618151898356e-01
1.502809935240635164e-01
1.507679620885231386e-01
1.512102975238451275e-01
1.516078590609774290e-01
1.519605350767601060e-01
1.522682430030804779e-01
1.525309292151761920e-01
1.527485688993098223e-01
1.529211659000574153e-01
1.530487525474746036e-01
1.531313894644068252e-01
1.531691653542395781e-01
1.531621967693847230e-01
1.531106278608266036e-01
1.530146301090538064e-01
1.528744020367254208e-01
1.526901689034258769e-01
1.524621823828810618e-01
1.521907202230146916e-01
1.518760858892423127e-01
1.515186081914046967e-01
1.511186408947567117e-01
1.506765623154414369e-01
1.501927749008794277e-01
1.496677047955225770e-01
1.491018013924240715e-01
1.484955368710876578e-01
1.478494057220695879e-01
1.471639242588028140e-01
1.464396301171369541e-01
1.456770817430796949e-01
1.448768578692375686e-01
1.440395569804574782e-01
1.431657967691805367e-01
1.422562135810125084e-01
1.413114618510318832e-01
1.403322135313529173e-01
1.393191575104646140e-01
1.382729990248696694e-01
1.371944590635507666e-01
1.360842737657911028e-01
1.349431938128757003e-01
1.337719838142049922e-01
1.325714216883483454e-01
1.313422980395655693e-01
1.300854155303214910e-01
1.288015882503246168e-01
1.274916410826091584e-01
1.261564090671827842e-01
1.247967367627594165e-01
1.234134776070933415e-01
1.220074932764223102e-01
1.205796530445334414e-01
1.191308331419488747e-01
1.176619161157316101e-01
1.161737901904066755e-01
1.146673486304786438e-01
1.131434891050331903e-01
1.116031130548906375e-01
1.100471250627842318e-01
1.084764322270202475e-01
1.068919435390705691e-01
1.052945692655524873e-01
1.036852203350177026e-01
1.020648077299899648e-01
1.004342418846679574e-01
9.879443208869961857e-02
9.714628589743631859e-02
9.549070854904842531e-02
9.382860238889573212e-02
9.216086630151136549e-02
9.048839515057108263e-02
8.881207922719237813e-02
8.713280370690477949e-02
8.545144811562140064e-02
8.376888580492532210e-02
8.208598343698814137e-02
8.040360047939934529e-02
7.872258871020658411e-02
7.704379173342816578e-02
7.536804450530434907e-02
7.369617287153042151e-02
7.202899311571481222e-02
7.036731151927916317e-02
6.871192393302127943e-02
6.706361536053244421e-02
6.542315955366624636e-02
6.379131862022706378e-02
6.216884264404839988e-02
6.055646931760819834e-02
5.895492358732481314e-02
5.736491731165576508e-02
5.578714893212156217e-02
5.422230315735100670e-02
5.267105066024373172e-02
5.113404778832818243e-02
4.961193628738119754e-02
4.810534303836582620e-02
4.661487980773260792e-02
4.514114301111456923e-02
4.368471349043882845e-02
4.224615630446310749e-02
4.082602053273594322e-02
3.942483909297012784e-02
3.804312857180139340e-02
3.668138906890478640e-02
3.534010405441710689e-02
3.401974023961529953e-02
3.272074746078473123e-02
3.144355857619898081e-02
3.018858937613204049e-02
2.895623850580111153e-02
2.774688740114360230e-02
2.656090023730911173e-02
2.539862388974752430e-02
2.426038790776179066e-02
2.314650450038686913e-02
2.205726853444605479e-02
2.099295754462960142e-02
1.995383175543521265e-02
1.894013411479450806e-02
1.795209033921323083e-02
1.698990897023758273e-02
1.605378144205386881e-02
1.514388216002723886e-02
1.426036858997319426e-02
1.340338135794999670e-02
1.257304436036231314e-02
1.176946488414648724e-02
1.099273373682063334e-02
1.024292538616067630e-02
9.520098109272017925e-03
8.824294150815256005e-03
8.155539890141548856e-03
7.513846017091445686e-03
6.899207716205741497e-03
6.311604859094353120e-03
5.751002204705521481e-03
5.217349607237061447e-03
4.710582231426382015e-03
4.230620774955395902e-03
3.777371697705150452e-03
3.350727457591452102e-03
2.950566752713138733e-03
2.576754769543289445e-03
2.229143436892160740e-03
1.907571685370278158e-03
1.611865712080754257e-03
1.341839250268524056e-03
1.097293843654668531e-03
8.780191251854448662e-04
6.837930999244668439e-04
5.143824318187708135e-04
3.695427340700986455e-04
2.490188628440984098e-04
1.525452140507636020e-04
7.984602293317374607e-05
3.063566620093101015e-05
4.618966449123284696e-06
1.491498604320946554e-06
2.093989814238133960e-05
6.264217082528352571e-05
1.262680037070390072e-04
2.114790771618518448e-04
3.179293776906208556e-04
4.452655112655765058e-04
5.931270169757747778e-04
7.611466807406328970e-04
9.489508488613962673e-04
1.156159741185486603e-03
1.382387763661464255e-03
1.627243820067713611e-03
1.890331622701338712e-03
2.171250001818740907e-03
2.469593213623101809e-03
2.784951246599195410e-03
3.116910126001310594e-03
3.465052216302146916e-03
3.828956521419342278e-03
4.208198982536987334e-03
4.602352773348827343e-03
5.010988592550445417e-03
5.433674953416527467e-03
5.869978470302110278e-03
6.319464141913803089e-03
6.781695631199425103e-03
7.256235541713573073e-03
7.742645690318246399e-03
8.240487376085351562e-03
8.749321645273165637e-03
9.268709552251550021e-03
9.798212416260682761e-03
1.033739207388893917e-02
1.088581112716299412e-02
1.144303318714984599e-02
1.200862311297254403e-02
1.258214724614938225e-02
1.316317364017156009e-02
1.375127228523656889e-02
1.434601532806521404e-02
1.494697728672835652e-02
1.555373526042332262e-02
1.616586913413521967e-02
1.678296177813230067e-02
1.740459924224363117e-02
1.803037094487607711e-02
1.865986985672830542e-02
1.929269267917087943e-02
1.992844001725804434e-02
2.056671654734892885e-02
2.120713117931727690e-02
2.184929721333070396e-02
2.249283249119233413e-02
2.313735954223391372e-02
2.378250572375997102e-02
2.442790335604258165e-02
2.507318985187421967e-02
2.571800784068734025e-02
2.636200528725432188e-02
2.700483560498561503e-02
2.764615776384891574e-02
2.828563639293045148e-02
2.892294187767383007e-02
2.955775045182114369e-02
3.018974428409794408e-02
3.081861155967888580e-02
3.144404655647535518e-02
3.206574971629319593e-02
3.268342771090511356e-02
3.329679350309445313e-02
3.390556640271851635e-02
3.450947211785262980e-02
3.510824280107377460e-02
3.570161709094257785e-02
3.628934014875332542e-02
3.687116369061445298e-02
3.744684601492990345e-02
3.801615202535154475e-02
3.857885324927851772e-02
3.913472785197381898e-02
3.968356064637825614e-02
4.022514309869751337e-02
4.075927332984628781e-02
4.128575611282400692e-02
4.180440286611212392e-02
4.231503164317340637e-02
4.281746711813565892e-02
4.331154056775382566e-02
4.379708984972882635e-02
4.427395937747870963e-02
4.474200009144475160e-02
4.520106942702813158e-02
4.565103127924319965e-02
4.609175596417881826e-02
4.652312017736082855e-02
4.694500694910600652e-02
4.735730559695851966e-02
4.775991167530269088e-02
4.815272692224407264e-02
4.853565920384907834e-02
4.890862245583733198e-02
4.927153662281884283e-02
4.962432759516740427e-02
4.996692714361927051e-02
5.029927285169503298e-02
5.062130804602778950e-02
5.093298172469306467e-02
5.123424848363027778e-02
5.152506844124105090e-02
5.180540716125838635e-02
5.207523557397086139e-02
5.233452989589062326e-02
5.258327154795145592e-02
5.282144707232201697e-02
5.304904804791960721e-02
5.326607100470611561e-02
5.347251733685422920e-02
5.366839321485671055e-02
5.385370949666856005e-02
5.402848163795363062e-02
5.419272960152097390e-02
5.434647776602050812e-02
5.448975483398161429e-02
5.462259373926187100e-02
5.474503155398444121e-02
5.485710939503395805e-02
5.495887233018042356e-02
5.505036928390242418e-02
5.513165294297590890e-02
5.520277966189536534e-02
5.526380936819239031e-02
5.531480546771466722e-02
5.535583474992811920e-02
5.538696729330091356e-02
5.540827637083164253e-02
5.541983835577451306e-02
5.542173262762231656e-02
5.541404147839761041e-02
5.539685001930798325e-02
5.537024608781439261e-02
5.533432015516390190e-02
5.528916523443579145e-02
5.523487678914414806e-02
5.517155264244733709e-02
5.509929288700313871e-02
5.501819979551609424e-02
5.492837773201290907e-02
5.482993306388962013e-02
5.472297407476528486e-02
5.460761087817888465e-02
5.448395533216428277e-02
5.435212095473577337e-02
5.421222284031761152e-02
5.406437757714423198e-02
5.390870316566409581e-02
5.374531893797044463e-02
5.357434547828885535e-02
5.339590454454118396e-02
5.321011899101481951e-02
5.301711269215295813e-02
5.281701046749160550e-02
5.260993800775799756e-02
5.239602180215207489e-02
5.217538906682384070e-02
5.194816767456419959e-02
5.171448608572368905e-02
5.147447328036715286e-02
5.122825869168390334e-02
5.097597214065622412e-02
5.071774377199944617e-02
5.045370399137961981e-02
5.018398340391894835e-02
4.990871275398944124e-02
4.962802286630579179e-02
4.934204458831646656e-02
4.905090873389858497e-02
4.875474602835658949e-02
4.845368705472662130e-02
4.814786220138658757e-02
4.783740161097044252e-02
4.752243513058376084e-02
4.720309226332083247e-02
4.687950212107724890e-02
4.655179337865265193e-02
4.622009422914204191e-02
4.588453234060797803e-02
4.554523481402407425e-02
4.520232814248770215e-02
4.485593817169065967e-02
4.450619006163955560e-02
4.415320824961654900e-02
4.379711641437118719e-02
4.343803744153292012e-02
4.307609339023150963e-02
4.271140546091596601e-02
4.234409396435880046e-02
4.197427829183285330e-02
4.160207688644869395e-02
4.122760721563763914e-02
4.085098574476681010e-02
4.047232791187413414e-02
4.009174810350552010e-02
3.970935963164033689e-02
3.932527471169110916e-02
3.893960444155994405e-02
3.855245878173690216e-02
3.816394653642377066e-02
3.777417533566620328e-02
3.738325161847937811e-02
3.699128061694752223e-02
3.659836634128281474e-02
3.620461156582503032e-02
3.581011781596481203e-02
3.541498535597289304e-02
3.501931317771835028e-02
3.462319899025696757e-02
3.422673921027309663e-02
3.383002895335530946e-02
3.343316202609101367e-02
3.303623091895747932e-02
3.263932679999702324e-02
3.224253950925178719e-02
3.184595755394586253e-02
3.144966810439295268e-02
3.105375699061399541e-02
3.065830869964410871e-02
3.026340637351423654e-02
2.986913180788704908e-02
2.947556545133010741e-02
2.908278640521017727e-02
2.869087242418740663e-02
2.829989991729672458e-02
2.790994394959498553e-02
2.752107824435886738e-02
2.713337518581578067e-02
2.674690582239116349e-02
2.636173987045465142e-02
2.597794571854987120e-02
2.559559043208967793e-02
2.521473975850165375e-02
2.483545813280811296e-02
2.445780868362327706e-02
2.408185323955340865e-02
2.370765233598351451e-02
2.333526522223547395e-02
2.296474986908245836e-02
2.259616297660561532e-02
2.222955998237612779e-02
2.186499506995125131e-02
2.150252117766715890e-02
2.114219000771704049e-02
2.078405203549913566e-02
2.042815651922138057e-02
2.007455150975029703e-02
1.972328386069002390e-02
1.937439923867920188e-02
1.902794213389328443e-02
1.868395587073963526e-02
1.834248261873338420e-02
1.800356340354246354e-02
1.766723811819009143e-02
1.733354553440340923e-02
1.700252331409743412e-02
1.667420802098296823e-02
1.634863513228860393e-02
1.602583905058585501e-02
1.570585311570800793e-02
1.538870961675197109e-02
1.507443980415499631e-02
1.476307390183552101e-02
1.445464111938941747e-02
1.414916966433368666e-02
1.384668675438806978e-02
1.354721862978675896e-02
1.325079056561116048e-02
1.295742688413807110e-02
1.266715096719270121e-02
1.237998526850188179e-02
1.209595132603813288e-02
1.181506977434949000e-02
1.153736035686696478e-02
1.126284193818420133e-02
1.099153251630229262e-02
1.072344923483489233e-02
1.045860839516592720e-02
1.019702546855657567e-02
9.938715108194681389e-03
9.683691161181498183e-03
9.431966680451838933e-03
9.183553936621593333e-03
8.938464429759122518e-03
8.696708901075846793e-03
8.458297344531122419e-03
8.223239018349299753e-03
7.991542456442816619e-03
7.763215479740058836e-03
7.538265207412853108e-03
7.316698068001404806e-03
7.098519810433109693e-03
6.883735514932850033e-03
6.672349603821283066e-03
6.464365852199794801e-03
6.259787398518562064e-03
6.058616755026227478e-03
5.860855818099030244e-03
5.666505878447115896e-03
5.475567631197070934e-03
5.288041185847864277e-03
5.103926076100336051e-03
4.923221269557138957e-03
4.745925177293777546e-03
4.572035663297775547e-03
4.401550053776945304e-03
4.234465146334278653e-03
4.070777219010429833e-03
3.910482039191432932e-03
3.753574872382867741e-03
3.600050490849096216e-03
3.449903182117902180e-03
3.303126757350038131e-03
3.159714559573919418e-03
3.019659471785789313e-03
2.882953924914861445e-03
2.749589905654205042e-03
2.619558964158219105e-03
2.492852221605842012e-03
2.369460377631511013e-03
2.249373717623432290e-03
2.132582119890683806e-03
2.019075062699219464e-03
1.908841631178150641e-03
1.801870524097198053e-03
1.698150060516008921e-03
1.597668186306854064e-03
1.500412480551551690e-03
1.406370161813781661e-03
1.315528094288428464e-03
1.227872793828884866e-03
1.143390433853804867e-03
1.062066851134855702e-03
9.838875514668104973e-04
9.088377152215512678e-04
8.369022027876314588e-04
7.680655598967358125e-04
7.023120228391755045e-04
6.396255235695453602e-04
5.799896947047141578e-04
5.233878744157117622e-04
4.698031112152436942e-04
4.192181686429735654e-04
3.716155298499259772e-04
3.269774020843519758e-04
2.852857210807771505e-04
2.465221553540745980e-04
2.106681104006125982e-04
1.777047328085321900e-04
1.476129142788932169e-04
1.203732955599176531e-04
9.596627029629761470e-05
7.437198879545119470e-05
5.557036171297421404e-05
3.954106365920975958e-05
2.626353672902893710e-05
1.571699395688918991e-05
7.880422699240521189e-06
2.732587946357004482e-06
2.520355656837212145e-07
4.170954787503150234e-07
3.205884773768700836e-06
8.596310755975172427e-06
1.656607393779543116e-05
2.709267097092706079e-05
4.015339752238663760e-05
5.572535109662835929e-05
7.378543380571446692e-05
9.431035508971572509e-05
1.172766343892813205e-04
1.426606037724483986e-04
1.704384105177414877e-04
2.005860196555348700e-04
2.330792164697304556e-04
2.678936089617651875e-04
3.050046302786890446e-04
3.443875411077541252e-04
3.860174320389254694e-04
4.298692258976502902e-04
4.759176800495927193e-04
5.241373886792935434e-04
5.745027850446548894e-04
6.269881437090720757e-04
6.815675827530677001e-04
7.382150659673599033e-04
7.969044050289358179e-04
8.576092616621376575e-04
9.203031497863604265e-04
9.849594376523168257e-04
1.051551349968322079e-03
1.120051970018475212e-03
1.190434241774286986e-03
1.262670972001575607e-03
1.336734832364084788e-03
1.412598361525591517e-03
1.490233967251598140e-03
1.569613928513180056e-03
1.650710397593243596e-03
1.733495402197746072e-03
1.817940847572533736e-03
1.904018518628087034e-03
1.991700082072697491e-03
2.080957088556184120e-03
2.171760974825063129e-03
2.264083065890733042e-03
2.357894577212089025e-03
2.453166616893181183e-03
2.549870187898284693e-03
2.647976190284563082e-03
2.747455423454068027e-03
2.848278588426043662e-03
2.950416290131001665e-03
3.053839039726893682e-03
3.158517256939519582e-03
3.264421272427303362e-03
3.371521330171987560e-03
3.479787589895931826e-03
3.589190129507376526e-03
3.699698947573890409e-03
3.811283965825851099e-03
3.923915031689787121e-03
4.037561920853489222e-03
4.152194339862602147e-03
4.267781928750490582e-03
4.384294263701327653e-03
4.501700859747754732e-03
4.619971173502970298e-03
4.739074605929187271e-03
4.858980505141645249e-03
4.979658169249630457e-03
5.101076849235315278e-03
5.223205751869785911e-03
5.346014042667900090e-03
5.469470848882331329e-03
5.593545262536087602e-03
5.718206343495716229e-03
5.843423122583962445e-03
5.969164604733251216e-03
6.095399772179690458e-03
6.222097587698640839e-03
6.349226997880814787e-03
6.476756936450934338e-03
6.604656327627180142e-03
6.732894089523273028e-03
6.861439137592468228e-03
6.990260388113538580e-03
7.119326761719072839e-03
7.248607186966278190e-03
7.378070603950109135e-03
7.507685967958222309e-03
7.637422253169013145e-03
7.767248456391309328e-03
7.897133600846290014e-03
8.027046739991586591e-03
8.156956961386834654e-03
8.286833390601620886e-03
8.416645195164015533e-03
8.546361588550795488e-03
8.675951834218820213e-03
8.805385249676406928e-03
8.934631210595504747e-03
9.063659154964102266e-03
9.192438587277319481e-03
9.320939082768554471e-03
9.449130291679158286e-03
9.576981943566176617e-03
9.704463851648137407e-03
9.831545917187862679e-03
9.958198133912738240e-03
1.008439059247012888e-02
1.021009348491923492e-02
1.033527710925737260e-02
1.045991187398141384e-02
1.058396830268164279e-02
1.070741703866969624e-02
1.083022884963816615e-02
1.095237463235203962e-02
1.107382541737063873e-02
1.119455237379926062e-02
1.131452681407080739e-02
1.143372019875491322e-02
1.155210414139470378e-02
1.166965041336999291e-02
1.178633094878640299e-02
1.190211784938916342e-02
1.201698338950025341e-02
1.213090002097811163e-02
1.224384037820024085e-02
1.235577728306513218e-02
1.246668375001495736e-02
1.257653299107629706e-02
1.268529842091803243e-02
1.279295366192677655e-02
1.289947254929642816e-02
1.300482913613279674e-02
1.310899769857041403e-02
1.321195274090136360e-02
1.331366900071513648e-02
1.341412145404708052e-02
1.351328532053548866e-02
1.361113606858550124e-02
1.370764942053758276e-02
1.380280135784237895e-02
1.389656812623564670e-02
1.398892624091755896e-02
1.407985249173007714e-02
1.416932394833460632e-02
1.425731796538637179e-02
1.434381218770521861e-02
1.442878455544100748e-02
1.451221330923193470e-02
1.459407699535556456e-02
1.467435447086914459e-02
1.475302490873905276e-02
1.483006780295833757e-02
1.490546297364913481e-02
1.497919057215028882e-02
1.505123108608701077e-02
1.512156534442260329e-02
1.519017452248965297e-02
1.525704014699908601e-02
1.532214410102625962e-02
1.538546862897206477e-02
1.544699634149758645e-02
1.550671022042996762e-02
1.556459362363925292e-02
1.562063028988397786e-02
1.567480434362260658e-02
1.572710029979149104e-02
1.577750306854653478e-02
1.582599795996621900e-02
1.587257068871533727e-02
1.591720737866755137e-02
1.595989456748577590e-02
1.600061921115629102e-02
1.603936868847797778e-02
1.607613080550347393e-02
1.611089379993035225e-02
1.614364634544104143e-02
1.617437755598940749e-02
1.620307699003373583e-02
1.622973465471282128e-02
1.625434100996245648e-02
1.627688697257532319e-02
1.629736392019596330e-02
1.631576369525530520e-02
1.633207860883841706e-02
1.634630144448726702e-02
1.635842546193411184e-02
1.636844440076443835e-02
1.637635248401080740e-02
1.638214442167017920e-02
1.638581541414808884e-02
1.638736115562651821e-02
1.638677783735140517e-02
1.638406215084216647e-02
1.637921129101916132e-02
1.637222295924556023e-02
1.636309536628861860e-02
1.635182723518976283e-02
1.633841780404901925e-02
1.632286682871918887e-02
1.630517458540765852e-02
1.628534187318649365e-02
1.626337001640640323e-02
1.623926086701528784e-02
1.621301680677860943e-02
1.618464074940013583e-02
1.615413614254242528e-02
1.612150696974449030e-02
1.608675775223443807e-02
1.604989355063829448e-02
1.601091996658035241e-02
1.596984314417577294e-02
1.592666977141322937e-02
1.588140708142548804e-02
1.583406285364803365e-02
1.578464541486258518e-02
1.573316364012559282e-02
1.567962695357940847e-02
1.562404532914529742e-02
1.556642929109605666e-02
1.550678991450905701e-02
1.544513882559519179e-02
1.538148820190565758e-02
1.531585077241294154e-02
1.524823981746674557e-02
1.517866916862120087e-02
1.510715320833561776e-02
1.503370686954323687e-02
1.495834563509147730e-02
1.488108553704946442e-02
1.480194315588169440e-02
1.472093561949035581e-02
1.463808060211887162e-02
1.455339632312339405e-02
1.446690154560467678e-02
1.437861557490365677e-02
1.428855825695655307e-02
1.419674997651260498e-02
1.410321165520929919e-02
1.400796474950730119e-02
1.391103124848326079e-02
1.381243367147932596e-02
1.371219506560955592e-02
1.361033900312198265e-02
1.350688957861560097e-02
1.340187140611184477e-02
1.329530961598095543e-02
1.318722985172007638e-02
1.307765826658527190e-02
1.296662152007614817e-02
1.285414677427140252e-02
1.274026169001778695e-02
1.262499442296751914e-02
1.250837361946991085e-02
1.239042841231023998e-02
1.227118841630232306e-02
1.215068372372840946e-02
1.202894489963103955e-02
1.190600297695413104e-02
1.178188945153328150e-02
1.165663627693718472e-02
1.153027585915780175e-02
1.140284105115122425e-02
1.127436514722723881e-02
1.114488187729077706e-02
1.101442540093159998e-02
1.088303030136671123e-02
1.075073157923159620e-02
1.061756464622341453e-02
1.048356531859593113e-02
1.034876981050589576e-02
1.021321472721166239e-02
1.007693705812494518e-02
9.939974169715265137e-03
9.802363798270456383e-03
9.664144042508145821e-03
9.525353356045918735e-03
9.386030539726076399e-03
9.246214733797055232e-03
9.105945409952818925e-03
8.965262363231273068e-03
8.824205703770928583e-03
8.682815848429474223e-03
8.541133512262587615e-03
8.399199699866506316e-03
8.257055696583125506e-03
8.114743059570715331e-03
7.972303608740958711e-03
7.829779417562691274e-03
7.687212803734567307e-03
7.544646319728703920e-03
7.402122743204660703e-03
7.259685067297376102e-03
7.117376490778948642e-03
6.975240408097591917e-03
6.833320399293266352e-03
6.691660219793616783e-03
6.550303790091011220e-03
6.409295185302349603e-03
6.268678624614004366e-03
6.128498460613464489e-03
5.988799168509592943e-03
5.849625335243934833e-03
5.711021648494604523e-03
5.573032885574578411e-03
5.435703902227979022e-03
5.299079621324608025e-03
5.163205021456872441e-03
5.028125125439292242e-03
4.893884988715489943e-03
4.760529687672491322e-03
4.628104307866787691e-03
4.496653932163387039e-03
4.366223628791491770e-03
4.236858439317329507e-03
4.108603366540512086e-03
3.981503362312239190e-03
3.855603315281255945e-03
3.730948038568909341e-03
3.607582257376919059e-03
3.485550596529678538e-03
3.364897567955273030e-03
3.245667558107320598e-03
3.127904815330849637e-03
3.011653437175531873e-03
2.896957357658970066e-03
2.783860334483678148e-03
2.672405936210507215e-03
2.562637529392109131e-03
2.454598265669269679e-03
2.348331068833820097e-03
2.243878621861784221e-03
2.141283353918982564e-03
2.040587427344210322e-03
1.941832724611724462e-03
1.845060835278128711e-03
1.750313042916263294e-03
1.657630312039541339e-03
1.567053275021703437e-03
1.478622219013621224e-03
1.392377072862921623e-03
1.308357394038614030e-03
1.226602355565245247e-03
1.147150732970398995e-03
1.070040891249060414e-03
9.953107718488026553e-04
9.229978796798335872e-04
8.531392701537895756e-04
7.857715362551795802e-04
7.209307956492439157e-04
6.586526778309210800e-04
5.989723113178645241e-04
5.419243108927934401e-04
4.875427648983222950e-04
4.358612225886703212e-04
3.869126815425272736e-04
3.407295751411788332e-04
2.973437601156992674e-04
