0.000000000000000000e+00
9.514371637577915264e-01
1.902874327515582609e+00
2.854311491273374024e+00
3.805748655031164773e+00
4.757185818788957299e+00
5.708622982546748048e+00
6.660060146304539686e+00
7.611497310062330435e+00
8.562934473820121184e+00
9.514371637577912821e+00
1.046580880133570446e+01
1.141724596509349610e+01
1.236868312885128773e+01
1.332012029260907937e+01
1.427155745636687101e+01
1.522299462012466087e+01
1.617443178388245428e+01
1.712586894764024237e+01
1.807730611139803401e+01
1.902874327515582564e+01
1.998018043891361728e+01
2.093161760267140892e+01
2.188305476642920411e+01
2.283449193018699219e+01
2.378592909394478383e+01
2.473736625770257191e+01
2.568880342146036355e+01
2.664024058521815519e+01
2.759167774897594683e+01
2.854311491273373491e+01
2.949455207649153010e+01
3.044598924024931819e+01
3.139742640400711338e+01
3.234886356776490146e+01
3.330030073152269665e+01
3.425173789528048474e+01
3.520317505903827993e+01
