8.477166470533094647e-03
9.463860911452535996e-03
1.617692390636847263e-02
2.826190026688210621e-02
2.564453696118066187e-02
2.669376026475852454e-02
2.125777123574892208e-02
1.618700910629993286e-02
4.416037202036806816e-03
4.419598706264731003e-03
3.314136993549935978e-03
5.067763675996013809e-03
1.060751533806081337e-02
1.199083335412230202e-02
9.744349146470319620e-03
9.472511418968562399e-03
7.407046016534505999e-03
9.969874202110554084e-03
5.714731704423132476e-03
7.013679628132311016e-03
6.004882967882014567e-03
3.077326762193162771e-03
1.129481376014146964e-02
6.145684062679169363e-03
3.010911069366230004e-03
9.621355673820647554e-04
6.223444102821556675e-03
6.439020967456584622e-03
9.085697159398431304e-04
5.271696704596310311e-03
2.373296972410859299e-03
4.050859239514577304e-04
1.518280750392549637e-03
4.895422045676188494e-04
9.222557305233133624e-04
5.033643153298704431e-03
7.180543902633096907e-03
3.169945078656873381e-05
4.291874266982236116e-04
2.183585608316642324e-03
2.785713557884024558e-03
