0.000000000000000000e+00
2.046311008596608111e-02
4.092622017193239120e-02
6.138933025789847231e-02
8.185244034386456036e-02
1.023155504298306345e-01
1.227786605157967226e-01
1.432417706017627967e-01
1.637048806877288709e-01
1.841679907736949728e-01
2.046311008596610470e-01
2.250942109456275930e-01
2.455573210315936672e-01
2.660204311175597414e-01
2.864835412035258155e-01
3.069466512894918897e-01
3.274097613754580194e-01
3.478728714614240936e-01
3.683359815473901677e-01
3.887990916333562419e-01
4.092622017193227602e-01
4.297253118052888898e-01
4.501884218912549640e-01
4.706515319772210382e-01
4.911146420631871123e-01
5.115777521491532420e-01
5.320408622351192607e-01
5.525039723210853904e-01
5.729670824070514090e-01
5.934301924930175387e-01
6.138933025789835574e-01
6.343564126649501311e-01
6.548195227509162608e-01
6.752826328368822795e-01
6.957457429228484092e-01
7.162088530088144278e-01
7.366719630947805575e-01
7.571350731807465761e-01
7.775981832667127058e-01
7.980612933526792796e-01
8.185244034386452983e-01
8.389875135246114279e-01
8.594506236105774466e-01
8.799137336965435763e-01
9.003768437825097060e-01
9.208399538684757246e-01
9.413030639544418543e-01
9.617661740404078730e-01
9.822292841263740026e-01
1.002692394212340021e+00
1.023155504298306040e+00
1.043618614384272281e+00
1.064081724470238743e+00
1.084544834556204762e+00
1.105007944642171003e+00
1.125471054728137021e+00
1.145934164814103040e+00
1.166397274900069725e+00
1.186860384986035744e+00
1.207323495072001762e+00
1.227786605157967781e+00
1.248249715243934022e+00
1.268712825329900040e+00
1.289175935415866059e+00
1.309639045501832300e+00
1.330102155587798318e+00
1.350565265673764337e+00
1.371028375759730356e+00
1.391491485845696596e+00
1.411954595931662615e+00
1.432417706017628634e+00
1.452880816103594874e+00
1.473343926189561337e+00
1.493807036275527356e+00
1.514270146361493596e+00
1.534733256447459615e+00
1.555196366533425634e+00
1.575659476619392096e+00
1.596122586705358337e+00
1.616585696791324356e+00
1.637048806877290374e+00
1.657511916963256615e+00
1.677975027049222634e+00
1.698438137135188652e+00
1.718901247221154671e+00
1.739364357307120912e+00
1.759827467393086931e+00
1.780290577479052949e+00
1.800753687565019190e+00
1.821216797650985209e+00
1.841679907736951227e+00
1.862143017822917246e+00
1.882606127908883931e+00
1.903069237994849949e+00
1.923532348080815968e+00
1.943995458166782209e+00
1.964458568252748671e+00
1.984921678338714690e+00
2.005384788424680931e+00
2.025847898510646949e+00
2.046311008596612968e+00
2.066774118682578987e+00
2.087237228768545005e+00
2.107700338854511024e+00
2.128163448940477043e+00
2.148626559026443061e+00
2.169089669112409080e+00
2.189552779198375543e+00
2.210015889284341561e+00
2.230478999370307580e+00
2.250942109456273599e+00
2.271405219542239617e+00
2.291868329628205636e+00
2.312331439714171655e+00
2.332794549800139006e+00
2.353257659886105024e+00
2.373720769972071043e+00
2.394183880058037062e+00
2.414646990144003080e+00
2.435110100229969099e+00
2.455573210315935118e+00
2.476036320401901580e+00
2.496499430487867599e+00
2.516962540573833618e+00
2.537425650659799636e+00
2.557888760745765655e+00
2.578351870831731674e+00
2.598814980917697692e+00
2.619278091003664155e+00
2.639741201089630174e+00
2.660204311175596192e+00
2.680667421261562211e+00
2.701130531347528230e+00
2.721593641433495137e+00
2.742056751519461155e+00
2.762519861605427618e+00
2.782982971691393637e+00
2.803446081777359655e+00
2.823909191863325674e+00
2.844372301949291693e+00
2.864835412035257711e+00
2.885298522121223730e+00
2.905761632207190193e+00
2.926224742293156211e+00
2.946687852379122230e+00
2.967150962465088249e+00
2.987614072551054267e+00
3.008077182637020286e+00
3.028540292722986305e+00
3.049003402808952767e+00
3.069466512894918786e+00
3.089929622980884805e+00
3.110392733066850823e+00
3.130855843152817730e+00
3.151318953238783749e+00
3.171782063324750212e+00
3.192245173410716230e+00
3.212708283496682249e+00
3.233171393582648268e+00
3.253634503668614286e+00
3.274097613754580305e+00
3.294560723840546324e+00
3.315023833926512786e+00
3.335486944012478805e+00
3.355950054098444824e+00
3.376413164184410842e+00
3.396876274270376861e+00
3.417339384356342880e+00
3.437802494442308898e+00
3.458265604528275361e+00
3.478728714614241380e+00
3.499191824700207398e+00
3.519654934786173417e+00
3.540118044872140324e+00
3.560581154958106342e+00
3.581044265044072361e+00
3.601507375130038824e+00
3.621970485216004842e+00
3.642433595301970861e+00
3.662896705387936880e+00
3.683359815473902898e+00
3.703822925559868917e+00
3.724286035645834936e+00
3.744749145731801399e+00
3.765212255817767417e+00
3.785675365903733436e+00
3.806138475989699455e+00
3.826601586075665473e+00
3.847064696161631492e+00
3.867527806247597510e+00
3.887990916333563973e+00
3.908454026419529992e+00
3.928917136505496899e+00
3.949380246591462917e+00
3.969843356677428936e+00
3.990306466763394955e+00
4.010769576849360973e+00
4.031232686935327436e+00
4.051695797021293011e+00
4.072158907107259473e+00
4.092622017193225936e+00
4.113085127279191511e+00
4.133548237365157973e+00
4.154011347451123548e+00
4.174474457537090011e+00
4.194937567623055585e+00
4.215400677709022048e+00
4.235863787794989399e+00
4.256326897880954974e+00
4.276790007966921436e+00
4.297253118052887011e+00
4.317716228138853474e+00
4.338179338224819048e+00
4.358642448310785511e+00
4.379105558396751974e+00
4.399568668482717548e+00
4.420031778568684011e+00
4.440494888654649586e+00
4.460957998740616048e+00
4.481421108826581623e+00
4.501884218912548086e+00
4.522347328998514548e+00
4.542810439084480123e+00
4.563273549170446586e+00
4.583736659256412160e+00
4.604199769342378623e+00
4.624662879428344198e+00
4.645125989514311549e+00
4.665589099600278011e+00
4.686052209686243586e+00
4.706515319772210049e+00
4.726978429858175623e+00
4.747441539944142086e+00
4.767904650030107661e+00
4.788367760116074123e+00
4.808830870202040586e+00
4.829293980288006161e+00
4.849757090373972623e+00
4.870220200459938198e+00
4.890683310545904661e+00
4.911146420631870235e+00
4.931609530717836698e+00
4.952072640803803161e+00
4.972535750889768735e+00
4.992998860975735198e+00
5.013461971061700773e+00
5.033925081147667235e+00
5.054388191233633698e+00
5.074851301319600161e+00
5.095314411405566624e+00
5.115777521491532198e+00
5.136240631577498661e+00
5.156703741663464236e+00
5.177166851749430698e+00
5.197629961835396273e+00
5.218093071921362736e+00
5.238556182007329198e+00
5.259019292093294773e+00
5.279482402179261236e+00
5.299945512265226810e+00
5.320408622351193273e+00
5.340871732437158848e+00
5.361334842523125310e+00
5.381797952609091773e+00
5.402261062695057348e+00
5.422724172781023810e+00
5.443187282866990273e+00
5.463650392952956736e+00
5.484113503038922310e+00
5.504576613124888773e+00
5.525039723210855236e+00
5.545502833296820810e+00
5.565965943382787273e+00
5.586429053468752848e+00
5.606892163554719311e+00
5.627355273640684885e+00
5.647818383726651348e+00
5.668281493812617811e+00
5.688744603898583385e+00
5.709207713984549848e+00
5.729670824070515422e+00
5.750133934156481885e+00
5.770597044242447460e+00
5.791060154328413923e+00
5.811523264414380385e+00
5.831986374500345960e+00
5.852449484586313311e+00
5.872912594672278885e+00
5.893375704758245348e+00
5.913838814844211811e+00
5.934301924930177385e+00
5.954765035016143848e+00
5.975228145102109423e+00
5.995691255188075885e+00
6.016154365274041460e+00
6.036617475360007923e+00
6.057080585445974386e+00
6.077543695531939960e+00
6.098006805617906423e+00
6.118469915703871997e+00
6.138933025789838460e+00
6.159396135875804035e+00
6.179859245961770498e+00
6.200322356047736960e+00
6.220785466133702535e+00
6.241248576219668998e+00
6.261711686305635460e+00
6.282174796391601923e+00
6.302637906477566609e+00
6.323101016563533960e+00
6.343564126649499535e+00
6.364027236735465998e+00
6.384490346821431572e+00
6.404953456907398035e+00
6.425416566993363610e+00
6.445879677079330072e+00
6.466342787165295647e+00
6.486805897251262998e+00
6.507269007337227684e+00
6.527732117423195035e+00
6.548195227509159722e+00
6.568658337595127072e+00
6.589121447681091759e+00
6.609584557767059110e+00
6.630047667853023796e+00
6.650510777938991147e+00
6.670973888024958498e+00
6.691436998110923184e+00
6.711900108196890535e+00
6.732363218282855222e+00
6.752826328368822573e+00
6.773289438454788147e+00
6.793752548540754610e+00
6.814215658626720185e+00
6.834678768712686647e+00
6.855141878798652222e+00
6.875604988884618685e+00
6.896068098970584259e+00
6.916531209056551610e+00
6.936994319142516296e+00
6.957457429228483647e+00
6.977920539314448334e+00
6.998383649400415685e+00
7.018846759486380371e+00
7.039309869572347722e+00
7.059772979658315073e+00
7.080236089744279759e+00
7.100699199830247110e+00
7.121162309916211797e+00
7.141625420002179148e+00
7.162088530088143834e+00
7.182551640174111185e+00
7.203014750260076760e+00
7.223477860346043222e+00
7.243940970432008797e+00
7.264404080517975260e+00
7.284867190603940834e+00
7.305330300689907297e+00
7.325793410775872871e+00
7.346256520861840222e+00
7.366719630947804909e+00
7.387182741033772260e+00
7.407645851119736946e+00
7.428108961205704297e+00
7.448572071291668983e+00
7.469035181377636334e+00
7.489498291463603685e+00
7.509961401549568372e+00
7.530424511635535723e+00
7.550887621721500409e+00
7.571350731807467760e+00
7.591813841893432446e+00
7.612276951979399797e+00
7.632740062065365372e+00
7.653203172151331835e+00
7.673666282237297409e+00
7.694129392323263872e+00
7.714592502409229446e+00
7.735055612495195909e+00
7.755518722581161484e+00
7.775981832667128835e+00
7.796444942753093521e+00
7.816908052839060872e+00
7.837371162925025558e+00
7.857834273010992909e+00
7.878297383096960260e+00
7.898760493182924947e+00
7.919223603268892298e+00
7.939686713354856984e+00
7.960149823440824335e+00
7.980612933526789021e+00
8.001076043612755484e+00
8.021539153698721947e+00
8.042002263784688409e+00
8.062465373870653096e+00
8.082928483956621335e+00
8.103391594042586021e+00
8.123854704128552484e+00
8.144317814214517171e+00
8.164780924300485410e+00
8.185244034386450096e+00
8.205707144472416559e+00
8.226170254558383022e+00
8.246633364644349484e+00
8.267096474730315947e+00
8.287559584816280633e+00
8.308022694902248872e+00
8.328485804988215335e+00
8.348948915074180022e+00
8.369412025160146484e+00
8.389875135246111171e+00
8.410338245332079410e+00
8.430801355418044096e+00
8.451264465504010559e+00
8.471727575589978798e+00
8.492190685675943485e+00
8.512653795761909947e+00
8.533116905847874634e+00
8.553580015933842873e+00
8.574043126019807559e+00
8.594506236105774022e+00
8.614969346191740485e+00
8.635432456277706947e+00
8.655895566363671634e+00
8.676358676449638097e+00
8.696821786535604559e+00
8.717284896621571022e+00
8.737748006707535708e+00
8.758211116793503948e+00
8.778674226879468634e+00
8.799137336965435097e+00
8.819600447051399783e+00
8.840063557137368022e+00
8.860526667223332709e+00
8.880989777309299171e+00
8.901452887395267410e+00
8.921915997481232097e+00
8.942379107567198560e+00
8.962842217653163246e+00
8.983305327739131485e+00
9.003768437825096171e+00
9.024231547911062634e+00
9.044694657997029097e+00
9.065157768082995560e+00
9.085620878168960246e+00
9.106083988254926709e+00
9.126547098340893172e+00
9.147010208426859634e+00
9.167473318512824321e+00
9.187936428598792560e+00
9.208399538684757246e+00
9.228862648770723709e+00
9.249325758856688395e+00
9.269788868942656634e+00
9.290251979028623097e+00
9.310715089114587784e+00
9.331178199200556023e+00
9.351641309286520709e+00
9.372104419372487172e+00
9.392567529458451858e+00
9.413030639544420097e+00
9.433493749630384784e+00
9.453956859716351246e+00
9.474419969802317709e+00
9.494883079888284172e+00
9.515346189974248858e+00
9.535809300060215321e+00
9.556272410146181784e+00
9.576735520232148247e+00
9.597198630318112933e+00
9.617661740404081172e+00
9.638124850490045858e+00
9.658587960576012321e+00
9.679051070661978784e+00
9.699514180747945247e+00
9.719977290833911709e+00
9.740440400919876396e+00
9.760903511005844635e+00
9.781366621091809321e+00
9.801829731177775784e+00
9.822292841263740470e+00
9.842755951349708710e+00
9.863219061435673396e+00
9.883682171521639859e+00
9.904145281607606321e+00
9.924608391693572784e+00
9.945071501779537471e+00
9.965534611865503933e+00
9.985997721951470396e+00
1.000646083203743686e+01
1.002692394212340155e+01
1.004738705220936978e+01
1.006785016229533447e+01
1.008831327238130093e+01
1.010877638246726740e+01
1.012923949255323386e+01
1.014970260263920032e+01
1.017016571272516501e+01
1.019062882281113325e+01
1.021109193289709793e+01
1.023155504298306440e+01
1.025201815306902908e+01
1.027248126315499732e+01
1.029294437324096201e+01
1.031340748332692847e+01
1.033387059341289493e+01
1.035433370349886140e+01
1.037479681358482608e+01
1.039525992367079255e+01
1.041572303375675901e+01
1.043618614384272547e+01
1.045664925392869016e+01
1.047711236401465840e+01
1.049757547410062486e+01
1.051803858418658955e+01
1.053850169427255601e+01
1.055896480435852247e+01
1.057942791444448893e+01
1.059989102453045362e+01
1.062035413461642186e+01
1.064081724470238655e+01
1.066128035478835301e+01
1.068174346487431770e+01
1.070220657496028593e+01
1.072266968504625062e+01
1.074313279513221708e+01
1.076359590521818355e+01
1.078405901530415001e+01
1.080452212539011470e+01
1.082498523547608116e+01
1.084544834556204762e+01
1.086591145564801408e+01
1.088637456573398055e+01
1.090683767581994701e+01
1.092730078590591347e+01
1.094776389599187816e+01
1.096822700607784462e+01
1.098869011616381108e+01
1.100915322624977755e+01
1.102961633633574223e+01
1.105007944642171047e+01
1.107054255650767516e+01
1.109100566659364162e+01
1.111146877667960631e+01
1.113193188676557455e+01
1.115239499685153923e+01
1.117285810693750570e+01
1.119332121702347216e+01
1.121378432710943862e+01
1.123424743719540331e+01
1.125471054728136977e+01
1.127517365736733623e+01
1.129563676745330270e+01
1.131609987753926916e+01
1.133656298762523562e+01
1.135702609771120208e+01
1.137748920779716677e+01
1.139795231788313501e+01
1.141841542796909970e+01
1.143887853805506616e+01
1.145934164814103084e+01
1.147980475822699908e+01
1.150026786831296377e+01
1.152073097839893023e+01
1.154119408848489492e+01
1.156165719857086316e+01
1.158212030865682785e+01
1.160258341874279431e+01
1.162304652882876077e+01
1.164350963891472723e+01
1.166397274900069192e+01
1.168443585908666016e+01
1.170489896917262662e+01
1.172536207925859131e+01
1.174582518934455777e+01
1.176628829943052423e+01
1.178675140951649070e+01
1.180721451960245538e+01
1.182767762968842362e+01
1.184814073977438831e+01
1.186860384986035477e+01
1.188906695994631946e+01
1.190953007003228770e+01
1.192999318011825238e+01
1.195045629020421885e+01
1.197091940029018531e+01
1.199138251037615177e+01
1.201184562046211646e+01
1.203230873054808292e+01
1.205277184063404938e+01
1.207323495072001585e+01
1.209369806080598231e+01
1.211416117089194877e+01
1.213462428097791523e+01
1.215508739106387992e+01
1.217555050114984638e+01
1.219601361123581285e+01
1.221647672132177931e+01
1.223693983140774399e+01
1.225740294149371223e+01
1.227786605157967692e+01
1.229832916166564338e+01
1.231879227175160807e+01
1.233925538183757631e+01
1.235971849192354100e+01
1.238018160200950746e+01
1.240064471209547392e+01
1.242110782218144038e+01
1.244157093226740507e+01
1.246203404235337153e+01
1.248249715243933800e+01
1.250296026252530446e+01
1.252342337261127092e+01
1.254388648269723738e+01
1.256434959278320385e+01
1.258481270286916853e+01
1.260527581295513500e+01
1.262573892304110146e+01
1.264620203312706792e+01
1.266666514321303261e+01
1.268712825329900085e+01
1.270759136338496553e+01
1.272805447347093200e+01
1.274851758355689668e+01
1.276898069364286492e+01
1.278944380372882961e+01
1.280990691381479607e+01
1.283037002390076253e+01
1.285083313398672900e+01
1.287129624407269368e+01
1.289175935415866014e+01
1.291222246424462838e+01
1.293268557433059307e+01
1.295314868441655953e+01
1.297361179450252600e+01
1.299407490458849246e+01
1.301453801467445714e+01
1.303500112476042361e+01
1.305546423484639007e+01
1.307592734493235653e+01
1.309639045501832122e+01
1.311685356510428946e+01
1.313731667519025414e+01
1.315777978527622061e+01
1.317824289536218529e+01
1.319870600544815353e+01
1.321916911553411822e+01
1.323963222562008468e+01
1.326009533570605115e+01
1.328055844579201761e+01
1.330102155587798407e+01
1.332148466596394876e+01
1.334194777604991700e+01
1.336241088613588168e+01
1.338287399622184815e+01
1.340333710630781461e+01
1.342380021639378107e+01
1.344426332647974576e+01
1.346472643656571222e+01
1.348518954665167868e+01
1.350565265673764515e+01
1.352611576682360983e+01
1.354657887690957807e+01
1.356704198699554276e+01
1.358750509708150922e+01
1.360796820716747391e+01
1.362843131725344215e+01
1.364889442733940683e+01
1.366935753742537329e+01
1.368982064751133976e+01
1.371028375759730622e+01
1.373074686768327268e+01
1.375120997776923737e+01
1.377167308785520561e+01
1.379213619794117029e+01
1.381259930802713676e+01
1.383306241811310322e+01
1.385352552819906968e+01
1.387398863828503437e+01
1.389445174837100083e+01
1.391491485845696729e+01
1.393537796854293376e+01
1.395584107862889844e+01
1.397630418871486668e+01
1.399676729880083137e+01
1.401723040888679783e+01
1.403769351897276252e+01
1.405815662905873076e+01
1.407861973914469544e+01
1.409908284923066191e+01
1.411954595931663015e+01
1.414000906940259483e+01
1.416047217948856130e+01
1.418093528957452598e+01
1.420139839966049422e+01
1.422186150974645891e+01
1.424232461983242537e+01
1.426278772991839183e+01
1.428325084000435830e+01
1.430371395009032298e+01
1.432417706017628944e+01
1.434464017026225591e+01
1.436510328034822237e+01
1.438556639043418706e+01
1.440602950052015530e+01
1.442649261060611998e+01
1.444695572069208644e+01
1.446741883077805113e+01
1.448788194086401937e+01
1.450834505094998583e+01
1.452880816103595052e+01
1.454927127112191876e+01
1.456973438120788344e+01
1.459019749129385168e+01
1.461066060137981459e+01
1.463112371146578283e+01
1.465158682155174930e+01
1.467204993163771576e+01
1.469251304172368044e+01
1.471297615180964691e+01
1.473343926189561337e+01
1.475390237198158161e+01
1.477436548206754452e+01
1.479482859215351098e+01
1.481529170223947744e+01
1.483575481232544568e+01
1.485621792241140859e+01
1.487668103249737506e+01
1.489714414258334152e+01
1.491760725266930976e+01
1.493807036275527622e+01
1.495853347284123913e+01
1.497899658292720737e+01
1.499945969301317383e+01
1.501992280309914030e+01
1.504038591318510321e+01
1.506084902327107145e+01
1.508131213335703791e+01
1.510177524344300437e+01
1.512223835352896906e+01
1.514270146361493552e+01
1.516316457370090198e+01
1.518362768378687022e+01
1.520409079387283313e+01
1.522455390395879959e+01
1.524501701404476606e+01
1.526548012413073430e+01
1.528594323421669721e+01
1.530640634430266367e+01
1.532686945438863013e+01
1.534733256447459837e+01
1.536779567456056483e+01
1.538825878464652774e+01
1.540872189473249598e+01
1.542918500481846245e+01
1.544964811490442891e+01
1.547011122499039182e+01
1.549057433507636006e+01
1.551103744516232652e+01
1.553150055524829298e+01
1.555196366533425767e+01
1.557242677542022413e+01
1.559288988550619059e+01
1.561335299559215883e+01
1.563381610567812174e+01
1.565427921576408821e+01
1.567474232585005467e+01
1.569520543593602291e+01
1.571566854602198937e+01
1.573613165610795228e+01
1.575659476619392052e+01
1.577705787627988698e+01
1.579752098636585345e+01
1.581798409645181636e+01
1.583844720653778460e+01
1.585891031662375106e+01
1.587937342670971752e+01
1.589983653679568043e+01
1.592029964688164867e+01
1.594076275696761513e+01
1.596122586705358160e+01
1.598168897713954628e+01
1.600215208722551097e+01
1.602261519731148098e+01
1.604307830739744745e+01
1.606354141748341036e+01
1.608400452756937682e+01
1.610446763765534328e+01
1.612493074774130974e+01
1.614539385782727621e+01
1.616585696791324267e+01
1.618632007799920913e+01
1.620678318808517560e+01
1.622724629817114206e+01
1.624770940825710497e+01
1.626817251834307143e+01
1.628863562842903789e+01
1.630909873851500791e+01
1.632956184860097082e+01
1.635002495868693728e+01
1.637048806877290374e+01
1.639095117885887021e+01
1.641141428894483312e+01
1.643187739903079958e+01
1.645234050911676960e+01
1.647280361920273606e+01
1.649326672928869897e+01
1.651372983937466543e+01
1.653419294946063189e+01
1.655465605954659836e+01
1.657511916963256837e+01
1.659558227971853128e+01
1.661604538980449774e+01
1.663650849989046066e+01
1.665697160997643067e+01
1.667743472006239713e+01
1.669789783014836004e+01
1.671836094023432651e+01
1.673882405032029297e+01
1.675928716040625943e+01
1.677975027049222234e+01
1.680021338057819236e+01
1.682067649066415882e+01
1.684113960075012528e+01
1.686160271083608819e+01
1.688206582092205466e+01
1.690252893100802112e+01
1.692299204109398758e+01
1.694345515117995760e+01
1.696391826126592051e+01
1.698438137135188697e+01
1.700484448143785343e+01
1.702530759152381989e+01
1.704577070160978280e+01
1.706623381169574927e+01
1.708669692178171928e+01
1.710716003186768575e+01
1.712762314195364866e+01
1.714808625203961512e+01
1.716854936212558158e+01
1.718901247221154804e+01
1.720947558229751095e+01
1.722993869238348097e+01
1.725040180246944743e+01
1.727086491255541389e+01
1.729132802264137680e+01
1.731179113272734327e+01
1.733225424281330973e+01
1.735271735289927619e+01
1.737318046298524621e+01
1.739364357307120912e+01
1.741410668315717558e+01
1.743456979324314204e+01
1.745503290332910851e+01
1.747549601341507142e+01
1.749595912350103788e+01
1.751642223358700790e+01
1.753688534367297436e+01
1.755734845375893727e+01
1.757781156384490373e+01
1.759827467393087019e+01
1.761873778401683666e+01
1.763920089410279957e+01
1.765966400418876958e+01
1.768012711427473604e+01
1.770059022436070251e+01
1.772105333444666542e+01
1.774151644453263188e+01
1.776197955461859834e+01
1.778244266470456481e+01
1.780290577479053482e+01
1.782336888487649773e+01
1.784383199496246419e+01
1.786429510504843066e+01
1.788475821513439712e+01
1.790522132522036003e+01
1.792568443530632649e+01
1.794614754539229651e+01
1.796661065547826297e+01
1.798707376556422588e+01
1.800753687565019234e+01
1.802799998573615881e+01
1.804846309582212527e+01
1.806892620590808818e+01
1.808938931599405819e+01
1.810985242608002466e+01
1.813031553616599112e+01
1.815077864625195758e+01
1.817124175633792049e+01
1.819170486642388695e+01
1.821216797650985342e+01
1.823263108659582343e+01
1.825309419668178634e+01
1.827355730676775281e+01
1.829402041685371927e+01
1.831448352693968573e+01
1.833494663702564864e+01
1.835540974711161510e+01
1.837587285719758512e+01
1.839633596728355158e+01
1.841679907736951449e+01
1.843726218745548096e+01
1.845772529754144742e+01
1.847818840762741388e+01
1.849865151771337679e+01
1.851911462779934681e+01
1.853957773788531327e+01
1.856004084797127973e+01
1.858050395805724619e+01
1.860096706814320910e+01
1.862143017822917557e+01
1.864189328831514203e+01
1.866235639840111205e+01
1.868281950848707496e+01
1.870328261857304142e+01
1.872374572865900788e+01
1.874420883874497434e+01
1.876467194883093725e+01
1.878513505891690372e+01
1.880559816900287373e+01
1.882606127908884019e+01
1.884652438917480310e+01
1.886698749926076957e+01
1.888745060934673603e+01
1.890791371943270249e+01
1.892837682951866540e+01
1.894883993960463542e+01
1.896930304969060188e+01
1.898976615977656834e+01
1.901022926986253481e+01
1.903069237994849772e+01
1.905115549003446418e+01
1.907161860012043064e+01
1.909208171020640066e+01
1.911254482029236357e+01
1.913300793037833003e+01
1.915347104046429649e+01
1.917393415055026296e+01
1.919439726063622587e+01
1.921486037072219233e+01
1.923532348080816234e+01
1.925578659089412881e+01
1.927624970098009172e+01
1.929671281106605818e+01
1.931717592115202464e+01
1.933763903123799111e+01
1.935810214132395757e+01
1.937856525140992403e+01
1.939902836149589049e+01
1.941949147158185696e+01
1.943995458166782342e+01
1.946041769175378633e+01
1.948088080183975279e+01
1.950134391192571925e+01
1.952180702201168927e+01
1.954227013209765218e+01
1.956273324218361864e+01
1.958319635226958511e+01
1.960365946235555157e+01
1.962412257244151448e+01
1.964458568252748094e+01
1.966504879261345096e+01
1.968551190269941742e+01
1.970597501278538033e+01
1.972643812287134679e+01
1.974690123295731325e+01
1.976736434304327972e+01
1.978782745312924618e+01
1.980829056321521264e+01
1.982875367330117911e+01
1.984921678338714557e+01
1.986967989347311203e+01
1.989014300355907494e+01
1.991060611364504140e+01
1.993106922373100787e+01
1.995153233381697788e+01
1.997199544390294079e+01
1.999245855398890725e+01
2.001292166407487372e+01
2.003338477416084018e+01
2.005384788424680309e+01
2.007431099433276955e+01
2.009477410441873957e+01
2.011523721450470603e+01
2.013570032459066894e+01
2.015616343467663540e+01
2.017662654476260187e+01
2.019708965484856833e+01
2.021755276493453479e+01
2.023801587502050126e+01
2.025847898510646772e+01
2.027894209519243418e+01
2.029940520527840064e+01
2.031986831536436355e+01
2.034033142545033002e+01
2.036079453553629648e+01
2.038125764562226649e+01
2.040172075570822940e+01
2.042218386579419587e+01
2.044264697588016233e+01
