0.000000000000000000e+00
5.110661743970038584e-01
1.022132348794007939e+00
1.533198523191011908e+00
2.044264697588015878e+00
2.555330871985020735e+00
3.066397046382024261e+00
3.577463220779028674e+00
4.088529395176032644e+00
4.599595569573036613e+00
5.110661743970040582e+00
5.621727918367045440e+00
6.132794092764048521e+00
6.643860267161053379e+00
7.154926441558056460e+00
7.665992615955060430e+00
8.177058790352065287e+00
8.688124964749070145e+00
9.199191139146073226e+00
9.710257313543078084e+00
1.022132348794008294e+01
1.073238966233708602e+01
1.124345583673409088e+01
1.175452201113109574e+01
1.226558818552809882e+01
1.277665435992510368e+01
1.328772053432210676e+01
1.379878670871911162e+01
1.430985288311611470e+01
1.482091905751311955e+01
1.533198523191012441e+01
1.584305140630712572e+01
1.635411758070413057e+01
1.686518375510113543e+01
1.737624992949813674e+01
1.788731610389514159e+01
1.839838227829214290e+01
1.890944845268915131e+01
1.942051462708615617e+01
1.993158080148315747e+01
2.044264697588016233e+01
