0.000000000000000000e+00
5.080827694237897421e-05
2.030471148814747310e-04
4.563625791033262520e-04
8.103011728952800490e-04
1.264310386558079426e-03
1.817739356843041301e-03
2.469839635966291497e-03
3.219766069212097633e-03
4.066577780002565180e-03
5.009239261173096570e-03
6.046621571062385167e-03
7.177503632891590706e-03
8.400573635779692502e-03
9.714430535612661455e-03
1.111758565386502216e-02
1.260846437233863887e-02
1.418540792168222764e-02
1.584667526141939758e-02
1.759044504911497567e-02
1.941481769619039788e-02
2.131781750780039481e-02
2.329739490407115726e-02
2.535142871991044600e-02
2.747772858049678246e-02
2.967403734947218069e-02
3.193803364676460477e-02
3.426733443289887993e-02
3.665949765655978493e-02
3.911202496210382240e-02
4.162236445366056248e-02
4.418791351236627668e-02
4.680602166324692587e-02
4.947399348819417342e-02
5.218909158143164584e-02
5.494853954380905792e-02
5.774952501226379015e-02
6.058920272068934326e-02
6.346469758847950171e-02
6.637310783295348460e-02
6.931150810186736955e-02
7.227695262218390704e-02
7.526647836128712299e-02
7.827710819678893039e-02
8.130585409112107975e-02
8.434972026705489512e-02
8.740570638035818907e-02
9.047081068576809382e-02
9.354203319251234994e-02
9.661637880561317615e-02
9.969086044925563883e-02
1.027625021685241308e-01
1.058283422058646228e-01
1.088854360486650880e-01
1.119308594443955418e-01
1.149617113798167001e-01
1.179751170208024058e-01
1.209682306094210236e-01
1.239382383149278816e-01
1.268823610354898046e-01
1.297978571474004972e-01
1.326820251987820276e-01
1.355322065447359947e-01
1.383457879210312769e-01
1.411202039535163766e-01
1.438529396005554239e-01
1.465415325258237200e-01
1.491835753989577684e-01
1.517767181216538031e-01
1.543186699768812065e-01
1.568072016990068041e-01
1.592401474627674618e-01
1.616154067890764323e-01
1.639309463658512045e-01
1.661848017820761747e-01
1.683750791735234287e-01
1.704999567786103787e-01
1.725576864030299584e-01
1.745465947919113692e-01
1.764650849083937434e-01
1.783116371176048931e-01
1.800848102752103108e-01
1.817832427197535738e-01
1.834056531682378144e-01
1.849508415144230922e-01
1.864176895295009961e-01
1.878051614649727530e-01
1.891123045575660577e-01
1.903382494362869937e-01
1.914822104317492335e-01
1.925434857880779504e-01
1.935214577777942258e-01
1.944155927202464440e-01
1.952254409042025185e-01
1.959506364154611768e-01
1.965908968703002913e-01
1.971460230558609028e-01
1.976158984785420236e-01
1.980004888216816417e-01
1.982998413138864491e-01
1.985140840094667125e-01
1.986434249825198839e-01
1.986881514364063350e-01
1.986486287303003140e-01
1.985252993247563214e-01
1.983186816481999348e-01
1.980293688864295798e-01
1.976580276972164374e-01
1.972053968522914369e-01
1.966722858089292314e-01
1.960595732135603508e-01
1.953682053398281271e-01
1.945991944636028814e-01
1.937536171775071647e-01
1.928326126476118674e-01
1.918373808149448634e-01
1.907691805445928535e-01
1.896293277251216158e-01
1.884191933211937786e-01
1.871402013821724941e-01
1.857938270096889666e-01
1.843815942869971025e-01
1.829050741731445828e-01
1.813658823648607588e-01
1.797656771291900879e-01
1.781061571098127294e-01
1.763890591100954752e-01
1.746161558558404492e-01
1.727892537407411111e-01
1.709101905575478864e-01
1.689808332178875383e-01
1.670030754637567560e-01
1.649788355735846701e-01
1.629100540658326157e-01
1.607986914029975734e-01
1.586467256988980945e-01
1.564561504321002883e-01
1.542289721682208459e-01
1.519672082939267643e-01
1.496728847652890326e-01
1.473480338731804895e-01
1.449946920283096685e-01
1.426148975684447817e-01
1.402106885903149358e-01
1.377841008086389818e-01
1.353371654446263450e-01
1.328719071462614032e-01
1.303903419426019616e-01
1.278944752342421887e-01
1.253862998220267033e-01
1.228677939760314392e-01
1.203409195467218251e-01
1.178076201201386369e-01
1.152698192188913173e-01
1.127294185506195756e-01
1.101882963055245412e-01
1.076483055044830384e-01
1.051112723991407538e-01
1.025789949253592959e-01
1.000532412111904412e-01
9.753574814060309017e-02
9.502821997395075049e-02
9.253232702619507144e-02
9.004970440372313256e-02
8.758195080057623594e-02
8.513062735473957143e-02
8.269725656512251499e-02
8.028332126971568505e-02
7.789026368535699463e-02
7.551948450939711954e-02
7.317234208354504721e-02
7.085015161999393130e-02
6.855418448991147662e-02
6.628566757425684297e-02
6.404578267680392789e-02
6.183566599916657386e-02
5.965640767756739266e-02
5.750905138094757063e-02
5.539459397000637275e-02
5.331398521662802231e-02
5.126812758310533152e-02
4.925787606049172873e-02
4.728403806533443970e-02
4.534737339396688327e-02
4.344859423349778371e-02
4.158836522854015422e-02
3.976730360266850922e-02
3.798597933354749129e-02
3.624491538059408657e-02
3.454458796400622367e-02
3.288542689390554219e-02
3.126781594833302758e-02
2.969209329874683903e-02
2.815855198166979448e-02
2.666744041504370138e-02
2.521896295786902470e-02
2.381328051160952475e-02
2.245051116185842535e-02
2.113073085870462511e-02
1.985397413422514135e-02
1.862023485548857868e-02
1.742946701145581256e-02
1.628158553212497722e-02
1.517646713826409019e-02
1.411395122005496688e-02
1.309384074296786847e-02
1.211590317917057846e-02
1.117987146278331609e-02
1.028544496727046113e-02
9.432290503284410099e-03
8.620043335251051722e-03
7.848308215027969409e-03
7.116660430926062542e-03
6.424646870459943711e-03
5.771787095133228997e-03
5.157574425643626087e-03
4.581477035865789971e-03
4.042939054017864568e-03
3.541381669418789194e-03
3.076204243282303075e-03
2.646785422009035379e-03
2.252484251474818743e-03
1.892641290829620831e-03
1.566579724369936014e-03
1.273606470060116092e-03
1.013013283331301237e-03
7.840778548087093793e-04
5.860649006594158272e-04
4.182272442933168233e-04
2.798068881860380202e-04
1.700360746333242972e-04
8.813833428968172645e-05
3.332952138480540512e-05
4.818834555211591813e-06
1.809822271685939796e-06
2.350137188882352575e-05
6.908868138706675136e-05
1.377642129233170979e-04
2.287186273529459200e-04
3.411416989314068290e-04
4.742232094491941161e-04
6.271538211051921712e-04
7.991259274613943904e-04
9.893344818784595776e-04
1.196977802870884252e-03
1.421258355869323489e-03
1.661383510924906767e-03
1.916566275934855450e-03
2.186026005010617123e-03
2.468989081665168978e-03
2.764689576524139922e-03
3.072369879326604294e-03
3.391281305011306039e-03
3.720684673732751590e-03
4.059850864690879926e-03
4.408061343701796635e-03
4.764608664471428438e-03
5.128796943579040125e-03
5.499942309213273761e-03
5.877373323734258123e-03
6.260431380186312449e-03
6.648471072903315744e-03
7.040860542391363941e-03
7.436981794712841168e-03
7.836230995608275962e-03
8.238018739642825883e-03
8.641770294680981013e-03
9.046925822027531913e-03
9.452940572588851287e-03
9.859285059452873798e-03
1.026544520728686453e-02
1.067092247899783727e-02
1.107523398009884440e-02
1.147791254127020558e-02
1.187850677959404085e-02
1.227658113898844397e-02
1.267171591035879362e-02
1.306350723201985496e-02
1.345156707092689911e-02
1.383552318531094429e-02
1.421501906927149887e-02
1.458971387994121779e-02
1.495928234780488988e-02
1.532341467078054791e-02
1.568181639269251859e-02
1.603420826673101346e-02
1.638032610453891286e-02
1.671992061153875983e-02
1.705275720913966911e-02
1.737861584443758586e-02
1.769729078805069855e-02
1.800859042070727251e-02
1.831233700921162943e-02
1.860836647241794969e-02
1.889652813781405802e-02
1.917668448934588613e-02
1.944871090707213368e-02
1.971249539926507588e-02
1.996793832753392811e-02
2.021495212557309490e-02
2.045346101209955317e-02
2.068340069854963242e-02
2.090471809209823104e-02
2.111737099452769273e-02
2.132132779751632831e-02
2.151656717483090009e-02
2.170307777196282470e-02
2.188085789369232162e-02
2.204991519007763051e-02
2.221026634133163244e-02
2.236193674204964288e-02
2.250496018523505046e-02
2.263937854655137874e-02
2.276524146921942923e-02
2.288260604995464090e-02
2.299153652634352077e-02
2.309210396601999241e-02
2.318438595800196775e-02
2.326846630653627707e-02
2.334443472776659076e-02
2.341238654954578766e-02
2.347242241468537952e-02
2.352464798791932196e-02
2.356917366685790799e-02
2.360611429716808971e-02
2.363558889223167994e-02
2.365772035748946525e-02
2.367263521968553108e-02
2.368046336120271586e-02
2.368133775966241306e-02
2.367539423295825229e-02
2.366277118987191591e-02
2.364360938639861742e-02
2.361805168792542944e-02
2.358624283734590474e-02
2.354832922923325716e-02
2.350445869013646771e-02
2.345478026508724181e-02
2.339944401036559221e-02
2.333860079258366985e-02
2.327240209412165250e-02
2.320099982493494667e-02
2.312454614076836501e-02
2.304319326776480686e-02
2.295709333347265707e-02
2.286639820424346201e-02
2.277125932899309868e-02
2.267182758929549638e-02
2.256825315577417126e-02
2.246068535074448314e-02
2.234927251705151607e-02
2.223416189304187884e-02
2.211549949360475803e-02
2.199342999720588568e-02
2.186809663883367352e-02
2.173964110877580486e-02
2.160820345712861565e-02
2.147392200395081829e-02
2.133693325495560414e-02
2.119737182263627812e-02
2.105537035272190757e-02
2.091105945584359471e-02
2.076456764430303914e-02
2.061602127381851821e-02
2.046554449012930044e-02
2.031325918033997230e-02
2.015928492887041068e-02
2.000373897789212846e-02
1.984673619211687820e-02
1.968838902780986611e-02
1.952880750590060485e-02
1.936809918905043129e-02
1.920636916255663920e-02
1.904372001895052874e-02
1.888025184616497903e-02
1.871606221913574633e-02
1.855124619470725073e-02
1.838589630971000990e-02
1.822010258208198175e-02
1.805395251490659811e-02
1.788753110322823664e-02
1.772092084354236208e-02
1.755420174580682793e-02
1.738745134787561888e-02
1.722074473221573906e-02
1.705415454480098750e-02
1.688775101605593729e-02
1.672160198373537007e-02
1.655577291763541889e-02
1.639032694601124870e-02
1.622532488360056355e-02
1.606082526114979009e-02
1.589688435632943472e-02
1.573355622594545256e-02
1.557089273934495789e-02
1.540894361292164186e-02
1.524775644562219833e-02
1.508737675537441709e-02
1.492784801633844846e-02
1.476921169689687438e-02
1.461150729831175131e-02
1.445477239395399384e-02
1.429904266904328397e-02
1.414435196081098751e-02
1.399073229902370562e-02
1.383821394679927118e-02
1.368682544164222595e-02
1.353659363663985496e-02
1.338754374176543555e-02
1.323969936521716094e-02
1.309308255474840241e-02
1.294771383893243179e-02
1.280361226831418058e-02
1.266079545639866785e-02
1.251927962043565198e-02
1.237907962194817815e-02
1.224020900698336543e-02
1.210268004602522984e-02
1.196650377355188040e-02
1.183169002719637770e-02
1.169824748647720243e-02
1.156618371107744070e-02
1.143550517863977864e-02
1.130621732205344850e-02
1.117832456621015852e-02
1.105183036421313568e-02
1.092673723300755136e-02
1.080304678842883455e-02
1.068075977964739673e-02
1.055987612298785183e-02
1.044039493512450428e-02
1.032231456563330492e-02
1.020563262888927146e-02
1.009034603530702991e-02
9.976451021914706924e-03
9.863943182251708533e-03
9.752817495596635342e-03
9.643068355507848285e-03
9.534689597689618989e-03
9.427674527167259969e-03
9.322015944788422312e-03
9.217706173034924053e-03
9.114737081159741613e-03
9.013100109643150046e-03
8.912786293977962432e-03
8.813786287784447851e-03
8.716090385259465945e-03
8.619688542969171710e-03
8.524570400988962932e-03
8.430725303395612477e-03
8.338142318124590682e-03
8.246810256194730612e-03
8.156717690313317753e-03
8.067852972864294689e-03
7.980204253299443343e-03
7.893759494927252152e-03
7.808506491122594630e-03
7.724432880961321947e-03
7.641526164289976636e-03
7.559773716240938621e-03
7.479162801208325516e-03
7.399680586288776701e-03
7.321314154204003506e-03
7.244050515713059205e-03
7.167876621526569035e-03
7.092779373733527210e-03
7.018745636754902123e-03
6.945762247830192422e-03
6.873816027055253478e-03
6.802893786975208051e-03
6.732982341750487487e-03
6.664068515903624063e-03
6.596139152659562070e-03
6.529181121888505586e-03
6.463181327665918838e-03
6.398126715459441331e-03
6.334004278949258507e-03
6.270801066502198172e-03
6.208504187299732253e-03
6.147100817139032614e-03
6.086578203909731588e-03
6.026923672766256769e-03
5.968124630992569825e-03
5.910168572585083012e-03
5.853043082549782596e-03
5.796735840929772773e-03
5.741234626572801897e-03
5.686527320645636159e-03
5.632601909905372503e-03
5.579446489736033035e-03
5.527049266961293374e-03
5.475398562437129232e-03
5.424482813438514898e-03
5.374290575843177278e-03
5.324810526122907527e-03
5.276031463149919061e-03
5.227942309824598448e-03
5.180532114533268999e-03
5.133790052442044685e-03
5.087705426634190307e-03
5.042267669097616305e-03
4.997466341569044637e-03
4.953291136240000475e-03
4.909731876334472514e-03
4.866778516558570647e-03
4.824421143432517343e-03
4.782649975509927105e-03
4.741455363487171240e-03
4.700827790210029659e-03
4.660757870584381242e-03
4.621236351392241613e-03
4.582254111019717739e-03
4.543802159102680246e-03
4.505871636092262898e-03
4.468453812745864367e-03
4.431540089548023816e-03
4.395121996063914606e-03
4.359191190230371493e-03
4.323739457588042165e-03
4.288758710457809056e-03
4.254240987065224106e-03
4.220178450616042520e-03
4.186563388326534040e-03
4.153388210411265713e-03
4.120645449030911449e-03
4.088327757203623694e-03
4.056427907682865971e-03
4.024938791803133083e-03
3.993853418296631173e-03
3.963164912085061914e-03
3.932866513044691939e-03
3.902951574751969965e-03
3.873413563206632836e-03
3.844246055540084632e-03
3.815442738704880304e-03
3.786997408150872321e-03
3.758903966490850096e-03
3.731156422152870616e-03
3.703748888024428927e-03
3.676675580090827278e-03
3.649930816063615135e-03
3.623509014008272858e-03
3.597404690966244517e-03
3.571612461574525613e-03
3.546127036685955969e-03
3.520943221988065419e-03
3.496055916624331641e-03
3.471460111816146617e-03
3.447150889489532331e-03
3.423123420905055739e-03
3.399372965292700704e-03
3.375894868493126318e-03
3.352684561603817576e-03
3.329737559635181660e-03
3.307049460171398222e-03
3.284615942041934755e-03
3.262432764001584225e-03
3.240495763419986436e-03
3.218800854981252856e-03
3.197344029395204120e-03
3.176121352117418188e-03
3.155128962084070062e-03
3.134363070456058775e-03
3.113819959376890739e-03
3.093495980741306235e-03
3.073387554980027553e-03
3.053491169854411977e-03
3.033803379266488288e-03
3.014320802081579993e-03
2.995040120966111288e-03
2.975958081237825396e-03
2.957071489731775017e-03
2.938377213679254241e-03
2.919872179602607965e-03
2.901553372223006615e-03
2.883417833385109284e-03
2.865462660993774949e-03
2.847685007968215037e-03
2.830082081208946509e-03
2.812651140580856631e-03
2.795389497910775664e-03
2.778294515999551410e-03
2.761363607649973059e-03
2.744594234708746736e-03
2.727983907123201872e-03
2.711530182013741075e-03
2.695230662759952669e-03
2.679082998102512263e-03
2.663084881258109913e-03
2.647234049050795589e-03
2.631528281056665086e-03
2.615965398762487050e-03
2.600543264740155878e-03
2.585259781833670195e-03
2.570112892361150949e-03
2.555100577330377334e-03
2.540220855668483702e-03
2.525471783464540692e-03
2.510851453226926183e-03
2.496357993152953803e-03
2.481989566412695376e-03
2.467744370444736098e-03
2.453620636266523516e-03
2.439616627796165668e-03
2.425730641187734925e-03
2.411961004178717061e-03
2.398306075450192757e-03
2.384764243998503414e-03
2.371333928520132951e-03
2.358013576807418184e-03
2.344801665156388826e-03
2.331696697786764857e-03
2.318697206271874353e-03
2.305801748981939521e-03
2.293008910536425797e-03
2.280317301268386995e-03
2.267725556699472494e-03
2.255232337025383539e-03
2.242836326611390499e-03
2.230536233499032153e-03
2.218330788921785666e-03
2.206218746831404686e-03
2.194198883434361758e-03
2.182269996735949555e-03
2.170430906096875150e-03
2.158680451796286641e-03
2.147017494605580213e-03
2.135440915370197344e-03
2.123949614601149029e-03
2.112542512074449923e-03
2.101218546438992328e-03
2.089976674833609466e-03
2.078815872511093673e-03
2.067735132470874780e-03
2.056733465100020822e-03
2.045809897820583499e-03
2.034963474746050074e-03
2.024193256344064551e-03
2.013498319106942110e-03
2.002877755229726976e-03
1.992330672293493934e-03
1.981856192958124027e-03
1.971453454659555411e-03
1.961121609314518677e-03
1.950859823031792775e-03
1.940667275829826080e-03
1.930543161359512833e-03
1.920486686634835906e-03
1.910497071767649699e-03
1.900573549709466551e-03
1.890715365997865322e-03
1.880921778509998463e-03
1.871192057219706658e-03
1.861525483961146924e-03
1.851921352197599723e-03
1.842378966794559108e-03
1.832897643798568274e-03
1.823476710220825817e-03
1.814115503825069163e-03
1.804813372920796620e-03
1.795569676160186767e-03
1.786383782340634227e-03
1.777255070210342468e-03
1.768182928279268644e-03
1.759166754633406486e-03
1.750205956753925337e-03
1.741299951339317408e-03
1.732448164132214478e-03
1.723650029750016868e-03
1.714904991518397285e-03
1.706212501309426399e-03
1.697572019382629022e-03
1.688983014229308724e-03
1.680444962421575282e-03
1.671957348462335766e-03
1.663519664641272596e-03
1.655131410891191738e-03
1.646792094650105899e-03
1.638501230723953287e-03
1.630258341153976043e-03
1.622062955086013385e-03
1.613914608642846990e-03
1.605812844799727000e-03
1.597757213261653776e-03
1.589747270343926577e-03
1.581782578855012210e-03
1.573862707981860728e-03
1.565987233178427543e-03
1.558155736054526877e-03
1.550367804269651723e-03
1.542623031426644618e-03
1.534921016969673351e-03
1.527261366082171981e-03
1.519643689589071167e-03
1.512067603859741909e-03
1.504532730712470397e-03
1.497038697322846399e-03
1.489585136132080302e-03
1.482171684758296732e-03
1.474797985909014932e-03
1.467463687295892955e-03
1.460168441551035938e-03
1.452911906144787550e-03
1.445693743305760540e-03
1.438513619941349329e-03
1.431371207561499530e-03
1.424266182201952948e-03
1.417198224351042240e-03
1.410167018876580351e-03
1.403172254954502662e-03
1.396213625999178374e-03
1.389290829595177766e-03
1.382403567429276239e-03
1.375551545225627264e-03
1.368734472680527888e-03
1.361952063399195006e-03
1.355204034833679388e-03
1.348490108222002905e-03
1.341810008528407936e-03
1.335163464384327321e-03
1.328550208031283129e-03
1.321969975264215618e-03
1.315422505376144698e-03
1.308907541103771811e-03
1.302424828573911682e-03
1.295974117251663107e-03
1.289555159888235852e-03
1.283167712471154978e-03
1.276811534174247245e-03
1.270486387309431846e-03
1.264192037278176776e-03
1.257928252525594356e-03
1.251694804493676131e-03
1.245491467576072741e-03
1.239318019074005500e-03
1.233174239152275966e-03
1.227059910796711017e-03
1.220974819771569742e-03
1.214918754578638450e-03
1.208891506416159573e-03
1.202892869139153987e-03
1.196922639219796672e-03
1.190980615709344957e-03
1.185066600199597732e-03
1.179180396786154439e-03
1.173321812031183787e-03
1.167490654927795567e-03
1.161686736864628007e-03
1.155909871590539645e-03
1.150159875181087964e-03
1.144436566003894339e-03
1.138739764686454506e-03
1.133069294083027898e-03
1.127424979242573231e-03
1.121806647377394245e-03
1.116214127832071456e-03
1.110647252052914761e-03
1.105105853558081960e-03
1.099589767907799406e-03
1.094098832675535022e-03
1.088632887419067235e-03
1.083191773652966402e-03
1.077775334820253120e-03
1.072383416265196895e-03
1.067015865207093838e-03
1.061672530713155330e-03
1.056353263672880297e-03
1.051057916772336204e-03
1.045786344468951348e-03
1.040538402966599465e-03
1.035313950191679190e-03
1.030112845768302093e-03
1.024934950994948937e-03
1.019780128821489362e-03
1.014648243825561893e-03
1.009539162190263659e-03
1.004452751682022478e-03
9.993888816281846620e-04
9.943474228958949779e-04
9.893282478702712223e-04
9.843312304337423647e-04
9.793562459453593674e-04
9.744031712202258109e-04
9.694718845094517541e-04
9.645622654805511426e-04
9.596741951976691049e-04
9.548075561025646130e-04
9.499622319954673750e-04
9.451381080164628426e-04
9.403350706272834694e-04
9.355530075929721417e-04
9.307918079638614374e-04
9.260513620582918768e-04
9.213315614448836996e-04
9.166322989255988075e-04
9.119534685187596652e-04
9.072949654425350573e-04
9.026566860981619523e-04
8.980385280540361358e-04
8.934403900296239518e-04
8.888621718799314319e-04
8.843037745794048686e-04
8.797651002071850152e-04
8.752460519317317982e-04
8.707465339959715063e-04
8.662664517023307888e-04
8.618057113986603507e-04
8.573642204636272796e-04
8.529418872925876747e-04
8.485386212837563473e-04
8.441543328245165994e-04
8.397889332776489052e-04
8.354423349680686244e-04
8.311144511696007958e-04
8.268051960920114532e-04
8.225144848680256051e-04
8.182422335407373709e-04
8.139883590510217431e-04
8.097527792252079675e-04
8.055354127628068083e-04
8.013361792246326797e-04
7.971549990207005883e-04
7.929917933986882711e-04
7.888464844321398583e-04
7.847189950093622340e-04
7.806092488217219409e-04
7.765171703528283122e-04
7.724426848674982452e-04
7.683857184005941227e-04
7.643461977468662483e-04
7.603240504496676030e-04
7.563192047911415986e-04
7.523315897814274351e-04
7.483611351487977651e-04
7.444077713295313772e-04
7.404714294576090474e-04
7.365520413555040006e-04
7.326495395240498242e-04
7.287638571329943570e-04
7.248949280116380369e-04
7.210426866394250862e-04
7.172070681365938939e-04
7.133880082552230238e-04
7.095854433703984365e-04
7.057993104710038419e-04
7.020295471511375047e-04
6.982760916011848153e-04
6.945388825997567041e-04
6.908178595049151941e-04
6.871129622455640759e-04
6.834241313138002955e-04
6.797513077562751397e-04
6.760944331663906910e-04
6.724534496762159079e-04
6.688282999486505533e-04
6.652189271696688127e-04
6.616252750408179156e-04
6.580472877712002441e-04
6.544849100705228380e-04
6.509380871412736832e-04
6.474067646717348960e-04
6.438908888283794308e-04
6.403904062491868644e-04
6.369052640362367779e-04
6.334354097487899203e-04
6.299807913967415789e-04
6.265413574332980105e-04
6.231170567487051993e-04
6.197078386632294067e-04
6.163136529209432835e-04
6.129344496831002015e-04
6.095701795215779754e-04
6.062207934127878143e-04
6.028862427312558451e-04
5.995664792435083205e-04
5.962614551020057252e-04
5.929711228389346334e-04
5.896954353605131545e-04
5.864343459408079447e-04
5.831878082161543603e-04
5.799557761792263058e-04
5.767382041734288485e-04
5.735350468873123006e-04
5.703462593489204901e-04
5.671717969203732192e-04
5.640116152925712381e-04
5.608656704794830411e-04
5.577339188131308660e-04
5.546163169384057132e-04
5.515128218077037982e-04
5.484233906759774938e-04
5.453479810954745639e-04
5.422865509111191376e-04
5.392390582552438957e-04
5.362054615428348686e-04
5.331857194668482248e-04
5.301797909931976792e-04
5.271876353564141065e-04
5.242092120546421648e-04
5.212444808453537944e-04
5.182934017405706802e-04
5.153559350027080719e-04
5.124320411398550342e-04
5.095216809016273746e-04
5.066248152747111376e-04
5.037414054785968121e-04
5.008714129616311005e-04
4.980147993966576670e-04
4.951715266767823522e-04
4.923415569116761526e-04
4.895248524232977171e-04
4.867213757419889186e-04
4.839310896028725380e-04
4.811539569414507826e-04
4.783899408903235693e-04
4.756390047751222236e-04
4.729011121109510745e-04
4.701762265988246575e-04
4.674643121215232974e-04
4.647653327408361994e-04
4.620792526935020876e-04
4.594060363877888720e-04
4.567456484002137209e-04
4.540980534720566995e-04
4.514632165061131515e-04
4.488411025633982118e-04
4.462316768596087842e-04
4.436349047624669204e-04
4.410507517880545665e-04
4.384791835978694660e-04
4.359201659959470909e-04
4.333736649253833347e-04
4.308396464658256677e-04
4.283180768302502928e-04
4.258089223619764691e-04
4.233121495319815391e-04
4.208277249361543201e-04
4.183556152921345458e-04
4.158957874370068229e-04
4.134482083241426209e-04
4.110128450209467581e-04
4.085896647061130148e-04
4.061786346666751576e-04
4.037797222961161990e-04
4.013928950911377466e-04
3.990181206497797790e-04
3.966553666687464073e-04
3.943046009408194023e-04
3.919657913527729485e-04
3.896389058830042286e-04
3.873239125991283921e-04
3.850207796558180115e-04
3.827294752926054585e-04
3.804499678315484542e-04
3.781822256753673557e-04
3.759262173050581762e-04
3.736819112780157773e-04
3.714492762258191148e-04
3.692282808524921783e-04
3.670188939323065845e-04
3.648210843079113287e-04
3.626348208885579998e-04
3.604600726479856646e-04
3.582968086229917806e-04
3.561449979111176961e-04
3.540046096695468832e-04
3.518756131125908362e-04
3.497579775108140658e-04
3.476516721887465411e-04
3.455566665235922964e-04
3.434729299435724452e-04
3.414004319263141095e-04
3.393391419973314531e-04
3.372890297286978045e-04
3.352500647373342444e-04
3.332222166837794149e-04
3.312054552706655657e-04
3.291997502414492236e-04
3.272050713791724384e-04
3.252213885047903997e-04
3.232486714763996489e-04
3.212868901876049987e-04
3.193360145666367762e-04
3.173960145748948476e-04
3.154668602059819979e-04
3.135485214845631333e-04
3.116409684652512091e-04
3.097441712315892725e-04
3.078580998950497440e-04
3.059827245939936375e-04
3.041180154928157750e-04
3.022639427809145781e-04
3.004204766718588586e-04
2.985875874023673671e-04
2.967652452318716972e-04
2.949534204412777470e-04
2.931520833322880386e-04
2.913612042269564904e-04
2.895807534665985773e-04
2.878107014111593487e-04
