2.519511344995675035e-04
3.713199430500157151e-03
2.386413029872927905e-03
8.943675605327780411e-04
5.036585538143852070e-03
1.144069323694780864e-02
1.902551581002753442e-02
1.773613958296223897e-02
1.661399366991573451e-02
1.647322508993854032e-02
6.983493025933695635e-03
2.466644025844462462e-03
4.813764926905278116e-03
8.653269813839181701e-03
9.486932737918923886e-03
7.349653947481119866e-03
8.387146045039092085e-03
4.982436502106708451e-03
5.583817970408088555e-03
6.024396917064829896e-03
6.234034092630214539e-03
4.759898275735439076e-03
1.755359171994389823e-03
7.143451190970655619e-04
3.703122791749726642e-03
6.739860683888417546e-03
1.133254889476013449e-03
4.692458059280494730e-04
1.949171783370607074e-03
1.194481615876389008e-03
8.474199915339755565e-04
4.109191306944039515e-03
1.826896646500663062e-03
1.286356284497687779e-03
