0.000000000000000000e+00
2.284154613846702810e-08
9.122639260355869164e-08
2.041481912234330647e-07
3.595507145589017824e-07
5.543567618941232133e-07
7.845131788742035563e-07
1.045051872919721998e-06
1.330166667928574994e-06
1.633305803380541490e-06
1.947279844927288598e-06
2.264384735855721045e-06
2.576539681514899969e-06
2.875439522085749418e-06
3.152721212808811624e-06
3.400143995216404945e-06
3.609782807868198752e-06
3.774234451053216474e-06
3.886835986282333538e-06
3.941894818945269237e-06
3.934929880661452455e-06
3.862923297278009785e-06
3.724581898459330793e-06
3.520607896459301143e-06
3.253978033638357841e-06
2.930230472271283391e-06
2.557758674770392674e-06
2.148111498426764650e-06
1.716298706325192625e-06
1.281101074636478326e-06
8.653842566136864520e-07
4.964155452953631219e-07
2.061826597761824739e-07
3.171366463288607825e-08
1.539711813927469936e-08
2.053015326908399037e-07
6.554932202220067888e-07
1.426351586492790792e-06
2.584880930843962116e-06
4.205017802576943327e-06
6.367932961362074478e-06
9.162326987165942321e-06
1.268471858496575429e-05
1.703972463144140981e-05
2.234033101419484750e-05
2.870815331953829243e-05
3.627368643228682187e-05
4.517654212015408854e-05
5.556567368635022296e-05
6.759958678718890816e-05
8.144653552626714968e-05
9.728470295369555008e-05
1.153023651174471558e-04
1.356980378349655623e-04
1.586806053742370051e-04
1.844694302608450851e-04
2.132944434495306712e-04
2.453962141311810414e-04
2.810259984724494285e-04
3.204457666190113131e-04
3.639282073263191606e-04
4.117567096156350714e-04
4.642253208919609199e-04
5.216386809966814045e-04
5.843119317092444883e-04
6.525706012526389255e-04
7.267504634016811425e-04
8.071973708353142284e-04
8.942670624220894378e-04
9.883249441743511762e-04
1.089745843653553955e-03
1.198913737661083927e-03
1.316221453096282730e-03
1.442070340918761694e-03
1.576869923200880817e-03
1.721037513311317194e-03
1.874997809325415271e-03
2.039182460810283655e-03
2.214029609191544169e-03
2.399983401959632310e-03
2.597493481034547462e-03
2.807014445661254465e-03
3.029005290265393297e-03
3.263928817756544046e-03
3.512251028820213665e-03
3.774440487801071671e-03
4.050967665831257253e-03
4.342304261915856146e-03
4.648922502742546155e-03
4.971294422039253605e-03
5.309891120353053655e-03
5.665182006183714508e-03
6.037634019448873991e-03
6.427710838318275582e-03
6.835872070499704814e-03
7.262572430106130524e-03
7.708260901287464564e-03
8.173379889850044058e-03
8.658364364135666055e-03
9.163640986470752980e-03
9.689627236542340538e-03
1.023673052808887589e-02
1.080534732033948571e-02
1.139586222566028352e-02
1.200864711490778718e-02
1.264406022201435172e-02
1.330244524935584281e-02
1.398413047548533253e-02
1.468942786682730234e-02
1.541863219495746146e-02
1.617202016110262652e-02
1.694984952951247500e-02
1.775235827136572436e-02
1.857976372087491446e-02
1.943226174527672850e-02
2.031002593037110199e-02
2.121320678329132597e-02
2.214193095417611376e-02
2.309630047840304651e-02
2.407639204103573932e-02
2.508225626512580048e-02
2.611391702548222435e-02
2.717137078951204973e-02
2.825458598670368277e-02
2.936350240830021274e-02
3.049803063867443861e-02
3.165805151989331545e-02
3.284341565090524023e-02
3.405394292276135021e-02
3.528942209122178791e-02
3.654961038806343876e-02
3.783423317234189259e-02
3.914298362282503385e-02
4.047552247273701609e-02
4.183147778791099225e-02
4.321044478937897254e-02
4.461198572135963852e-02
4.603562976554022301e-02
4.748087300248554632e-02
4.894717842091615700e-02
5.043397597554798856e-02
5.194066269408362940e-02
5.346660283388528223e-02
5.501112808876739563e-02
5.657353784627335708e-02
5.815309949570249271e-02
5.974904878708169054e-02
6.136059024118561966e-02
6.298689761061113113e-02
6.462711439183495277e-02
6.628035438808731195e-02
6.794570232278153432e-02
6.962221450315475568e-02
7.130891953367678171e-02
7.300481907868981712e-02
7.470888867366752562e-02
7.642007858436515588e-02
7.813731471305851439e-02
7.985949955097633446e-02
8.158551317593536190e-02
8.331421429410866553e-02
8.504444132475214024e-02
8.677501352665298318e-02
8.850473216495892415e-02
9.023238171697098298e-02
9.195673111540567102e-02
9.367653502754692829e-02
9.539053516863503501e-02
9.709746164776729416e-02
9.879603434450894006e-02
1.004849643143461424e-01
1.021629552210528841e-01
1.038287047939691482e-01
1.054809063081369180e-01
1.071182500851902003e-01
1.087394250128198986e-01
1.103431200806119783e-01
1.119280259300024366e-01
1.134928364160385506e-01
1.150362501786219016e-01
1.165569722208597142e-01
1.180537154921233317e-01
1.195252024733943069e-01
1.209701667624604182e-01
1.223873546564884507e-01
1.237755267295218842e-01
1.251334594024162139e-01
1.264599465027309300e-01
1.277538008121163193e-01
1.290138555987069280e-01
1.302389661320860481e-01
1.314280111783580618e-01
1.325798944729252860e-01
1.336935461685760385e-01
1.347679242565008317e-01
1.358020159579351183e-01
1.367948390841184081e-01
1.377454433623267749e-01
1.386529117257951360e-01
1.395163615653600697e-01
1.403349459407594313e-01
1.411078547495319968e-01
1.418343158515854296e-01
1.425135961475072488e-01
1.431450026088087191e-01
1.437278832583609167e-01
1.442616280993377353e-01
1.447456699910910916e-01
1.451794854704564486e-01
1.455625955170758434e-01
1.458945662614131999e-01
1.461750096342432081e-01
1.464035839564860053e-01
1.465799944683386924e-01
1.467039937968034335e-01
1.467753823607525210e-01
1.467940087128387083e-01
1.467597698175995002e-01
1.466726112652847192e-01
1.465325274209709205e-01
1.463395615086862112e-01
1.460938056303656141e-01
1.457954007195533808e-01
1.454445364298886656e-01
1.450414509585330747e-01
1.445864308047873081e-01
1.440798104642568023e-01
1.435219720590526216e-01
1.429133449046053328e-01
1.422544050137675153e-01
1.415456745390197835e-01
1.407877211536479600e-01
1.399811573729203285e-01
1.391266398163342188e-01
1.382248684121455407e-01
1.372765855454550488e-01
1.362825751512521943e-01
1.352436617538691210e-01
1.341607094544119416e-01
1.330346208678199194e-01
1.318663360112520277e-01
1.306568311456283438e-01
1.294071175721748512e-01
1.281182403859359997e-01
1.267912771882434841e-01
1.254273367602290468e-01
1.240275576995020085e-01
1.225931070221772529e-01
1.211251787324828660e-01
1.196249923622328265e-01
1.180937914824763957e-01
1.165328421896831973e-01
1.149434315688559055e-01
1.133268661359735502e-01
1.116844702622183383e-01
1.100175845824343801e-01
1.083275643902874424e-01
1.066157780226076462e-01
1.048836052354014531e-01
1.031324355740110971e-01
1.013636667398983837e-01
9.957870295653963033e-02
9.777895333685819590e-02
9.596583025466290384e-02
9.414074772248341716e-02
9.230511977821082015e-02
9.046035888288080085e-02
8.860787433194183826e-02
8.674907068227435958e-02
8.488534619721441188e-02
8.301809131176469958e-02
8.114868712014423890e-02
7.927850388775749269e-02
7.740889958961705286e-02
7.554121847719963423e-02
7.367678967562243941e-02
7.181692581299697897e-02
6.996292168372421350e-02
6.811605294742462124e-02
6.627757486513714824e-02
6.444872107432073061e-02
6.263070240413197431e-02
6.082470573236791606e-02
5.903189288536999507e-02
5.725339958210801800e-02
5.549033442358505125e-02
5.374377792859916930e-02
5.201478161682578094e-02
5.030436714008326010e-02
4.861352546256856449e-02
4.694321609074559448e-02
4.529436635348606938e-02
4.366787073297492133e-02
4.206459024678841502e-02
4.048535188148820463e-02
3.893094807795330348e-02
3.740213626860813823e-02
3.589963846660635532e-02
3.442414090694171508e-02
3.297629373937543962e-02
3.155671077298201344e-02
3.016596927202979186e-02
2.880460980283774258e-02
2.747313613116298542e-02
2.617201516959750257e-02
2.490167697437592823e-02
2.366251479092467552e-02
2.245488514740643510e-02
2.127910799544518658e-02
2.013546689715795673e-02
1.902420925753673525e-02
1.794554660118562184e-02
1.689965489233595866e-02
1.588667489702360464e-02
1.490671258625205289e-02
1.395983957890847491e-02
1.304609362316328826e-02
1.216547911503525897e-02
1.131796765275818774e-02
1.050349862555138847e-02
9.721979835363551287e-03
8.973288150119921106e-03
8.257270186982376345e-03
7.573743024101370173e-03
6.922494939315065356e-03
6.303286174240428467e-03
5.715849722173642344e-03
5.159892138213779088e-03
4.635094370007925534e-03
4.141112607513820244e-03
3.677579150169519445e-03
3.244103289859648354e-03
2.840272208074225407e-03
2.465651885652907476e-03
2.119788023526120342e-03
1.802206972866907684e-03
1.512416673086586618e-03
1.249907596120612046e-03
1.014153695471505532e-03
8.046133584957205521e-04
6.207303604472252370e-04
4.619348188131521546e-04
3.276441465090518344e-04
2.172640025275320019e-04
1.301892386697640837e-04
6.580484102104815485e-05
2.348686486803083835e-05
2.603361794097933561e-06
2.515297726177423638e-06
2.257746074869503686e-05
6.213935754129737302e-05
1.205460973401656935e-04
1.971392623673733351e-04
2.912577637170111881e-04
4.022386817342227510e-04
5.294180899684389815e-04
6.721318618319318487e-04
8.297164591393416545e-04
1.001509701757266049e-03
1.186851517636817359e-03
1.385084672554332290e-03
1.595555478934005973e-03
1.817614483175115534e-03
2.050617130955197445e-03
2.293924410031241735e-03
2.546903470107147755e-03
2.808928219387820443e-03
3.079379897484158315e-03
3.357647624382462462e-03
3.643128925241076715e-03
3.935230230818043996e-03
4.233367353381649496e-03
4.536965938005466277e-03
4.845461889179043455e-03
5.158301772726970637e-03
5.474943193052607231e-03
5.794855145775456608e-03
6.117518345867476760e-03
6.442425531428319641e-03
6.769081743279792458e-03
7.097004580595674475e-03
7.425724432816326048e-03
7.754784688129940859e-03
8.083741918835167864e-03
8.412166043929350176e-03
8.739640469296811390e-03
9.065762205895637124e-03
9.390141966370708568e-03
9.712404240543060299e-03
1.003218735025096855e-02
1.034914348403348505e-02
1.066293871217658361e-02
1.097325298265162605e-02
1.127978009849562452e-02
1.158222767720181595e-02
1.188031709269678389e-02
1.217378340050044062e-02
1.246237524666143209e-02
1.274585476109483390e-02
1.302399743593089798e-02
1.329659198950683061e-02
1.356344021663363764e-02
1.382435682577710587e-02
1.407916926378488011e-02
1.432771752881416456e-02
1.456985397208560885e-02
1.480544308911864448e-02
1.503436130107604386e-02
1.525649672686009775e-02
1.547174894658780685e-02
1.568002875707256299e-02
1.588125791993220959e-02
1.607536890293708928e-02
1.626230461519960480e-02
1.644201813680395627e-02
1.661447244346081140e-02
1.677964012676320602e-02
1.693750311060593025e-02
1.708805236432040311e-02
1.723128761307058179e-02
1.736721704602610383e-02
1.749585702283760688e-02
1.761723177890043776e-02
1.773137312990191380e-02
1.783832017611503007e-02
1.793811900689393918e-02
1.803082240580764287e-02
1.811648955683838394e-02
1.819518575204651101e-02
1.826698210109048773e-02
1.833195524297954668e-02
1.839018706041225387e-02
1.844176439703892889e-02
1.848677877797421515e-02
1.852532613386442817e-02
1.855750652879635185e-02
1.858342389232271047e-02
1.860318575586085432e-02
1.861690299369993251e-02
1.862468956884356583e-02
1.862666228389322359e-02
1.862294053716249259e-02
1.861364608419842012e-02
1.859890280486941813e-02
1.857883647616321091e-02
1.855357455082562099e-02
1.852324594195575713e-02
1.848798081365444698e-02
1.844791037781785825e-02
1.840316669714542677e-02
1.835388249442563777e-02
1.830019096814408663e-02
1.824222561444820839e-02
1.818012005549708363e-02
1.811400787420020322e-02
1.804402245535139532e-02
1.797029683314346760e-02
1.789296354504756395e-02
1.781215449202119133e-02
1.772800080500804704e-02
1.764063271768323560e-02
1.755017944538214344e-02
1.745676907014809959e-02
1.736052843183217079e-02
1.726158302515599582e-02
1.716005690265969691e-02
1.705607258343295671e-02
1.694975096753836841e-02
1.684121125602058844e-02
1.673057087638587723e-02
1.661794541345101156e-02
1.650344854542758546e-02
1.638719198513410163e-02
1.626928542620298748e-02
1.614983649415257724e-02
1.602895070220122786e-02
1.590673141168035681e-02
1.578327979691960398e-02
1.565869481445990308e-02
1.553307317646272431e-02
1.540650932817002640e-02
1.527909542928104596e-02
1.515092133909953266e-02
1.502207460531361505e-02
1.489264045627085829e-02
1.476270179660120474e-02
1.463233920605464151e-02
1.450163094141371234e-02
1.437065294133869908e-02
1.423947883401643737e-02
1.410817994747146954e-02
1.397682532241176917e-02
1.384548172747209795e-02
1.371421367672994232e-02
1.358308344936489179e-02
1.345215111133756490e-02
1.332147453896343793e-02
1.319110944426146043e-02
1.306110940196625325e-02
1.293152587807668875e-02
1.280240825984141351e-02
1.267380388706465001e-02
1.254575808462756077e-02
1.241831419612507252e-02
1.229151361851057132e-02
1.216539583766148951e-02
1.203999846476182245e-02
1.191535727341715839e-02
1.179150623741218561e-02
1.166847756902526095e-02
1.154630175782143942e-02
1.142500760984000753e-02
1.130462228710900699e-02
1.118517134740797635e-02
1.106667878421368351e-02
1.094916706676134222e-02
1.083265718015946101e-02
1.071716866549683213e-02
1.060271965988811120e-02
1.048932693639922226e-02
1.037700594380628304e-02
1.026577084613534974e-02
1.015563456194272171e-02
1.004660880328737092e-02
9.938704114358430305e-03
9.831929909722016137e-03
9.726294512145409327e-03
9.621805189976734632e-03
9.518468194037741151e-03
9.416288794012222380e-03
9.315271314299020805e-03
9.215419169305502645e-03
9.116734898163843248e-03
9.019220198848546671e-03
8.922875961677272788e-03
8.827702302181094154e-03
8.733698593329274409e-03
8.640863497097880583e-03
8.549194995369968283e-03
8.458690420161453852e-03
8.369346483162995454e-03
8.281159304593362427e-03
8.194124441361166911e-03
8.108236914528362330e-03
8.023491236079064934e-03
7.939881434988433490e-03
7.857401082594727901e-03
7.776043317275908515e-03
7.695800868433090233e-03
7.616666079784351236e-03
7.538630931973972979e-03
7.461687064502071920e-03
7.385825796980977249e-03
7.311038149724564082e-03
7.237314863678363970e-03
7.164646419699389167e-03
7.093023057192666785e-03
7.022434792114966642e-03
6.952871434354362598e-03
6.884322604497060058e-03
6.816777749990186701e-03
6.750226160713156121e-03
6.684656983966430661e-03
6.620059238891338321e-03
6.556421830331959216e-03
6.493733562148377991e-03
6.431983149997676230e-03
6.371159233590694901e-03
6.311250388439242597e-03
6.252245137104811036e-03
6.194131959961067524e-03
6.136899305483721999e-03
6.080535600078890851e-03
6.025029257461901946e-03
5.970368687600016190e-03
5.916542305231700487e-03
5.863538537971835218e-03
5.811345834018369003e-03
5.759952669469979060e-03
5.709347555267784043e-03
5.659519043771904512e-03
5.610455734985256120e-03
5.562146282435232771e-03
5.514579398726048194e-03
5.467743860769958518e-03
5.421628514710499433e-03
5.376222280549087379e-03
5.331514156482250640e-03
5.287493222962819962e-03
5.244148646493983906e-03
5.201469683165569485e-03
5.159445681943489875e-03
5.118066087720933056e-03
5.077320444140205266e-03
5.037198396194029516e-03
4.997689692617640796e-03
4.958784188076739881e-03
4.920471845160673263e-03
4.882742736190817320e-03
4.845587044850396125e-03
4.808995067641829574e-03
4.772957215183556284e-03
4.737464013348208214e-03
4.702506104253470834e-03
4.668074247110736742e-03
4.634159318935997078e-03
4.600752315134822371e-03
4.567844349960458773e-03
4.535426656858279962e-03
4.503490588696309332e-03
4.472027617890978780e-03
4.441029336432335967e-03
4.410487455814766401e-03
4.380393806875249561e-03
4.350740339549334472e-03
4.321519122544013360e-03
4.292722342935251928e-03
4.264342305694134895e-03
4.236371433144189846e-03
4.208802264356284462e-03
4.181627454482005242e-03
4.154839774032670872e-03
4.128432108104844976e-03
4.102397455556781349e-03
4.076728928138596310e-03
4.051419749580324574e-03
4.026463254640406941e-03
4.001852888116022751e-03
3.977582203820703710e-03
3.953644863530500660e-03
3.930034635899689460e-03
3.906745395351930543e-03
3.883771120946380353e-03
3.861105895221546725e-03
3.838743903019834619e-03
3.816679430294446680e-03
3.794906862899956150e-03
3.773420685368615145e-03
3.752215479675564177e-03
3.731285923992023936e-03
3.710626791429979133e-03
3.690232948779965071e-03
3.670099355241492924e-03
3.650221061150156054e-03
3.630593206699990125e-03
3.611211020664730365e-03
3.592069819116929484e-03
3.573165004148400048e-03
3.554492062590531957e-03
3.536046564737486530e-03
3.517824163072208639e-03
3.499820590996196700e-03
3.482031661564070468e-03
3.464453266223546830e-03
3.447081373562347565e-03
3.429912028060652131e-03
3.412941348852208904e-03
3.396165528494279624e-03
3.379580831743765525e-03
3.363183594345674730e-03
3.346970221829614033e-03
3.330937188316460042e-03
3.315081035336686372e-03
3.299398370659274802e-03
3.283885867131298032e-03
3.268540261530642095e-03
3.253358353430338846e-03
3.238337004074342846e-03
3.223473135267228545e-03
3.208763728276162359e-03
3.194205822746141489e-03
3.179796515627980776e-03
3.165532960120613203e-03
3.151412364626173575e-03
3.137431991719135619e-03
3.123589157129672954e-03
3.109881228740244731e-03
3.096305625596727784e-03
3.082859816933105224e-03
3.069541321211345566e-03
3.056347705173340784e-03
3.043276582910452253e-03
3.030325614943192667e-03
3.017492507318475081e-03
3.004775010718739592e-03
2.992170919587103239e-03
2.979678071264840744e-03
2.967294345144697639e-03
2.955017661836575882e-03
2.942845982348314595e-03
2.930777307279830782e-03
2.918809676031590590e-03
2.906941166025869393e-03
2.895169891942908375e-03
2.883494004969371603e-03
2.871911692061135390e-03
2.860421175218721621e-03
2.849020710776632281e-03
2.837708588705281556e-03
2.826483131925698958e-03
2.815342695638060801e-03
2.804285666661362510e-03
2.793310462787434046e-03
2.782415532145681141e-03
2.771599352581304888e-03
2.760860431044824363e-03
2.750197302994826943e-03
2.739608531810865024e-03
2.729092708219204005e-03
2.718648449729671197e-03
2.708274400084247514e-03
2.697969228716245744e-03
2.687731630221243308e-03
2.677560323837998354e-03
2.667454052941302476e-03
2.657411584544472002e-03
2.647431708812388127e-03
2.637513238584944953e-03
2.627655008911058965e-03
2.617855876591405027e-03
2.608114719732052087e-03
2.598430437307149791e-03
2.588801948731081493e-03
2.579228193440301787e-03
2.569708130483258288e-03
2.560240738120924710e-03
2.550825013434451088e-03
2.541459971942394442e-03
2.532144647226203683e-03
2.522878090564132248e-03
2.513659370573324316e-03
2.504487572859329970e-03
2.495361799674643971e-03
2.486281169583670365e-03
2.477244817136495594e-03
2.468251892548864110e-03
2.459301561390372232e-03
2.450393004279333761e-03
2.441525416584665147e-03
2.432698008134627152e-03
2.423910002932659364e-03
2.415160638878730264e-03
2.406449167498266734e-03
2.397774853676984223e-03
2.389136975401379495e-03
2.380534823506049499e-03
2.371967701426000615e-03
2.363434924955991768e-03
2.354935822013650565e-03
2.346469732410598214e-03
2.338036007626262836e-03
2.329634010589134736e-03
2.321263115461932609e-03
2.312922707432360329e-03
2.304612182508566139e-03
2.296330947319906186e-03
2.288078418920991459e-03
2.279854024602520970e-03
2.271657201704730452e-03
2.263487397436128937e-03
2.255344068696315835e-03
2.247226681903183396e-03
2.239134712823248174e-03
2.231067646407834150e-03
2.223024976631548296e-03
2.215006206334826661e-03
2.207010847070627318e-03
2.199038418954908473e-03
2.191088450519701730e-03
2.183160478570724244e-03
2.175254048047526624e-03
2.167368711887311065e-03
2.159504030892239312e-03
2.151659573598937655e-03
2.143834916152209495e-03
2.136029642180967483e-03
2.128243342676981991e-03
2.120475615877313261e-03
2.112726067148256240e-03
2.104994308873172487e-03
2.097279960342138781e-03
2.089582647644703042e-03
2.081902003564544985e-03
2.074237667477183810e-03
2.066589285249416288e-03
2.058956509141837005e-03
2.051338997712912494e-03
2.043736415725670892e-03
2.036148434056178364e-03
2.028574729604682662e-03
2.021014985208144030e-03
2.013468889555054212e-03
2.005936137102309370e-03
1.998416427993577899e-03
1.990909467980072570e-03
1.983414968342704816e-03
1.975932645815788990e-03
1.968462222513004799e-03
1.961003425854723672e-03
1.953555988496805725e-03
1.946119648261338767e-03
1.938694148068546494e-03
1.931279235870429897e-03
1.923874664585641190e-03
1.916480192036023721e-03
1.909095580884620329e-03
1.901720598574422856e-03
1.894355017269222204e-03
1.886998613795089815e-03
1.879651169583598444e-03
1.872312470615939556e-03
1.864982307368434362e-03
1.857660474758943874e-03
1.850346772094749572e-03
1.843041003021031032e-03
1.835742975471299238e-03
1.828452501617610672e-03
1.821169397823009864e-03
1.813893484594288324e-03
1.806624586535805549e-03
1.799362532304349784e-03
1.792107154564932716e-03
1.784858289947240540e-03
1.777615779003619391e-03
1.770379466166762403e-03
1.763149199709555630e-03
1.755924831704582011e-03
1.748706217985136714e-03
1.741493218107021150e-03
1.734285695310182384e-03
1.727083516482629151e-03
1.719886552123496126e-03
1.712694676307801927e-03
1.705507766651544101e-03
1.698325704277424018e-03
1.691148373781518497e-03
1.683975663199911536e-03
1.676807463976883600e-03
1.669643670932769580e-03
1.662484182233093513e-03
1.655328899357912976e-03
1.648177727071806859e-03
1.641030573394376387e-03
1.633887349571411848e-03
1.626747970046179452e-03
1.619612352432076236e-03
1.612480417484525802e-03
1.605352089074336660e-03
1.598227294161389282e-03
1.591105962768316236e-03
1.583988027954946450e-03
1.576873425793254724e-03
1.569762095342723237e-03
1.562653978625659027e-03
1.555549020603548202e-03
1.548447169153537636e-03
1.541348375045104458e-03
1.534252591917301036e-03
1.527159776256684087e-03
1.520069887374671984e-03
1.512982887386353373e-03
1.505898741188671508e-03
1.498817416439675223e-03
1.491738883537804166e-03
1.484663115601036771e-03
1.477590088447342746e-03
1.470519780574473107e-03
1.463452173140530194e-03
1.456387249944746717e-03
1.449324997408372789e-03
1.442265404556159055e-03
1.435208462997768913e-03
1.428154166909586468e-03
1.421102513016745013e-03
1.414053500575491616e-03
1.407007131355551485e-03
1.399963409623108815e-03
1.392922342123394499e-03
1.385883938064306868e-03
1.378848209099572302e-03
1.371815169312112911e-03
1.364784835198359437e-03
1.357757225651792842e-03
1.350732361947368015e-03
1.343710267725609607e-03
1.336690968977477002e-03
1.329674494028799513e-03
1.322660873525172793e-03
1.315650140417228432e-03
1.308642329945489818e-03
1.301637479625850557e-03
1.294635629235185367e-03
1.287636820796810065e-03
1.280641098566381300e-03
1.273648509017669432e-03
1.266659100828649307e-03
1.259672924867736741e-03
1.252690034180075750e-03
1.245710483973794117e-03
1.238734331606651659e-03
1.231761636572530636e-03
1.224792460488482353e-03
1.217826867081292378e-03
1.210864922174405712e-03
1.203906693675138627e-03
1.196952251561730256e-03
1.190001667870457065e-03
1.183055016683191851e-03
1.176112374114445793e-03
1.169173818299192209e-03
1.162239429380041746e-03
1.155309289495379255e-03
1.148383482766284630e-03
1.141462095285109002e-03
1.134545215102632145e-03
1.127632932216344206e-03
1.120725338558214382e-03
1.113822527982636984e-03
1.106924596254610805e-03
1.100031641037694944e-03
1.093143761882312427e-03
1.086261060213655717e-03
1.079383639320255755e-03
1.072511604341802680e-03
1.065645062257992862e-03
1.058784121876415107e-03
1.051928893821031229e-03
1.045079490520644909e-03
1.038236026197226786e-03
1.031398616854522533e-03
1.024567380266208378e-03
1.017742435964707559e-03
1.010923905229477258e-03
1.004111911075536651e-03
9.973065782420702154e-04
9.905080331810344960e-04
9.837164040455968241e-04
9.769318206785883481e-04
9.701544146012811313e-04
9.633843190018494219e-04
9.566216687238997696e-04
9.498666002551279944e-04
9.431192517158125486e-04
9.363797628473792198e-04
9.296482750009655086e-04
9.229249311259515040e-04
9.162098757585936505e-04
9.095032550102072691e-04
9.028052165561750242e-04
8.961159096240072560e-04
8.894354849821224391e-04
8.827640949280350169e-04
8.761018932770520519e-04
8.694490353504820933e-04
8.628056779640730280e-04
8.561719794166036722e-04
8.495480994777693294e-04
8.429341993769825245e-04
8.363304417913557066e-04
8.297369908340110562e-04
8.231540120423588500e-04
8.165816723662749953e-04
8.100201401562573140e-04
8.034695851513558784e-04
7.969301784677091998e-04
7.904020925861160191e-04
7.838855013402379942e-04
7.773805799045858727e-04
7.708875047823946424e-04
7.644064537935608061e-04
7.579376060623013419e-04
7.514811420051574400e-04
7.450372433186469578e-04
7.386060929669889747e-04
7.321878751694846539e-04
7.257827753885636975e-04
7.193909803170093001e-04
7.130126778655880527e-04
7.066480571503255294e-04
7.002973084800447924e-04
6.939606233436560736e-04
6.876381943974369144e-04
6.813302154520967666e-04
6.750368814602177026e-04
6.687583885029973335e-04
6.624949337776380202e-04
6.562467155841338095e-04
6.500139333121204713e-04
6.437967874278621456e-04
6.375954794610526983e-04
6.314102119913185974e-04
6.252411886352098958e-04
6.190886140325414528e-04
6.129526938329834130e-04
6.068336346826140636e-04
6.007316442101420101e-04
5.946469310133950656e-04
5.885797046454747721e-04
5.825301756009922376e-04
5.764985553021300660e-04
