1.669135802469195833e-05
3.698000000000006404e-03
1.482098765432090593e-03
2.000000000000048072e-04
6.123555555555558298e-03
3.152839506172843559e-02
9.017088888888886988e-02
8.008891358024688989e-02
6.919200000000000350e-02
6.673422222222225031e-02
1.161965432098762720e-02
1.446024691358032636e-03
5.524172839506200604e-03
1.826172839506175205e-02
2.181728395061724099e-02
1.315802469135803239e-02
1.688713580246914425e-02
5.904222222222212622e-03
7.414913580246897812e-03
8.682691358024690817e-03
9.278246913580220565e-03
5.384913580246910268e-03
7.304691358024751431e-04
1.209876543209874869e-04
3.253555555555528653e-03
1.082083950617285066e-02
3.042222222222291592e-04
5.224691358024486200e-05
9.007654320987586692e-04
3.380000000000006263e-04
1.700987654320974623e-04
4.010098765432113660e-03
7.911358024691499341e-04
3.920000000000069262e-04
