0.000000000000000000e+00
2.102260712233206333e-02
4.204521424466467483e-02
6.306782136699673469e-02
8.409042848932934966e-02
1.051130356116614234e-01
1.261356427339940245e-01
1.471582498563260843e-01
1.681808569786586993e-01
1.892034641009907592e-01
2.102260712233233741e-01
2.312486783456554618e-01
2.522712854679880490e-01
2.732938925903201088e-01
2.943164997126527238e-01
3.153391068349847837e-01
3.363617139573168435e-01
3.573843210796500136e-01
3.784069282019820735e-01
3.994295353243141333e-01
4.204521424466461932e-01
4.414747495689793633e-01
4.624973566913114231e-01
4.835199638136434830e-01
5.045425709359755428e-01
5.255651780583087129e-01
5.465877851806407728e-01
5.676103923029728326e-01
5.886329994253048925e-01
6.096556065476380626e-01
6.306782136699701224e-01
6.517008207923021823e-01
6.727234279146342422e-01
6.937460350369674122e-01
7.147686421592994721e-01
7.357912492816315320e-01
7.568138564039635918e-01
7.778364635262967619e-01
7.988590706486288218e-01
8.198816777709608816e-01
8.409042848932929415e-01
8.619268920156261116e-01
8.829494991379581714e-01
9.039721062602902313e-01
9.249947133826222911e-01
9.460173205049554612e-01
9.670399276272875211e-01
9.880625347496195809e-01
1.009085141871951752e+00
1.030107748994283812e+00
1.051130356116616982e+00
1.072152963238949042e+00
1.093175570361281101e+00
1.114198177483614272e+00
1.135220784605946331e+00
1.156243391728278391e+00
1.177265998850610451e+00
1.198288605972942511e+00
1.219311213095275681e+00
1.240333820217607741e+00
1.261356427339939801e+00
1.282379034462272971e+00
1.303401641584605031e+00
1.324424248706937091e+00
1.345446855829269150e+00
1.366469462951601210e+00
1.387492070073934380e+00
1.408514677196266440e+00
1.429537284318598500e+00
1.450559891440931670e+00
1.471582498563263730e+00
1.492605105685595790e+00
1.513627712807927850e+00
1.534650319930259910e+00
1.555672927052593080e+00
1.576695534174925140e+00
1.597718141297257199e+00
1.618740748419590370e+00
1.639763355541922429e+00
1.660785962664254489e+00
1.681808569786586549e+00
1.702831176908918609e+00
1.723853784031251779e+00
1.744876391153583839e+00
1.765898998275915899e+00
1.786921605398249069e+00
1.807944212520581129e+00
1.828966819642913189e+00
1.849989426765245248e+00
1.871012033887577308e+00
1.892034641009910478e+00
1.913057248132242538e+00
1.934079855254574598e+00
1.955102462376907768e+00
1.976125069499239828e+00
1.997147676621571888e+00
2.018170283743903948e+00
2.039192890866235786e+00
2.060215497988568067e+00
2.081238105110901238e+00
2.102260712233233075e+00
2.123283319355565357e+00
2.144305926477898527e+00
2.165328533600230365e+00
2.186351140722562647e+00
2.207373747844894485e+00
2.228396354967226767e+00
2.249418962089559937e+00
2.270441569211891775e+00
2.291464176334224057e+00
2.312486783456557227e+00
2.333509390578889064e+00
2.354531997701221346e+00
2.375554604823553628e+00
2.396577211945885466e+00
2.417599819068218636e+00
2.438622426190550918e+00
2.459645033312882756e+00
2.480667640435215926e+00
2.501690247557548208e+00
2.522712854679880046e+00
2.543735461802212328e+00
2.564758068924544165e+00
2.585780676046877335e+00
2.606803283169209617e+00
2.627825890291542787e+00
2.648848497413874625e+00
2.669871104536206907e+00
2.690893711658538745e+00
2.711916318780871027e+00
2.732938925903202865e+00
2.753961533025535147e+00
2.774984140147868317e+00
2.796006747270200155e+00
2.817029354392533325e+00
2.838051961514865607e+00
2.859074568637197444e+00
2.880097175759529726e+00
2.901119782881861564e+00
2.922142390004193846e+00
2.943164997126527016e+00
2.964187604248858854e+00
2.985210211371192024e+00
3.006232818493524306e+00
3.027255425615856144e+00
3.048278032738188426e+00
3.069300639860520263e+00
3.090323246982852545e+00
3.111345854105185715e+00
3.132368461227517553e+00
3.153391068349850723e+00
3.174413675472183005e+00
3.195436282594514843e+00
3.216458889716847125e+00
3.237481496839178963e+00
3.258504103961511245e+00
3.279526711083844415e+00
3.300549318206176252e+00
3.321571925328509423e+00
3.342594532450841704e+00
3.363617139573173542e+00
3.384639746695505824e+00
3.405662353817837662e+00
3.426684960940169944e+00
3.447707568062503114e+00
3.468730175184834952e+00
3.489752782307168122e+00
3.510775389429500404e+00
3.531797996551832242e+00
3.552820603674164524e+00
3.573843210796496361e+00
3.594865817918828643e+00
3.615888425041161813e+00
3.636911032163493651e+00
3.657933639285826821e+00
3.678956246408159103e+00
3.699978853530490941e+00
3.721001460652823223e+00
3.742024067775155061e+00
3.763046674897487343e+00
3.784069282019820513e+00
3.805091889142152350e+00
3.826114496264485521e+00
3.847137103386817802e+00
3.868159710509149640e+00
3.889182317631481922e+00
3.910204924753813760e+00
3.931227531876146042e+00
3.952250138998479212e+00
3.973272746120811050e+00
3.994295353243144220e+00
4.015317960365476502e+00
4.036340567487808784e+00
4.057363174610140177e+00
4.078385781732472459e+00
4.099408388854804741e+00
4.120430995977137023e+00
4.141453603099470193e+00
4.162476210221801587e+00
4.183498817344134757e+00
4.204521424466467039e+00
4.225544031588799321e+00
4.246566638711131603e+00
4.267589245833462996e+00
4.288611852955795278e+00
4.309634460078128448e+00
4.330657067200460730e+00
4.351679674322793900e+00
4.372702281445126182e+00
4.393724888567457576e+00
4.414747495689789858e+00
4.435770102812122140e+00
4.456792709934454422e+00
4.477815317056787592e+00
4.498837924179118986e+00
4.519860531301452156e+00
4.540883138423784438e+00
4.561905745546116719e+00
4.582928352668449001e+00
4.603950959790780395e+00
4.624973566913112677e+00
4.645996174035445847e+00
4.667018781157778129e+00
4.688041388280111299e+00
4.709063995402443581e+00
4.730086602524774975e+00
4.751109209647107257e+00
4.772131816769439538e+00
4.793154423891771820e+00
4.814177031014104990e+00
4.835199638136436384e+00
4.856222245258769554e+00
4.877244852381101836e+00
4.898267459503434118e+00
4.919290066625766400e+00
4.940312673748098682e+00
4.961335280870430964e+00
4.982357887992763246e+00
5.003380495115097304e+00
5.024403102237428698e+00
5.045425709359760980e+00
5.066448316482093261e+00
5.087470923604425543e+00
5.108493530726757825e+00
5.129516137849089219e+00
5.150538744971421501e+00
5.171561352093755559e+00
5.192583959216087841e+00
5.213606566338420123e+00
5.234629173460752405e+00
5.255651780583083799e+00
5.276674387705416081e+00
5.297696994827748362e+00
5.318719601950080644e+00
5.339742209072414703e+00
5.360764816194746984e+00
5.381787423317078378e+00
5.402810030439410660e+00
5.423832637561742942e+00
5.444855244684075224e+00
5.465877851806406618e+00
5.486900458928738900e+00
5.507923066051071181e+00
5.528945673173405240e+00
5.549968280295737522e+00
5.570990887418069804e+00
5.592013494540401197e+00
5.613036101662733479e+00
5.634058708785065761e+00
5.655081315907398043e+00
5.676103923029729437e+00
5.697126530152064383e+00
5.718149137274395777e+00
5.739171744396728059e+00
5.760194351519060341e+00
5.781216958641392623e+00
5.802239565763724016e+00
5.823262172886056298e+00
5.844284780008388580e+00
5.865307387130722638e+00
5.886329994253054920e+00
5.907352601375387202e+00
5.928375208497718596e+00
5.949397815620050878e+00
5.970420422742383160e+00
5.991443029864715442e+00
6.012465636987046835e+00
6.033488244109381782e+00
6.054510851231713175e+00
6.075533458354045457e+00
6.096556065476377739e+00
6.117578672598710021e+00
6.138601279721041415e+00
6.159623886843373697e+00
6.180646493965705979e+00
6.201669101088040037e+00
6.222691708210372319e+00
6.243714315332704601e+00
6.264736922455035995e+00
6.285759529577368276e+00
6.306782136699700558e+00
6.327804743822032840e+00
6.348827350944364234e+00
6.369849958066699180e+00
6.390872565189030574e+00
6.411895172311362856e+00
6.432917779433695138e+00
6.453940386556027420e+00
6.474962993678358814e+00
6.495985600800691095e+00
6.517008207923023377e+00
6.538030815045357436e+00
6.559053422167689718e+00
6.580076029290021999e+00
6.601098636412353393e+00
6.622121243534685675e+00
6.643143850657017957e+00
6.664166457779350239e+00
6.685189064901681633e+00
6.706211672024016579e+00
6.727234279146347973e+00
6.748256886268680255e+00
6.769279493391012537e+00
6.790302100513344818e+00
6.811324707635676212e+00
6.832347314758008494e+00
6.853369921880340776e+00
6.874392529002673058e+00
6.895415136125007116e+00
6.916437743247339398e+00
6.937460350369670792e+00
6.958482957492003074e+00
6.979505564614335356e+00
7.000528171736667638e+00
7.021550778858999031e+00
7.042573385981331313e+00
7.063595993103665371e+00
7.084618600225997653e+00
7.105641207348329935e+00
7.126663814470662217e+00
7.147686421592993611e+00
7.168709028715325893e+00
7.189731635837658175e+00
7.210754242959990457e+00
7.231776850082324515e+00
7.252799457204656797e+00
7.273822064326988190e+00
7.294844671449320472e+00
7.315867278571652754e+00
7.336889885693985036e+00
7.357912492816316430e+00
7.378935099938648712e+00
7.399957707060982770e+00
7.420980314183315052e+00
7.442002921305647334e+00
7.463025528427979616e+00
7.484048135550311009e+00
7.505070742672643291e+00
7.526093349794975573e+00
7.547115956917307855e+00
7.568138564039641913e+00
7.589161171161974195e+00
7.610183778284305589e+00
7.631206385406637871e+00
7.652228992528970153e+00
7.673251599651302435e+00
7.694274206773633829e+00
7.715296813895966110e+00
7.736319421018300169e+00
7.757342028140632451e+00
7.778364635262964732e+00
7.799387242385297014e+00
7.820409849507628408e+00
7.841432456629960690e+00
7.862455063752292972e+00
7.883477670874625254e+00
7.904500277996959312e+00
7.925522885119291594e+00
7.946545492241622988e+00
7.967568099363955270e+00
7.988590706486287552e+00
8.009613313608619833e+00
8.030635920730951227e+00
8.051658527853284397e+00
8.072681134975615791e+00
8.093703742097950737e+00
8.114726349220282131e+00
8.135748956342613525e+00
8.156771563464946695e+00
8.177794170587278089e+00
8.198816777709609482e+00
8.219839384831942652e+00
8.240861991954274046e+00
8.261884599076608993e+00
8.282907206198940386e+00
8.303929813321273556e+00
8.324952420443604950e+00
8.345975027565936344e+00
8.366997634688269514e+00
8.388020241810600908e+00
8.409042848932932301e+00
8.430065456055267248e+00
8.451088063177598642e+00
8.472110670299931812e+00
8.493133277422263205e+00
8.514155884544596375e+00
8.535178491666927769e+00
8.556201098789259163e+00
8.577223705911592333e+00
8.598246313033925503e+00
8.619268920156258673e+00
8.640291527278590067e+00
8.661314134400921461e+00
8.682336741523254631e+00
8.703359348645586024e+00
8.724381955767919194e+00
8.745404562890250588e+00
8.766427170012585535e+00
8.787449777134916928e+00
8.808472384257248322e+00
8.829494991379581492e+00
8.850517598501912886e+00
8.871540205624244280e+00
8.892562812746577450e+00
8.913585419868908843e+00
8.934608026991243790e+00
8.955630634113575184e+00
8.976653241235908354e+00
8.997675848358239747e+00
9.018698455480571141e+00
9.039721062602904311e+00
9.060743669725235705e+00
9.081766276847567099e+00
9.102788883969902045e+00
9.123811491092233439e+00
9.144834098214566609e+00
9.165856705336898003e+00
9.186879312459231173e+00
9.207901919581562566e+00
9.228924526703893960e+00
9.249947133826227130e+00
9.270969740948560300e+00
9.291992348070893470e+00
9.313014955193224864e+00
9.334037562315556258e+00
9.355060169437889428e+00
9.376082776560220822e+00
9.397105383682553992e+00
9.418127990804885386e+00
9.439150597927216779e+00
9.460173205049551726e+00
9.481195812171883119e+00
9.502218419294216289e+00
9.523241026416547683e+00
9.544263633538880853e+00
9.565286240661212247e+00
9.586308847783543641e+00
9.607331454905876811e+00
9.628354062028209981e+00
9.649376669150543151e+00
9.670399276272874545e+00
9.691421883395205938e+00
9.712444490517539109e+00
9.733467097639870502e+00
9.754489704762203672e+00
9.775512311884535066e+00
9.796534919006868236e+00
9.817557526129201406e+00
9.838580133251532800e+00
9.859602740373865970e+00
9.880625347496197364e+00
9.901647954618528757e+00
9.922670561740861928e+00
9.943693168863193321e+00
9.964715775985526491e+00
9.985738383107857885e+00
1.000676099023019283e+01
1.002778359735252423e+01
1.004880620447485562e+01
1.006982881159718879e+01
1.009085141871952018e+01
1.011187402584185158e+01
1.013289663296418475e+01
1.015391924008651614e+01
1.017494184720885109e+01
1.019596445433118248e+01
1.021698706145351565e+01
1.023800966857584704e+01
1.025903227569817844e+01
1.028005488282051161e+01
1.030107748994284300e+01
1.032210009706517440e+01
1.034312270418750934e+01
1.036414531130984074e+01
1.038516791843217391e+01
1.040619052555450530e+01
1.042721313267683847e+01
1.044823573979916986e+01
1.046925834692150126e+01
1.049028095404383443e+01
1.051130356116616760e+01
1.053232616828850077e+01
1.055334877541083216e+01
1.057437138253316355e+01
1.059539398965549672e+01
1.061641659677782812e+01
1.063743920390016129e+01
1.065846181102249268e+01
1.067948441814482763e+01
1.070050702526715902e+01
1.072152963238949042e+01
1.074255223951182359e+01
1.076357484663415498e+01
1.078459745375648637e+01
1.080562006087881954e+01
1.082664266800115094e+01
1.084766527512348411e+01
1.086868788224581728e+01
1.088971048936815045e+01
1.091073309649048184e+01
1.093175570361281324e+01
1.095277831073514641e+01
1.097380091785747780e+01
1.099482352497980919e+01
1.101584613210214236e+01
1.103686873922447553e+01
1.105789134634680870e+01
1.107891395346914010e+01
1.109993656059147327e+01
1.112095916771380466e+01
1.114198177483613605e+01
1.116300438195846922e+01
1.118402698908080062e+01
1.120504959620313556e+01
1.122607220332546696e+01
1.124709481044779835e+01
1.126811741757013152e+01
1.128914002469246292e+01
1.131016263181479609e+01
1.133118523893712748e+01
1.135220784605945887e+01
1.137323045318179382e+01
1.139425306030412521e+01
1.141527566742645838e+01
1.143629827454878978e+01
1.145732088167112117e+01
1.147834348879345434e+01
1.149936609591578573e+01
1.152038870303811890e+01
1.154141131016045208e+01
1.156243391728278525e+01
1.158345652440511664e+01
1.160447913152744803e+01
1.162550173864978120e+01
1.164652434577211260e+01
1.166754695289444399e+01
1.168856956001677716e+01
1.170959216713911033e+01
1.173061477426144350e+01
1.175163738138377489e+01
1.177265998850610806e+01
1.179368259562843946e+01
1.181470520275077085e+01
1.183572780987310402e+01
1.185675041699543542e+01
1.187777302411777036e+01
1.189879563124010176e+01
1.191981823836243315e+01
1.194084084548476632e+01
1.196186345260709771e+01
1.198288605972943088e+01
1.200390866685176228e+01
1.202493127397409367e+01
1.204595388109642862e+01
1.206697648821876001e+01
1.208799909534109318e+01
1.210902170246342457e+01
1.213004430958575597e+01
1.215106691670808914e+01
1.217208952383042053e+01
1.219311213095275370e+01
1.221413473807508510e+01
1.223515734519742004e+01
1.225617995231975144e+01
1.227720255944208283e+01
1.229822516656441600e+01
1.231924777368674739e+01
1.234027038080907879e+01
1.236129298793141196e+01
1.238231559505374335e+01
1.240333820217607830e+01
1.242436080929840969e+01
1.244538341642074286e+01
1.246640602354307426e+01
1.248742863066540565e+01
1.250845123778773882e+01
1.252947384491007021e+01
1.255049645203240161e+01
1.257151905915473655e+01
1.259254166627706795e+01
1.261356427339940112e+01
1.263458688052173251e+01
1.265560948764406568e+01
1.267663209476639707e+01
1.269765470188872847e+01
1.271867730901106164e+01
1.273969991613339481e+01
1.276072252325572798e+01
1.278174513037805937e+01
1.280276773750039077e+01
1.282379034462272394e+01
1.284481295174505533e+01
1.286583555886738850e+01
1.288685816598971989e+01
1.290788077311205484e+01
1.292890338023438623e+01
1.294992598735671763e+01
1.297094859447905080e+01
1.299197120160138219e+01
1.301299380872371358e+01
1.303401641584604675e+01
1.305503902296837815e+01
1.307606163009071309e+01
1.309708423721304449e+01
1.311810684433537766e+01
1.313912945145770905e+01
1.316015205858004045e+01
1.318117466570237362e+01
1.320219727282470501e+01
1.322321987994703640e+01
1.324424248706937135e+01
1.326526509419170274e+01
1.328628770131403591e+01
1.330731030843636731e+01
1.332833291555870048e+01
1.334935552268103187e+01
1.337037812980336327e+01
1.339140073692569644e+01
1.341242334404802961e+01
1.343344595117036278e+01
1.345446855829269417e+01
1.347549116541502556e+01
1.349651377253735873e+01
1.351753637965969013e+01
1.353855898678202330e+01
1.355958159390435469e+01
1.358060420102668608e+01
1.360162680814902103e+01
1.362264941527135242e+01
1.364367202239368559e+01
1.366469462951601699e+01
1.368571723663834838e+01
1.370673984376068155e+01
1.372776245088301295e+01
1.374878505800534612e+01
1.376980766512767929e+01
1.379083027225001246e+01
1.381185287937234385e+01
1.383287548649467524e+01
1.385389809361700841e+01
1.387492070073933981e+01
1.389594330786167298e+01
1.391696591498400437e+01
1.393798852210633754e+01
1.395901112922867071e+01
1.398003373635100210e+01
1.400105634347333528e+01
1.402207895059566667e+01
1.404310155771799806e+01
1.406412416484033123e+01
1.408514677196266263e+01
1.410616937908499757e+01
1.412719198620732897e+01
1.414821459332966036e+01
1.416923720045199353e+01
1.419025980757432492e+01
1.421128241469665809e+01
1.423230502181898949e+01
1.425332762894132088e+01
1.427435023606365583e+01
1.429537284318598722e+01
1.431639545030832039e+01
1.433741805743065179e+01
1.435844066455298496e+01
1.437946327167531635e+01
1.440048587879764774e+01
1.442150848591998091e+01
1.444253109304231408e+01
1.446355370016464725e+01
1.448457630728697865e+01
1.450559891440931004e+01
1.452662152153164321e+01
1.454764412865397460e+01
1.456866673577630777e+01
1.458968934289863917e+01
1.461071195002097411e+01
1.463173455714330551e+01
1.465275716426563690e+01
1.467377977138797007e+01
1.469480237851030147e+01
1.471582498563263286e+01
1.473684759275496603e+01
1.475787019987729742e+01
1.477889280699963237e+01
1.479991541412196376e+01
1.482093802124429693e+01
1.484196062836662833e+01
1.486298323548895972e+01
1.488400584261129289e+01
1.490502844973362429e+01
1.492605105685595568e+01
1.494707366397828885e+01
1.496809627110062202e+01
1.498911887822295519e+01
1.501014148534528658e+01
1.503116409246761975e+01
1.505218669958995115e+01
1.507320930671228254e+01
1.509423191383461571e+01
1.511525452095694710e+01
1.513627712807928383e+01
1.515729973520161522e+01
1.517832234232394839e+01
1.519934494944627978e+01
1.522036755656861118e+01
1.524139016369094435e+01
1.526241277081327574e+01
1.528343537793560891e+01
1.530445798505794031e+01
1.532548059218027170e+01
1.534650319930260487e+01
1.536752580642493626e+01
1.538854841354726766e+01
1.540957102066960083e+01
1.543059362779193222e+01
1.545161623491426539e+01
1.547263884203660034e+01
1.549366144915893351e+01
1.551468405628126490e+01
1.553570666340359807e+01
1.555672927052592946e+01
1.557775187764826086e+01
1.559877448477059403e+01
1.561979709189292542e+01
1.564081969901525682e+01
1.566184230613758999e+01
1.568286491325992138e+01
1.570388752038225455e+01
1.572491012750458594e+01
1.574593273462691734e+01
1.576695534174925051e+01
1.578797794887158190e+01
1.580900055599391862e+01
1.583002316311625002e+01
1.585104577023858319e+01
1.587206837736091458e+01
1.589309098448324598e+01
1.591411359160557915e+01
1.593513619872791054e+01
1.595615880585024371e+01
1.597718141297257510e+01
1.599820402009490650e+01
1.601922662721723967e+01
1.604024923433957284e+01
1.606127184146190245e+01
1.608229444858423562e+01
1.610331705570656879e+01
1.612433966282889841e+01
1.614536226995123158e+01
1.616638487707356830e+01
1.618740748419590147e+01
1.620843009131823109e+01
1.622945269844056426e+01
1.625047530556289743e+01
1.627149791268522705e+01
1.629252051980756022e+01
1.631354312692989339e+01
1.633456573405222301e+01
1.635558834117455618e+01
1.637661094829688935e+01
1.639763355541921896e+01
1.641865616254155213e+01
1.643967876966388530e+01
1.646070137678621847e+01
1.648172398390854809e+01
1.650274659103088482e+01
1.652376919815321799e+01
1.654479180527555116e+01
1.656581441239788077e+01
1.658683701952021394e+01
1.660785962664254711e+01
1.662888223376487673e+01
1.664990484088720990e+01
1.667092744800954307e+01
1.669195005513187269e+01
1.671297266225420586e+01
1.673399526937653903e+01
1.675501787649886865e+01
1.677604048362120182e+01
1.679706309074353499e+01
1.681808569786586460e+01
1.683910830498820133e+01
1.686013091211053450e+01
1.688115351923286767e+01
1.690217612635519728e+01
1.692319873347753045e+01
1.694422134059986362e+01
1.696524394772219679e+01
1.698626655484452641e+01
1.700728916196685958e+01
1.702831176908919275e+01
1.704933437621152237e+01
1.707035698333385554e+01
1.709137959045618871e+01
1.711240219757851833e+01
1.713342480470085150e+01
1.715444741182318467e+01
1.717547001894552139e+01
1.719649262606785101e+01
1.721751523319018418e+01
1.723853784031251735e+01
1.725956044743484696e+01
1.728058305455718013e+01
1.730160566167951330e+01
1.732262826880184292e+01
1.734365087592417609e+01
1.736467348304650926e+01
1.738569609016884243e+01
1.740671869729117205e+01
1.742774130441350522e+01
1.744876391153583839e+01
1.746978651865816801e+01
1.749080912578050118e+01
1.751183173290283435e+01
1.753285434002517107e+01
1.755387694714750069e+01
1.757489955426983386e+01
1.759592216139216703e+01
1.761694476851449664e+01
1.763796737563682981e+01
1.765898998275916298e+01
1.768001258988149260e+01
1.770103519700382577e+01
1.772205780412615894e+01
1.774308041124848856e+01
1.776410301837082173e+01
1.778512562549315490e+01
1.780614823261548807e+01
1.782717083973781769e+01
1.784819344686015086e+01
1.786921605398248758e+01
1.789023866110482075e+01
1.791126126822715037e+01
1.793228387534948354e+01
1.795330648247181671e+01
1.797432908959414632e+01
1.799535169671647949e+01
1.801637430383881266e+01
1.803739691096114228e+01
1.805841951808347545e+01
1.807944212520580862e+01
1.810046473232813824e+01
1.812148733945047141e+01
1.814250994657280458e+01
1.816353255369513420e+01
1.818455516081746737e+01
1.820557776793980409e+01
1.822660037506213726e+01
1.824762298218446688e+01
1.826864558930680005e+01
1.828966819642913322e+01
1.831069080355146639e+01
1.833171341067379601e+01
1.835273601779612918e+01
1.837375862491846235e+01
1.839478123204079196e+01
1.841580383916312513e+01
1.843682644628545830e+01
1.845784905340778792e+01
1.847887166053012109e+01
1.849989426765245426e+01
1.852091687477478388e+01
1.854193948189712060e+01
1.856296208901945377e+01
1.858398469614178694e+01
1.860500730326411656e+01
1.862602991038644973e+01
1.864705251750878290e+01
1.866807512463111252e+01
1.868909773175344569e+01
1.871012033887577886e+01
1.873114294599811203e+01
1.875216555312044164e+01
1.877318816024277481e+01
1.879421076736510798e+01
1.881523337448743760e+01
1.883625598160977077e+01
1.885727858873210394e+01
1.887830119585443356e+01
1.889932380297677028e+01
1.892034641009910345e+01
1.894136901722143662e+01
1.896239162434376624e+01
1.898341423146609941e+01
1.900443683858843258e+01
1.902545944571076220e+01
1.904648205283309537e+01
1.906750465995542854e+01
1.908852726707776171e+01
1.910954987420009132e+01
1.913057248132242449e+01
1.915159508844475766e+01
1.917261769556708728e+01
1.919364030268942045e+01
1.921466290981175362e+01
1.923568551693409034e+01
1.925670812405641996e+01
1.927773073117875313e+01
1.929875333830108630e+01
1.931977594542341592e+01
1.934079855254574909e+01
1.936182115966808226e+01
1.938284376679041188e+01
1.940386637391274505e+01
1.942488898103507822e+01
1.944591158815740783e+01
1.946693419527974100e+01
1.948795680240207417e+01
1.950897940952440734e+01
1.953000201664673696e+01
1.955102462376907013e+01
1.957204723089140685e+01
1.959306983801373647e+01
1.961409244513606964e+01
1.963511505225840281e+01
1.965613765938073598e+01
1.967716026650306560e+01
1.969818287362539877e+01
1.971920548074773194e+01
1.974022808787006156e+01
1.976125069499239473e+01
1.978227330211472790e+01
1.980329590923705751e+01
1.982431851635939069e+01
1.984534112348172386e+01
1.986636373060405347e+01
1.988738633772638664e+01
1.990840894484871981e+01
1.992943155197105298e+01
1.995045415909338260e+01
1.997147676621571577e+01
1.999249937333805249e+01
2.001352198046038566e+01
2.003454458758271528e+01
2.005556719470504845e+01
2.007658980182738162e+01
2.009761240894971124e+01
2.011863501607204441e+01
2.013965762319437758e+01
2.016068023031670720e+01
2.018170283743904037e+01
2.020272544456137354e+01
2.022374805168370315e+01
2.024477065880603632e+01
2.026579326592836949e+01
2.028681587305069911e+01
2.030783848017303228e+01
2.032886108729536545e+01
2.034988369441770217e+01
2.037090630154003179e+01
2.039192890866236496e+01
2.041295151578469813e+01
2.043397412290703130e+01
2.045499673002936092e+01
2.047601933715169409e+01
2.049704194427402726e+01
2.051806455139635688e+01
2.053908715851869005e+01
2.056010976564102322e+01
2.058113237276335283e+01
2.060215497988568600e+01
2.062317758700801917e+01
2.064420019413034879e+01
2.066522280125268196e+01
2.068624540837501868e+01
2.070726801549735185e+01
2.072829062261968147e+01
2.074931322974201464e+01
2.077033583686434781e+01
2.079135844398667743e+01
2.081238105110901060e+01
2.083340365823134377e+01
2.085442626535367694e+01
2.087544887247600656e+01
2.089647147959833973e+01
2.091749408672067290e+01
2.093851669384300251e+01
2.095953930096533568e+01
2.098056190808766885e+01
2.100158451520999847e+01
