0.000000000000000000e+00
5.518578725912338462e-05
2.206458224129684818e-04
4.960883267548923470e-04
8.810276724943956125e-04
1.374785386121034564e-03
1.976491549684937250e-03
2.685086596577676739e-03
3.499323497436300848e-03
4.417770330846949346e-03
5.438813232590950647e-03
6.560659716262222212e-03
7.781342357190188137e-03
9.098722830729835676e-03
1.051049629513253585e-02
1.201419610839550567e-02
1.360719886769108308e-02
1.528672975922621032e-02
1.704986820565233818e-02
1.889355379746095187e-02
2.081459249414590457e-02
2.280966308030625209e-02
2.487532386128768133e-02
2.700801958243813361e-02
2.920408855556167610e-02
3.145976997572347278e-02
3.377121141115820707e-02
3.613447644868950787e-02
3.854555247677513702e-02
4.100035858803094402e-02
4.349475358289451449e-02
4.602454405593441045e-02
4.858549254620478375e-02
5.117332573299193665e-02
5.378374265830127704e-02
5.641242295746725505e-02
5.905503507936842034e-02
6.170724447787314521e-02
6.436472175631556547e-02
6.702315074706047260e-02
6.967823650846979855e-02
7.232571322192700436e-02
7.496135197193283528e-02
7.758096839270706147e-02
8.018043016516025745e-02
8.275566434862011156e-02
8.530266453218854350e-02
8.781749779119400745e-02
9.029631143478744626e-02
9.273533953135310037e-02
9.513090919907356280e-02
9.747944664966312622e-02
9.977748297399322008e-02
1.020216596590695773e-01
1.042087338265726831e-01
1.063355831839437327e-01
1.083992106797827953e-01
1.103967488561337085e-01
1.123254638910426290e-01
1.141827593255844708e-01
1.159661794704110321e-01
1.176734124876640669e-01
1.193022931449747165e-01
1.208508052390769583e-01
1.223170836873924000e-01
1.236994162867950248e-01
1.249962451395479207e-01
1.262061677472497701e-01
1.273279377743838092e-01
1.283604654838902404e-01
1.293028178479067869e-01
1.301542183376055428e-01
1.309140463967614909e-01
1.315818366044025356e-01
1.321572775325856874e-01
1.326402103059741433e-01
1.330306268705646888e-01
1.333286679794767338e-01
1.335346209043203336e-01
1.336489168812016737e-01
1.336721283009089101e-01
1.336049656533637997e-01
1.334482742367920360e-01
1.332030306425540100e-01
1.328703390269113382e-01
1.324514271813563848e-01
1.319476424134622683e-01
1.313604472504308340e-01
1.306914149778344858e-01
1.299422250261382250e-01
1.291146582178712143e-01
1.282105918883185147e-01
1.272319948928238853e-01
1.261809225137214829e-01
1.250595112800325648e-01
1.238699737130016243e-01
1.226145930104952930e-01
1.212957176832340500e-01
1.199157561556644241e-01
1.184771713441930552e-01
1.169824752252603406e-01
1.154342234055953098e-01
1.138350097066707090e-01
1.121874607752221253e-01
1.104942307312950511e-01
1.087579958650581879e-01
1.069814493932298022e-01
1.051672962856345511e-01
1.033182481720209406e-01
1.014370183388445951e-01
9.952631682537387003e-02
9.758884562794975515e-02
9.562729402087730146e-02
9.364433400189289824e-02
9.164261586972212437e-02
8.962476394076793196e-02
8.759337241142289843e-02
8.555100137208704325e-02
8.350017297840350849e-02
8.144336778474518812e-02
7.938302124449903019e-02
7.732152038113693227e-02
7.526120063361134427e-02
7.320434287906665838e-02
7.115317063538814657e-02
6.910984744558432147e-02
6.707647444553407889e-02
6.505508811614076070e-02
6.304765822044926249e-02
6.105608592583649380e-02
5.908220211091945451e-02
5.712776585639475768e-02
5.519446311858179632e-02
5.328390558404003802e-02
5.139762970322406255e-02
4.953709590075642405e-02
4.770368795953297547e-02
4.589871257551817602e-02
4.412339907975160874e-02
4.237889932378225560e-02
4.066628772443788703e-02
3.898656146355634206e-02
3.734064083804963796e-02
3.572936975542348459e-02
3.415351636966158094e-02
3.261377385217899966e-02
3.111076129234056561e-02
2.964502472192461630e-02
2.821703825772434865e-02
2.682720535636336223e-02
2.547586017531830449e-02
2.416326903402163731e-02
2.288963196887463039e-02
2.165508437592959801e-02
2.045969873498526895e-02
1.930348640881690558e-02
1.818639951125437457e-02
1.710833283786528797e-02
1.606912585300251939e-02
1.506856472705485513e-02
1.410638441778619932e-02
1.318227078973214193e-02
1.229586276571504114e-02
1.144675450465819366e-02
1.063449759995771689e-02
9.858603292857294476e-03
9.118544695359746474e-03
8.413759017382387018e-03
7.743649793031437412e-03
7.107589101011954104e-03
6.504919774390999741e-03
5.934957595097691864e-03
5.396993468745773202e-03
4.890295575542501910e-03
4.414111493267219681e-03
3.967670288489012591e-03
3.550184572409460608e-03
3.160852517924294183e-03
2.798859834706587599e-03
2.463381699332217734e-03
2.153584637674624963e-03
1.868628357020727217e-03
1.607667525557664786e-03
1.369853497110332585e-03
1.154335979199589942e-03
9.602646427212570279e-04
7.867906717286534887e-04
6.330682520234459263e-04
4.982559974417187032e-04
3.815183129288572672e-04
2.820266936769668330e-04
1.989609597879733337e-04
1.315104261040188425e-04
7.887500701968936084e-05
4.026625625720292730e-05
1.490834175045712514e-05
2.038955935054449620e-06
9.101618922500374817e-07
1.078917593564351171e-05
3.095908736384289834e-05
6.071951623031695644e-05
9.938721010142444689e-05
1.462965808874407115e-04
2.008001829367635313e-04
2.622691336813811561e-04
3.300934782142636516e-04
4.036824992615709300e-04
4.824649740905138646e-04
5.658893799616204106e-04
6.534240497981638534e-04
7.445572797991767411e-04
8.387973907712559154e-04
9.356727449963801475e-04
1.034731720489427123e-03
1.135542644521717265e-03
1.237693688318805161e-03
1.340792724846826380e-03
1.444467151621956586e-03
1.548363680470673598e-03
1.652148096183216975e-03
1.755504985978254950e-03
1.858137441705567678e-03
1.959766736679140805e-03
2.060131979030392982e-03
2.158989743431518650e-03
2.256113683023664232e-03
2.351294123344629949e-03
2.444337640015813769e-03
2.535066621918427663e-03
2.623318821532352914e-03
2.708946894080277099e-03
2.791817927067572706e-03
2.871812961757415090e-03
2.948826508075538116e-03
3.022766054379518331e-03
3.093551573479213276e-03
3.161115026237131757e-03
3.225399864019789196e-03
3.286360531218165265e-03
3.343961968990467187e-03
3.398179121330558317e-03
3.448996444499244016e-03
3.496407420803188289e-03
3.540414077638622068e-03
3.581026512675103066e-03
3.618262425976018042e-03
3.652146659811986076e-03
3.682710746857743248e-03
3.709992467412551002e-03
3.734035416225447469e-03
3.754888579454540402e-03
3.772605922239415533e-03
3.787245987308595838e-03
3.798871505005910459e-03
3.807549015054884772e-03
3.813348500346429911e-03
3.816343032988540537e-03
3.816608432806298159e-03
3.814222938444331718e-03
3.809266891183981599e-03
3.801822431543940613e-03
3.791973208705899483e-03
3.779804102760017832e-03
3.765400959742149813e-03
3.748850339397660335e-03
3.730239275583023192e-03
3.709655049180438004e-03
3.687184973382888215e-03
3.662916191180758726e-03
3.636935484854492921e-03
3.609329097266234226e-03
3.580182564715264897e-03
3.549580561110550047e-03
3.517606753197666941e-03
3.484343666560449186e-03
3.449872562110229551e-03
3.414273322758397487e-03
3.377624349966301242e-03
3.340002469848173724e-03
3.301482848509207889e-03
3.262138916280453785e-03
3.222042300526056779e-03
3.181262766669036221e-03
3.139868167115657770e-03
3.097924397721457061e-03
3.055495361466377749e-03
3.012642938997661581e-03
2.969426965704562160e-03
2.925905214985930879e-03
2.882133387386632151e-03
2.838165105268105563e-03
2.794051912697223007e-03
2.749843280234839319e-03
2.705586614313126685e-03
2.661327270900599052e-03
2.617108573155050699e-03
2.572971832779200052e-03
2.528956374793959062e-03
2.485099565462418805e-03
2.441436843091041812e-03
2.398001751462261640e-03
2.354825975645801189e-03
2.311939379949577711e-03
2.269370047788378877e-03
2.227144323243247185e-03
2.185286854105650180e-03
2.143820636206055126e-03
2.102767058831751280e-03
2.062145951056319673e-03
2.021975628802622892e-03
1.982272942479471403e-03
1.943053325034812574e-03
1.904330840280877733e-03
1.866118231349109084e-03
1.828426969152876190e-03
1.791267300733070857e-03
1.754648297373845095e-03
1.718577902385794989e-03
1.683062978459400668e-03
1.648109354498267795e-03
1.613721871851954382e-03
1.579904429872033616e-03
1.546660030723556994e-03
1.513990823390798249e-03
1.481898146820309755e-03
1.450382572154533664e-03
1.419443944008446333e-03
1.389081420755770629e-03
1.359293513787424414e-03
1.330078125716083540e-03
1.301432587504429807e-03
1.273353694496644293e-03
1.245837741338588029e-03
1.218880555777835523e-03
1.192477531333784859e-03
1.166623658836921746e-03
1.141313556834499220e-03
1.116541500868332461e-03
1.092301451627867214e-03
1.068587081986339992e-03
1.045391802934524106e-03
1.022708788419545572e-03
1.000530999107112056e-03
9.788512050816131332e-04
9.576620075059065615e-04
9.369558592539890905e-04
9.167250845442692251e-04
8.969618975920040259e-04
8.776584203032516398e-04
8.588066990384800314e-04
8.403987204653586094e-04
8.224264265300830793e-04
8.048817285714125313e-04
7.877565206026935747e-04
7.710426917918577344e-04
7.547321381615065784e-04
7.388167735398427438e-04
7.232885397861813469e-04
7.081394163205360871e-04
6.933614289819040131e-04
6.789466582420715683e-04
6.648872468017764633e-04
6.511754065944835987e-04
6.378034252231771367e-04
6.247636718552528230e-04
6.120486026007225955e-04
5.996507653968729092e-04
5.875628044232105752e-04
5.757774640707514179e-04
5.642875924863004862e-04
5.530861447148756587e-04
5.421661854618748744e-04
5.315208914939868745e-04
5.211435536998815796e-04
5.110275788313752444e-04
5.011664909405767580e-04
4.915539325342175312e-04
4.821836654603517684e-04
4.730495715461784578e-04
4.641456530014694752e-04
4.554660326032204903e-04
4.470049536787201196e-04
4.387567798971489757e-04
4.307159948873034256e-04
4.228772016923804588e-04
4.152351220745641256e-04
4.077845956814444488e-04
4.005205790858017384e-04
3.934381447090183376e-04
3.865324796385740075e-04
3.797988843493622793e-04
3.732327713376886336e-04
3.668296636771821613e-04
3.605851935045776137e-04
3.544951004422759429e-04
3.485552299668189294e-04
3.427615317283650266e-04
3.371100578286850401e-04
3.315969610630713302e-04
3.262184931325538611e-04
3.209710028315904584e-04
3.158509342153081466e-04
3.108548247517470427e-04
3.059793034640942455e-04
3.012210890654018719e-04
2.965769880904391685e-04
2.920438930276914231e-04
2.876187804557365601e-04
2.832987091851602740e-04
2.790808184106045495e-04
2.749623258734107357e-04
2.709405260395443397e-04
2.670127882927325331e-04
2.631765551452087764e-04
2.594293404694681966e-04
2.557687277494135420e-04
2.521923683551378827e-04
2.486979798413802684e-04
2.452833442700220524e-04
2.419463065589968467e-04
2.386847728582339742e-04
2.354967089515316999e-04
2.323801386877332213e-04
2.293331424391691780e-04
2.263538555901751712e-04
2.234404670534104480e-04
2.205912178166970683e-04
2.178043995192514935e-04
2.150783530565941357e-04
2.124114672168357729e-04
2.098021773456262840e-04
2.072489640404927985e-04
2.047503518762409166e-04
2.023049081577989823e-04
1.999112417036518754e-04
1.975680016581319275e-04
1.952738763312533710e-04
1.930275920682538197e-04
1.908279121466312245e-04
1.886736357009891779e-04
1.865635966747747159e-04
1.844966627996695357e-04
1.824717346012132146e-04
1.804877444300337656e-04
1.785436555198750635e-04
1.766384610696017539e-04
1.747711833509059886e-04
1.729408728397370456e-04
1.711466073720522879e-04
1.693874913223148196e-04
1.676626548056007278e-04
1.659712529017434387e-04
1.643124649009407507e-04
1.626854935718826973e-04
1.610895644498673823e-04
1.595239251461018544e-04
1.579878446763297798e-04
1.564806128099167633e-04
1.550015394370206486e-04
1.535499539550159228e-04
1.521252046732835819e-04
1.507266582346488142e-04
1.493536990553552058e-04
1.480057287811035972e-04
1.466821657594406000e-04
1.453824445287292002e-04
1.441060153217189833e-04
1.428523435853418797e-04
1.416209095139523680e-04
1.404112075979406093e-04
1.392227461858094471e-04
1.380550470597782125e-04
1.369076450245926529e-04
1.357800875090483248e-04
1.346719341800543292e-04
1.335827565687216351e-04
1.325121377080041467e-04
1.314596717820045390e-04
1.304249637860403115e-04
1.294076291976698260e-04
1.284072936578628163e-04
1.274235926625469850e-04
1.264561712637643433e-04
1.255046837802092083e-04
1.245687935173522809e-04
1.236481724962217531e-04
1.227425011906388885e-04
1.218514682734733924e-04
1.209747703704984288e-04
1.201121118220945167e-04
1.192632044530390391e-04
1.184277673491301565e-04
1.176055266416196871e-04
1.167962152979945453e-04
1.159995729196633423e-04
1.152153455463994914e-04
1.144432854666085512e-04
1.136831510342582090e-04
1.129347064911357214e-04
1.121977217951801811e-04
1.114719724542523950e-04
1.107572393652353119e-04
1.100533086583325607e-04
1.093599715461347831e-04
1.086770241780438069e-04
1.080042674988725447e-04
1.073415071120983812e-04
1.066885531478385337e-04
1.060452201343735986e-04
1.054113268743863476e-04
1.047866963250598777e-04
1.041711554815434820e-04
1.035645352646908740e-04
1.029666704119604464e-04
1.023773993721670093e-04
1.017965642029280558e-04
1.012240104721738603e-04
1.006595871619766455e-04
1.001031465761256269e-04
9.955454424974588643e-05
9.901363886284017524e-05
9.848029215530762894e-05
9.795436884576212439e-05
9.743573655198775444e-05
9.692426571433517392e-05
9.641982952124792858e-05
9.592230383752816997e-05
9.543156713390520173e-05
9.494750041982924287e-05
9.446998717755952508e-05
9.399891329846830955e-05
9.353416702141938914e-05
9.307563887291413825e-05
9.262322160878542392e-05
9.217681015809340954e-05
9.173630156848122327e-05
9.130159495296532408e-05
9.087259143860644355e-05
9.044919411655797943e-05
9.003130799357684242e-05
8.961883994490207818e-05
8.921169866877037716e-05
8.880979464175339604e-05
8.841304007605327038e-05
8.802134887727159826e-05
8.763463660409534766e-05
8.725282042863674093e-05
8.687581909813027589e-05
8.650355289762963874e-05
8.613594361382851457e-05
8.577291449986887558e-05
8.541439024089827689e-05
8.506029692114119997e-05
8.471056199124838554e-05
8.436511423687521806e-05
8.402388374830453569e-05
8.368680189029260971e-05
8.335380127333385679e-05
8.302481572550398650e-05
8.269978026488310229e-05
8.237863107298765250e-05
8.206130546856712051e-05
8.174774188267308042e-05
8.143787983368409855e-05
8.113165990340578406e-05
8.082902371384925191e-05
8.052991390429769906e-05
8.023427410925228220e-05
7.994204893680162025e-05
7.965318394752612041e-05
7.936762563415635310e-05
7.908532140141925155e-05
7.880621954655460566e-05
7.853026924053997367e-05
7.825742050937888408e-05
7.798762421598083583e-05
7.772083204292466567e-05
7.745699647495285728e-05
7.719607078226795667e-05
7.693800900430442381e-05
7.668276593378354231e-05
7.643029710118544881e-05
7.618055875948001566e-05
7.593350786944218624e-05
7.568910208506189348e-05
7.544729973970783763e-05
7.520805983199127889e-05
7.497134201270403038e-05
7.473710657147554796e-05
7.450531442394669654e-05
7.427592709951497227e-05
7.404890672876458780e-05
7.382421603186166013e-05
7.360181830665507823e-05
7.338167741748203427e-05
7.316375778398163216e-05
7.294802437019866934e-05
7.273444267395968868e-05
7.252297871664767815e-05
7.231359903284635432e-05
7.210627066068030059e-05
7.190096113192641987e-05
7.169763846270046177e-05
7.149627114411391039e-05
7.129682813332703954e-05
7.109927884459033996e-05
7.090359314080437131e-05
7.070974132480239722e-05
7.051769413135103325e-05
7.032742271892868764e-05
7.013889866186910702e-05
6.995209394265244158e-05
6.976698094417630651e-05
6.958353244282549396e-05
6.940172160069694248e-05
6.922152195883625339e-05
6.904290743030668453e-05
6.886585229334094981e-05
6.869033118485290618e-05
6.851631909367812234e-05
6.834379135464829368e-05
6.817272364202627618e-05
6.800309196368903005e-05
6.783487265499862483e-05
6.766804237307609343e-05
6.750257809125938355e-05
6.733845709321761722e-05
6.717565696778662920e-05
6.701415560350594330e-05
6.685393118341620118e-05
6.669496217995511797e-05
6.653722734995794143e-05
6.638070572975588238e-05
6.622537663036845055e-05
6.607121963287729944e-05
6.591821458368673137e-05
6.576634159016467621e-05
6.561558101615708953e-05
6.546591347774961649e-05
6.531731983884244786e-05
6.516978120734028446e-05
6.502327893073170612e-05
6.487779459244034344e-05
6.473331000773892643e-05
6.458980721991034141e-05
6.444726849672894773e-05
6.430567632663713887e-05
6.416501341517002305e-05
6.402526268152503475e-05
6.388640725502434559e-05
6.374843047192381342e-05
6.361131587186944370e-05
6.347504719490413769e-05
6.333960837811544774e-05
6.320498355273559401e-05
6.307115704084696706e-05
6.293811335260240968e-05
6.280583718330925514e-05
6.267431341044961434e-05
6.254352709095013796e-05
6.241346345844832257e-05
6.228410792054534569e-05
6.215544605628509241e-05
6.202746361339270601e-05
6.190014650598789716e-05
6.177348081188095729e-05
6.164745277027248809e-05
6.152204877923825581e-05
6.139725539348967680e-05
6.127305932223348040e-05
6.114944742660396592e-05
6.102640671772055269e-05
6.090392435444688337e-05
6.078198764123301080e-05
6.066058402619617048e-05
6.053970109882990879e-05
6.041932658837893849e-05
6.029944836144091058e-05
6.018005442060795647e-05
6.006113290201590314e-05
5.994267207392367015e-05
5.982466033476366405e-05
5.970708621141374988e-05
5.958993835728202835e-05
5.947320555106024053e-05
5.935687669455405564e-05
5.924094081136795418e-05
5.912538704519520392e-05
5.901020465832576057e-05
5.889538303005226693e-05
5.878091165522764388e-05
5.866678014262892091e-05
5.855297821375585199e-05
5.843949570130721851e-05
5.832632254772081553e-05
5.821344880393925701e-05
5.810086462796087184e-05
5.798856028363245826e-05
5.787652613936445690e-05
5.776475266680827829e-05
5.765323043961161168e-05
5.754195013238319492e-05
5.743090251929569123e-05
5.732007847315502357e-05
5.720946896400911968e-05
5.709906505820299598e-05
5.698885791740185752e-05
5.687883879715723386e-05
5.676899904625761650e-05
5.665933010553352576e-05
5.654982350674740975e-05
5.644047087180486698e-05
5.633126391167335792e-05
5.622219442556237881e-05
5.611325429981051457e-05
5.600443550712281096e-05
5.589573010564655322e-05
5.578713023811635236e-05
5.567862813097418633e-05
5.557021609355356498e-05
5.546188651726647332e-05
5.535363187479757887e-05
5.524544471939327292e-05
5.513731768389963758e-05
5.502924348026033821e-05
5.492121489861015584e-05
5.481322480660863656e-05
5.470526614878321405e-05
5.459733194574261414e-05
5.448941529361831448e-05
5.438150936332482056e-05
5.427360739984936415e-05
5.416570272184235274e-05
5.405778872082642373e-05
5.394985886055611460e-05
5.384190667655236749e-05
5.373392577552174246e-05
5.362590983463230590e-05
5.351785260114690600e-05
5.340974789176401163e-05
5.330158959213472745e-05
5.319337165639328687e-05
5.308508810649372367e-05
5.297673303189127914e-05
5.286830058898718895e-05
5.275978500061568612e-05
5.265118055563094030e-05
5.254248160850329412e-05
5.243368257873713472e-05
5.232477795063404977e-05
5.221576227265563509e-05
5.210663015718558001e-05
5.199737628003149007e-05
5.188799538012848643e-05
5.177848225906139123e-05
5.166883178070011038e-05
5.155903887096882724e-05
5.144909851728174318e-05
5.133900576834981850e-05
5.122875573383989256e-05
5.111834358389737723e-05
5.100776454906059146e-05
5.089701391977063407e-05
5.078608704610095665e-05
5.067497933751366880e-05
5.056368626252077914e-05
5.045220334846073449e-05
5.034052618108959430e-05
5.022865040455475912e-05
5.011657172086567662e-05
5.000428588985911325e-05
4.989178872881002054e-05
4.977907611229790037e-05
4.966614397187396173e-05
4.955298829593855162e-05
4.943960512946727205e-05
4.932599057376331437e-05
4.921214078639238684e-05
4.909805198081771793e-05
4.898372042627956082e-05
4.886914244764150098e-05
4.875431442515572636e-05
4.863923279430984323e-05
4.852389404567160482e-05
4.840829472466688709e-05
4.829243143150880219e-05
4.817630082100189161e-05
4.805989960236075942e-05
4.794322453907882286e-05
4.782627244888047193e-05
4.770904020342945961e-05
4.759152472839886007e-05
4.747372300312391384e-05
4.735563206065488274e-05
4.723724898759564601e-05
4.711857092393362289e-05
4.699959506305053330e-05
4.688031865150061076e-05
4.676073898900182037e-05
4.664085342832390132e-05
4.652065937512776952e-05
4.640015428803792867e-05
4.627933567838720850e-05
4.615820111026613655e-05
4.603674820035952184e-05
4.591497461798837282e-05
4.579287808494492248e-05
4.567045637546444584e-05
4.554770731618314547e-05
4.542462878605894378e-05
4.530121871634218243e-05
4.517747509052506464e-05
4.505339594427940162e-05
4.492897936544401556e-05
4.480422349394756472e-05
4.467912652181136912e-05
4.455368669311190398e-05
4.442790230390439050e-05
4.430177170227710766e-05
4.417529328826603162e-05
4.404846551387691278e-05
4.392128688295370784e-05
4.379375595138423942e-05
4.366587132685633186e-05
4.353763166900396846e-05
4.340903568930337073e-05
4.328008215113250071e-05
4.315076986971811128e-05
4.302109771214954941e-05
4.289106459744424871e-05
4.276066949643330550e-05
4.262991143186069005e-05
4.249878947832117599e-05
4.236730276233614643e-05
4.223545046235143905e-05
4.210323180869172152e-05
4.197064608361932307e-05
4.183769262141212759e-05
4.170437080819554943e-05
4.157068008219143231e-05
4.143661993358181255e-05
4.130218990460110339e-05
4.116738958952195966e-05
4.103221863471076861e-05
4.089667673868480774e-05
4.076076365201358910e-05
4.062447917750759187e-05
4.048782317014043688e-05
4.035079553715147256e-05
4.021339623801303197e-05
4.007562528449545782e-05
3.993748274075837880e-05
3.979896872326667707e-05
3.966008340093480917e-05
3.952082699512159505e-05
3.938119977967425022e-05
3.924120208093951918e-05
3.910083427789146218e-05
3.896009680206178168e-05
3.881899013766453271e-05
3.867751482160318373e-05
3.853567144352324788e-05
3.839346064583601343e-05
3.825088312381272711e-05
3.810793962559517182e-05
3.796463095222041355e-05
3.782095795769817276e-05
3.767692154911210246e-05
3.753252268647825230e-05
3.738776238303587879e-05
3.724264170512165745e-05
3.709716177229840478e-05
3.695132375735502397e-05
3.680512888638225004e-05
3.665857843881672264e-05
3.651167374748403563e-05
3.636441619866076703e-05
3.621680723208137046e-05
3.606884834103788107e-05
3.592054107240630914e-05
3.577188702665527975e-05
3.562288785795332139e-05
3.547354527419843082e-05
3.532386103703266233e-05
3.517383696193130337e-05
3.502347491820559188e-05
3.487277682907989786e-05
3.472174467173650775e-05
3.457038047733236856e-05
3.441868633107370132e-05
3.426666437223454767e-05
3.411431679423205420e-05
3.396164584458170166e-05
3.380865382511152975e-05
3.365534309177719934e-05
3.350171605489381520e-05
3.334777517908521928e-05
3.319352298328807671e-05
3.303896204089284928e-05
3.288409497970974464e-05
3.272892448199763067e-05
3.257345328451470833e-05
3.241768417859306416e-05
3.226162001008158023e-05
3.210526367945731559e-05
3.194861814181410183e-05
3.179168640690035460e-05
3.163447153917072911e-05
3.147697665775623001e-05
3.131920493653778803e-05
3.116115960414173351e-05
3.100284394400280202e-05
3.084426129433114755e-05
3.068541504816251397e-05
3.052630865338415423e-05
3.036694561271179781e-05
3.020732948374451140e-05
3.004746387899348445e-05
2.988735246578823888e-05
2.972699896644255270e-05
2.956640715812363068e-05
2.940558087296648091e-05
2.924452399800761920e-05
2.908324047520652276e-05
2.892173430146104959e-05
2.876000952857898151e-05
2.859807026331649647e-05
2.843592066734901023e-05
2.827356495724001913e-05
2.811100740450606751e-05
2.794825233552939150e-05
2.778530413158024343e-05
2.762216722881292432e-05
2.745884611822696270e-05
2.729534534563589289e-05
2.713166951171868695e-05
2.696782327190491049e-05
2.680381133640273914e-05
2.663963847016004928e-05
2.647530949283265767e-05
2.631082927874738741e-05
2.614620275690655385e-05
2.598143491086243770e-05
2.581653077879319947e-05
2.565149545334464699e-05
2.548633408167903127e-05
2.532105186539185767e-05
2.515565406043116030e-05
2.499014597711563530e-05
2.482453298002005421e-05
2.465882048792899568e-05
2.449301397381367057e-05
2.432711896469495004e-05
2.416114104168454144e-05
2.399508583981168881e-05
2.382895904801506844e-05
2.366276640904852425e-05
2.349651371938392674e-05
2.333020682919613974e-05
2.316385164219446772e-05
2.299745411558208965e-05
2.283102026000295004e-05
2.266455613937983673e-05
2.249806787083622346e-05
2.233156162465811952e-05
2.216504362409810698e-05
2.199852014534446127e-05
2.183199751740366428e-05
2.166548212193213283e-05
2.149898039320547816e-05
2.133249881794155732e-05
2.116604393518853609e-05
2.099962233623136302e-05
2.083324066443013856e-05
2.066690561510126957e-05
2.050062393539321977e-05
2.033440242412856518e-05
2.016824793167873491e-05
2.000216735983037983e-05
1.983616766157562011e-05
1.967025584106854843e-05
1.950443895334352028e-05
1.933872410425512654e-05
1.917311845027834443e-05
1.900762919833242926e-05
1.884226360562017127e-05
1.867702897945752681e-05
1.851193267708496715e-05
1.834698210550871745e-05
1.818218472129049939e-05
1.801754803036118737e-05
1.785307958786879319e-05
1.768878699787524857e-05
1.752467791329717382e-05
1.736076003560502531e-05
1.719704111461510486e-05
1.703352894835773084e-05
1.687023138273961094e-05
1.670715631141847442e-05
1.654431167555190659e-05
