3.231256774917511294e-03
9.647941278312080135e-03
1.516942755106261663e-02
2.032688745115459467e-02
1.474477282749059835e-02
1.116700726237187559e-02
6.070142853316456283e-03
2.331928851274530073e-03
3.438220634145534339e-03
3.790286713848452921e-03
3.511531768105206203e-03
1.796399860746102821e-03
1.112128923886839850e-03
1.639960107145100937e-03
3.271489880571300159e-04
2.618352187397015012e-03
2.841171078881154621e-03
9.896299816898178770e-04
1.301362111612564812e-03
1.787638511434775203e-03
5.707510713911833136e-04
1.358128377518559495e-03
2.105465488161255283e-03
4.309238487878561293e-03
1.118443362618591836e-03
1.955855089009749491e-03
5.051844204730552386e-04
1.355736836191375871e-03
2.277114003753574062e-03
2.603980776674804211e-04
2.154721467239420398e-03
5.914825511772818208e-04
1.369896514687582922e-03
2.823432406501999448e-03
5.214646733454699618e-03
1.633505284844673829e-04
