0.000000000000000000e+00
6.052364984280642624e-01
1.210472996856128747e+00
1.815709495284193009e+00
2.420945993712257049e+00
3.026182492140321756e+00
3.631418990568386462e+00
4.236655488996451169e+00
4.841891987424515875e+00
5.447128485852579693e+00
6.052364984280644400e+00
6.657601482708709106e+00
7.262837981136772925e+00
7.868074479564837631e+00
8.473310977992902338e+00
9.078547476420967044e+00
9.683783974849028198e+00
1.028902047327709290e+01
1.089425697170515761e+01
1.149949347013322232e+01
1.210472996856128702e+01
1.270996646698934995e+01
1.331520296541741466e+01
1.392043946384547937e+01
1.452567596227354407e+01
1.513091246070160878e+01
1.573614895912967171e+01
1.634138545755773464e+01
1.694662195598580112e+01
1.755185845441386405e+01
1.815709495284192698e+01
1.876233145126999702e+01
1.936756794969806350e+01
1.997280444812612643e+01
2.057804094655419291e+01
2.118327744498225584e+01
