0.000000000000000000e+00
1.821471048451354588e-02
3.642942096902709176e-02
5.464413145354064111e-02
7.285884193805315656e-02
9.107355242256670591e-02
1.092882629070802553e-01
1.275029733915938046e-01
1.457176838761073401e-01
1.639323943606209033e-01
1.821471048451334118e-01
2.003618153296469750e-01
2.185765258141605105e-01
2.367912362986740460e-01
2.550059467831876092e-01
2.732206572677011724e-01
2.914353677522136810e-01
3.096500782367272442e-01
3.278647887212407519e-01
3.460794992057543151e-01
3.642942096902678784e-01
3.825089201747813861e-01
4.007236306592949493e-01
4.189383411438074578e-01
4.371530516283210210e-01
4.553677621128345843e-01
4.735824725973480920e-01
4.917971830818616552e-01
5.100118935663742192e-01
5.282266040508877269e-01
5.464413145354012347e-01
5.646560250199148534e-01
5.828707355044283611e-01
6.010854459889418688e-01
6.193001564734554876e-01
6.375148669579679961e-01
6.557295774424815038e-01
6.739442879269951225e-01
6.921589984115086303e-01
7.103737088960221380e-01
7.285884193805357567e-01
7.468031298650482652e-01
7.650178403495617729e-01
7.832325508340752807e-01
8.014472613185888994e-01
8.196619718031024071e-01
8.378766822876159148e-01
8.560913927721285344e-01
8.743061032566420421e-01
8.925208137411555498e-01
9.107355242256691685e-01
9.289502347101826762e-01
9.471649451946961840e-01
9.653796556792098027e-01
9.835943661637223112e-01
1.001809076648235930e+00
1.020023787132749327e+00
1.038238497617262945e+00
1.056453208101776564e+00
1.074667918586289073e+00
1.092882629070802469e+00
1.111097339555316088e+00
1.129312050039829707e+00
1.147526760524343103e+00
1.165741471008856722e+00
1.183956181493370341e+00
1.202170891977882849e+00
1.220385602462396246e+00
1.238600312946909865e+00
1.256815023431423484e+00
1.275029733915936880e+00
1.293244444400450499e+00
1.311459154884964118e+00
1.329673865369476626e+00
1.347888575853990245e+00
1.366103286338503642e+00
1.384317996823017261e+00
1.402532707307530879e+00
1.420747417792043388e+00
1.438962128276556784e+00
1.457176838761070403e+00
1.475391549245584022e+00
1.493606259730097419e+00
1.511820970214611037e+00
1.530035680699124656e+00
1.548250391183637165e+00
1.566465101668150561e+00
1.584679812152664180e+00
1.602894522637177799e+00
1.621109233121691195e+00
1.639323943606203926e+00
1.657538654090718433e+00
1.675753364575230941e+00
1.693968075059744560e+00
1.712182785544257957e+00
1.730397496028771576e+00
1.748612206513285194e+00
1.766826916997797703e+00
1.785041627482311100e+00
1.803256337966824718e+00
1.821471048451338337e+00
1.839685758935851734e+00
1.857900469420365352e+00
1.876115179904878971e+00
1.894329890389391480e+00
1.912544600873904876e+00
1.930759311358418495e+00
1.948974021842932114e+00
1.967188732327445511e+00
1.985403442811958019e+00
2.003618153296472748e+00
2.021832863780985257e+00
2.040047574265498653e+00
2.058262284750012494e+00
2.076476995234525891e+00
2.094691705719039287e+00
2.112906416203551796e+00
2.131121126688065637e+00
2.149335837172579033e+00
2.167550547657092430e+00
2.185765258141606271e+00
2.203979968626118779e+00
2.222194679110633064e+00
2.240409389595145573e+00
2.258624100079659414e+00
2.276838810564172810e+00
2.295053521048686207e+00
2.313268231533200048e+00
2.331482942017712556e+00
2.349697652502226841e+00
2.367912362986739350e+00
2.386127073471253190e+00
2.404341783955766587e+00
2.422556494440279096e+00
2.440771204924793825e+00
2.458985915409306333e+00
2.477200625893819730e+00
2.495415336378333127e+00
2.513630046862846967e+00
2.531844757347360364e+00
2.550059467831872873e+00
2.568274178316387601e+00
2.586488888800900110e+00
2.604703599285413507e+00
2.622918309769927347e+00
2.641133020254440744e+00
2.659347730738954141e+00
2.677562441223466649e+00
2.695777151707981378e+00
2.713991862192493887e+00
2.732206572677007284e+00
2.750421283161521124e+00
2.768635993646033633e+00
2.786850704130547918e+00
2.805065414615060426e+00
2.823280125099574267e+00
2.841494835584087664e+00
2.859709546068601060e+00
2.877924256553114901e+00
2.896138967037627410e+00
2.914353677522141695e+00
2.932568388006654203e+00
2.950783098491168044e+00
2.968997808975681441e+00
2.987212519460193949e+00
3.005427229944708678e+00
3.023641940429221187e+00
3.041856650913735471e+00
3.060071361398247980e+00
3.078286071882761821e+00
3.096500782367275217e+00
3.114715492851787726e+00
3.132930203336302455e+00
3.151144913820814963e+00
3.169359624305328360e+00
3.187574334789841757e+00
3.205789045274355598e+00
3.224003755758868994e+00
3.242218466243381503e+00
3.260433176727896232e+00
3.278647887212408740e+00
3.296862597696923025e+00
3.315077308181435978e+00
3.333292018665948486e+00
3.351506729150462771e+00
3.369721439634975280e+00
3.387936150119490009e+00
3.406150860604002517e+00
3.424365571088515026e+00
3.442580281573029755e+00
3.460794992057542263e+00
3.479009702542056548e+00
3.497224413026569056e+00
3.515439123511081565e+00
3.533653833995596294e+00
3.551868544480111023e+00
3.570083254964623531e+00
3.588297965449136040e+00
3.606512675933650325e+00
3.624727386418162833e+00
3.642942096902677562e+00
3.661156807387190071e+00
3.679371517871702579e+00
3.697586228356217308e+00
3.715800938840729817e+00
3.734015649325244102e+00
3.752230359809756610e+00
3.770445070294269119e+00
3.788659780778783848e+00
3.806874491263296356e+00
3.825089201747811085e+00
3.843303912232323594e+00
3.861518622716836102e+00
3.879733333201350387e+00
3.897948043685862896e+00
3.916162754170377625e+00
3.934377464654890133e+00
3.952592175139402642e+00
3.970806885623917371e+00
3.989021596108431655e+00
4.007236306592944608e+00
4.025451017077457116e+00
4.043665727561971401e+00
4.061880438046483910e+00
4.080095148530998195e+00
4.098309859015510703e+00
4.116524569500023212e+00
4.134739279984538385e+00
4.152953990469050893e+00
4.171168700953565178e+00
4.189383411438077687e+00
4.207598121922590195e+00
4.225812832407104480e+00
4.244027542891616989e+00
4.262242253376132162e+00
4.280456963860644670e+00
4.298671674345157179e+00
4.316886384829671464e+00
4.335101095314185748e+00
4.353315805798698257e+00
4.371530516283210765e+00
4.389745226767725939e+00
4.407959937252238447e+00
4.426174647736752732e+00
4.444389358221265240e+00
4.462604068705777749e+00
4.480818779190292922e+00
4.499033489674805431e+00
4.517248200159319715e+00
4.535462910643832224e+00
4.553677621128344732e+00
4.571892331612859017e+00
4.590107042097371526e+00
4.608321752581886699e+00
4.626536463066399207e+00
4.644751173550911716e+00
4.662965884035426001e+00
4.681180594519940286e+00
4.699395305004452794e+00
4.717610015488965303e+00
4.735824725973477811e+00
4.754039436457992984e+00
4.772254146942507269e+00
4.790468857427019778e+00
4.808683567911532286e+00
4.826898278396046571e+00
4.845112988880559080e+00
4.863327699365074253e+00
4.881542409849586761e+00
4.899757120334099270e+00
4.917971830818613554e+00
4.936186541303127839e+00
4.954401251787640348e+00
4.972615962272152856e+00
4.990830672756665365e+00
5.009045383241180538e+00
5.027260093725694823e+00
5.045474804210207331e+00
5.063689514694719840e+00
5.081904225179232348e+00
5.100118935663746633e+00
5.118333646148261806e+00
5.136548356632774315e+00
5.154763067117286823e+00
5.172977777601801108e+00
5.191192488086313617e+00
5.209407198570827902e+00
5.227621909055340410e+00
5.245836619539852919e+00
5.264051330024368092e+00
5.282266040508882377e+00
5.300480750993394885e+00
5.318695461477907394e+00
5.336910171962419902e+00
5.355124882446934187e+00
5.373339592931449360e+00
5.391554303415961868e+00
5.409769013900474377e+00
5.427983724384986886e+00
5.446198434869501170e+00
5.464413145354015455e+00
5.482627855838527964e+00
5.500842566323040472e+00
5.519057276807552981e+00
5.537271987292068154e+00
5.555486697776582439e+00
5.573701408261094947e+00
5.591916118745607456e+00
5.610130829230121741e+00
5.628345539714636914e+00
5.646560250199149422e+00
5.664774960683661931e+00
5.682989671168174439e+00
5.701204381652688724e+00
5.719419092137203009e+00
5.737633802621715517e+00
5.755848513106228026e+00
5.774063223590740535e+00
5.792277934075255708e+00
5.810492644559769992e+00
5.828707355044282501e+00
5.846922065528795009e+00
5.865136776013307518e+00
5.883351486497822691e+00
5.901566196982336976e+00
5.919780907466849484e+00
5.937995617951361993e+00
5.956210328435876278e+00
5.974425038920388786e+00
5.992639749404903959e+00
6.010854459889416468e+00
6.029069170373928976e+00
6.047283880858443261e+00
6.065498591342957546e+00
6.083713301827470055e+00
6.101928012311982563e+00
6.120142722796495072e+00
6.138357433281010245e+00
6.156572143765524530e+00
6.174786854250037038e+00
6.193001564734549547e+00
6.211216275219062055e+00
6.229430985703576340e+00
6.247645696188091513e+00
6.265860406672604022e+00
6.284075117157116530e+00
6.302289827641630815e+00
6.320504538126143323e+00
6.338719248610657608e+00
6.356933959095170117e+00
6.375148669579682625e+00
6.393363380064197798e+00
6.411578090548712083e+00
6.429792801033224592e+00
6.448007511517737100e+00
6.466222222002249609e+00
6.484436932486763894e+00
6.502651642971279067e+00
6.520866353455791575e+00
6.539081063940304084e+00
6.557295774424816592e+00
6.575510484909330877e+00
6.593725195393845162e+00
6.611939905878357671e+00
6.630154616362870179e+00
6.648369326847385352e+00
6.666584037331897861e+00
6.684798747816412146e+00
6.703013458300924654e+00
6.721228168785437163e+00
6.739442879269951447e+00
6.757657589754466620e+00
6.775872300238979129e+00
6.794087010723491638e+00
6.812301721208004146e+00
6.830516431692518431e+00
6.848731142177032716e+00
6.866945852661545224e+00
6.885160563146057733e+00
6.903375273630570241e+00
6.921589984115085414e+00
6.939804694599599699e+00
6.958019405084112208e+00
6.976234115568624716e+00
6.994448826053137225e+00
7.012663536537651510e+00
7.030878247022166683e+00
7.049092957506679191e+00
7.067307667991191700e+00
7.085522378475705985e+00
7.103737088960220269e+00
7.121951799444732778e+00
7.140166509929245287e+00
7.158381220413757795e+00
7.176595930898272968e+00
7.194810641382787253e+00
7.213025351867299761e+00
7.231240062351812270e+00
7.249454772836324778e+00
7.267669483320839063e+00
7.285884193805354236e+00
7.304098904289866745e+00
7.322313614774379253e+00
7.340528325258891762e+00
7.358743035743406047e+00
7.376957746227920332e+00
7.395172456712433728e+00
7.413387167196946237e+00
7.431601877681460522e+00
7.449816588165973030e+00
7.468031298650487315e+00
7.486246009134999824e+00
7.504460719619512332e+00
7.522675430104027505e+00
7.540890140588541790e+00
7.559104851073054299e+00
7.577319561557566807e+00
7.595534272042079316e+00
7.613748982526593601e+00
7.631963693011108774e+00
7.650178403495621282e+00
7.668393113980133791e+00
7.686607824464646299e+00
7.704822534949160584e+00
7.723037245433674869e+00
7.741251955918187377e+00
7.759466666402699886e+00
7.777681376887215059e+00
7.795896087371727567e+00
7.814110797856241852e+00
7.832325508340754361e+00
7.850540218825266869e+00
7.868754929309781154e+00
7.886969639794296327e+00
7.905184350278808836e+00
7.923399060763321344e+00
7.941613771247833853e+00
7.959828481732348138e+00
7.978043192216862423e+00
7.996257902701374931e+00
8.014472613185887440e+00
8.032687323670399948e+00
8.050902034154914233e+00
8.069116744639428518e+00
8.087331455123942803e+00
8.105546165608455311e+00
8.123760876092969596e+00
8.141975586577482105e+00
8.160190297061996390e+00
8.178405007546508898e+00
8.196619718031021407e+00
8.214834428515535691e+00
8.233049139000049976e+00
8.251263849484562485e+00
8.269478559969074993e+00
8.287693270453587502e+00
8.305907980938101787e+00
8.324122691422617848e+00
8.342337401907130356e+00
8.360552112391642865e+00
8.378766822876155373e+00
8.396981533360669658e+00
8.415196243845183943e+00
8.433410954329696452e+00
8.451625664814208960e+00
8.469840375298723245e+00
8.488055085783235754e+00
8.506269796267750039e+00
8.524484506752262547e+00
8.542699217236775056e+00
8.560913927721289340e+00
8.579128638205805402e+00
8.597343348690317910e+00
8.615558059174830419e+00
8.633772769659342927e+00
8.651987480143857212e+00
8.670202190628371497e+00
8.688416901112884005e+00
8.706631611597396514e+00
8.724846322081909022e+00
8.743061032566423307e+00
8.761275743050937592e+00
8.779490453535450101e+00
8.797705164019962609e+00
8.815919874504475118e+00
8.834134584988989403e+00
8.852349295473505464e+00
8.870564005958017972e+00
8.888778716442530481e+00
8.906993426927044766e+00
8.925208137411559051e+00
8.943422847896071559e+00
8.961637558380584068e+00
8.979852268865096576e+00
8.998066979349610861e+00
9.016281689834125146e+00
9.034496400318637654e+00
9.052711110803150163e+00
9.070925821287662671e+00
9.089140531772176956e+00
9.107355242256693018e+00
9.125569952741205526e+00
9.143784663225718035e+00
9.161999373710230543e+00
9.180214084194744828e+00
9.198428794679259113e+00
9.216643505163771621e+00
9.234858215648284130e+00
9.253072926132798415e+00
9.271287636617312700e+00
9.289502347101825208e+00
9.307717057586337717e+00
9.325931768070850225e+00
9.344146478555362734e+00
9.362361189039878795e+00
9.380575899524391303e+00
9.398790610008903812e+00
9.417005320493416320e+00
9.435220030977932382e+00
9.453434741462444890e+00
9.471649451946957399e+00
9.489864162431469907e+00
9.508078872915982416e+00
9.526293583400500253e+00
9.544508293885012762e+00
9.562723004369525270e+00
9.580937714854037779e+00
9.599152425338550287e+00
9.617367135823066349e+00
9.635581846307578857e+00
9.653796556792091366e+00
9.672011267276603874e+00
9.690225977761116383e+00
9.708440688245632444e+00
9.726655398730144952e+00
9.744870109214657461e+00
9.763084819699169969e+00
9.781299530183682478e+00
9.799514240668200316e+00
9.817728951152712824e+00
9.835943661637225333e+00
9.854158372121737841e+00
9.872373082606253902e+00
9.890587793090766411e+00
9.908802503575278919e+00
9.927017214059791428e+00
9.945231924544303936e+00
9.963446635028819998e+00
9.981661345513332506e+00
9.999876055997845015e+00
1.001809076648235752e+01
1.003630547696687003e+01
1.005452018745138787e+01
1.007273489793590038e+01
1.009094960842041289e+01
1.010916431890492539e+01
1.012737902938943790e+01
1.014559373987395396e+01
1.016380845035846647e+01
1.018202316084297898e+01
1.020023787132749149e+01
1.021845258181200755e+01
1.023666729229652006e+01
1.025488200278103434e+01
1.027309671326554685e+01
1.029131142375005936e+01
1.030952613423457542e+01
1.032774084471908793e+01
1.034595555520360044e+01
1.036417026568811295e+01
1.038238497617262546e+01
1.040059968665714152e+01
1.041881439714165403e+01
1.043702910762616654e+01
1.045524381811067904e+01
1.047345852859519155e+01
1.049167323907970939e+01
1.050988794956422190e+01
1.052810266004873441e+01
1.054631737053324692e+01
1.056453208101776298e+01
1.058274679150227549e+01
1.060096150198678799e+01
1.061917621247130050e+01
1.063739092295581301e+01
1.065560563344032907e+01
1.067382034392484158e+01
1.069203505440935409e+01
1.071024976489386660e+01
1.072846447537837911e+01
1.074667918586289694e+01
1.076489389634740945e+01
1.078310860683192196e+01
1.080132331731643447e+01
1.081953802780094698e+01
1.083775273828546304e+01
1.085596744876997555e+01
1.087418215925448806e+01
1.089239686973900056e+01
1.091061158022351663e+01
1.092882629070802913e+01
1.094704100119254164e+01
1.096525571167705415e+01
1.098347042216156666e+01
1.100168513264608450e+01
1.101989984313059701e+01
1.103811455361510951e+01
1.105632926409962202e+01
1.107454397458413453e+01
1.109275868506865059e+01
1.111097339555316310e+01
1.112918810603767561e+01
1.114740281652218812e+01
1.116561752700670063e+01
1.118383223749121669e+01
1.120204694797572920e+01
1.122026165846024170e+01
1.123847636894475421e+01
1.125669107942927205e+01
1.127490578991378456e+01
1.129312050039829707e+01
1.131133521088280958e+01
1.132954992136732209e+01
1.134776463185183815e+01
1.136597934233635065e+01
1.138419405282086316e+01
1.140240876330537567e+01
1.142062347378988818e+01
1.143883818427440424e+01
1.145705289475891675e+01
1.147526760524342926e+01
1.149348231572794177e+01
1.151169702621245428e+01
1.152991173669697211e+01
1.154812644718148462e+01
1.156634115766599713e+01
1.158455586815050964e+01
1.160277057863502215e+01
1.162098528911953821e+01
1.163919999960405072e+01
1.165741471008856323e+01
1.167562942057307573e+01
1.169384413105759180e+01
1.171205884154210430e+01
1.173027355202661681e+01
1.174848826251112932e+01
1.176670297299564183e+01
1.178491768348015967e+01
1.180313239396467218e+01
1.182134710444918468e+01
1.183956181493369719e+01
1.185777652541820970e+01
1.187599123590272576e+01
1.189420594638723827e+01
1.191242065687175078e+01
1.193063536735626329e+01
1.194885007784077580e+01
1.196706478832529186e+01
1.198527949880980437e+01
1.200349420929431687e+01
1.202170891977882938e+01
1.203992363026334722e+01
1.205813834074785973e+01
1.207635305123237224e+01
1.209456776171688475e+01
1.211278247220139725e+01
1.213099718268591332e+01
1.214921189317042582e+01
1.216742660365493833e+01
1.218564131413945084e+01
1.220385602462396335e+01
1.222207073510847941e+01
1.224028544559299192e+01
1.225850015607750443e+01
1.227671486656201694e+01
1.229492957704652945e+01
1.231314428753104728e+01
1.233135899801555979e+01
1.234957370850007230e+01
1.236778841898458481e+01
1.238600312946910087e+01
1.240421783995361338e+01
1.242243255043812589e+01
1.244064726092263840e+01
1.245886197140715090e+01
1.247707668189166696e+01
1.249529139237617947e+01
1.251350610286069198e+01
1.253172081334520449e+01
1.254993552382971700e+01
1.256815023431423484e+01
1.258636494479874735e+01
1.260457965528325985e+01
1.262279436576777236e+01
1.264100907625228487e+01
1.265922378673680093e+01
1.267743849722131344e+01
1.269565320770582595e+01
1.271386791819033846e+01
1.273208262867485452e+01
1.275029733915936703e+01
1.276851204964387954e+01
1.278672676012839204e+01
1.280494147061290455e+01
1.282315618109742239e+01
1.284137089158193490e+01
1.285958560206644741e+01
1.287780031255095992e+01
1.289601502303547242e+01
1.291422973351998849e+01
1.293244444400450099e+01
1.295065915448901350e+01
1.296887386497352601e+01
1.298708857545803852e+01
1.300530328594255458e+01
1.302351799642706709e+01
1.304173270691157960e+01
1.305994741739609211e+01
1.307816212788060994e+01
1.309637683836512245e+01
1.311459154884963496e+01
1.313280625933414747e+01
1.315102096981865998e+01
1.316923568030317604e+01
1.318745039078768855e+01
1.320566510127220106e+01
1.322387981175671356e+01
1.324209452224122607e+01
1.326030923272574391e+01
1.327852394321025642e+01
1.329673865369476893e+01
1.331495336417928144e+01
1.333316807466379394e+01
1.335138278514831001e+01
1.336959749563282251e+01
1.338781220611733502e+01
1.340602691660184753e+01
1.342424162708636004e+01
1.344245633757087610e+01
1.346067104805538861e+01
1.347888575853990112e+01
1.349710046902441363e+01
1.351531517950893146e+01
1.353352988999344397e+01
1.355174460047795648e+01
1.356995931096246899e+01
1.358817402144698150e+01
1.360638873193149756e+01
1.362460344241601007e+01
1.364281815290052258e+01
1.366103286338503509e+01
1.367924757386954759e+01
1.369746228435406366e+01
1.371567699483857616e+01
1.373389170532308867e+01
1.375210641580760118e+01
1.377032112629211369e+01
1.378853583677663153e+01
1.380675054726114404e+01
1.382496525774565654e+01
1.384317996823016905e+01
1.386139467871468511e+01
1.387960938919919762e+01
1.389782409968371013e+01
1.391603881016822264e+01
1.393425352065273515e+01
1.395246823113725121e+01
1.397068294162176372e+01
1.398889765210627623e+01
1.400711236259078873e+01
1.402532707307530124e+01
1.404354178355981908e+01
1.406175649404433159e+01
1.407997120452884410e+01
1.409818591501335661e+01
1.411640062549786911e+01
1.413461533598238518e+01
1.415283004646689768e+01
1.417104475695141019e+01
1.418925946743592270e+01
1.420747417792043876e+01
1.422568888840495127e+01
1.424390359888946378e+01
1.426211830937397629e+01
1.428033301985848880e+01
1.429854773034300663e+01
1.431676244082751914e+01
1.433497715131203165e+01
1.435319186179654416e+01
1.437140657228105667e+01
1.438962128276557273e+01
1.440783599325008524e+01
1.442605070373459775e+01
1.444426541421911026e+01
1.446248012470362276e+01
1.448069483518813882e+01
1.449890954567265133e+01
1.451712425615716384e+01
1.453533896664167635e+01
1.455355367712619419e+01
1.457176838761070670e+01
1.458998309809521920e+01
1.460819780857973171e+01
1.462641251906424422e+01
1.464462722954876028e+01
1.466284194003327279e+01
1.468105665051778530e+01
1.469927136100229781e+01
1.471748607148681032e+01
1.473570078197132638e+01
1.475391549245583889e+01
1.477213020294035140e+01
1.479034491342486390e+01
1.480855962390937641e+01
1.482677433439389425e+01
1.484498904487840676e+01
1.486320375536291927e+01
1.488141846584743178e+01
1.489963317633194428e+01
1.491784788681646035e+01
1.493606259730097285e+01
1.495427730778548536e+01
1.497249201826999787e+01
1.499070672875451393e+01
1.500892143923902644e+01
1.502713614972353895e+01
1.504535086020805146e+01
1.506356557069256397e+01
1.508178028117708180e+01
1.509999499166159431e+01
1.511820970214610682e+01
1.513642441263061933e+01
1.515463912311513184e+01
1.517285383359964790e+01
1.519106854408416041e+01
1.520928325456867292e+01
1.522749796505318542e+01
1.524571267553769793e+01
1.526392738602221399e+01
1.528214209650672650e+01
1.530035680699123901e+01
1.531857151747575152e+01
1.533678622796026936e+01
1.535500093844478187e+01
1.537321564892929437e+01
1.539143035941380688e+01
1.540964506989831939e+01
1.542785978038283545e+01
1.544607449086734796e+01
1.546428920135186047e+01
1.548250391183637298e+01
1.550071862232088549e+01
1.551893333280540155e+01
1.553714804328991406e+01
1.555536275377442657e+01
1.557357746425893907e+01
1.559179217474345158e+01
1.561000688522796942e+01
1.562822159571248193e+01
1.564643630619699444e+01
1.566465101668150695e+01
1.568286572716602301e+01
1.570108043765053552e+01
1.571929514813504802e+01
1.573750985861956053e+01
1.575572456910407304e+01
1.577393927958858910e+01
1.579215399007310161e+01
1.581036870055761412e+01
1.582858341104212663e+01
1.584679812152663914e+01
1.586501283201115697e+01
1.588322754249566948e+01
1.590144225298018199e+01
1.591965696346469450e+01
1.593787167394920701e+01
1.595608638443372307e+01
1.597430109491823558e+01
1.599251580540274809e+01
1.601073051588726059e+01
1.602894522637177843e+01
1.604715993685628916e+01
1.606537464734080345e+01
1.608358935782531418e+01
1.610180406830982847e+01
1.612001877879434275e+01
1.613823348927885704e+01
1.615644819976336777e+01
1.617466291024788205e+01
1.619287762073239278e+01
1.621109233121691062e+01
1.622930704170142491e+01
1.624752175218593564e+01
1.626573646267044992e+01
1.628395117315496066e+01
1.630216588363947849e+01
1.632038059412398923e+01
1.633859530460850351e+01
1.635681001509301424e+01
1.637502472557753208e+01
1.639323943606204281e+01
1.641145414654655710e+01
1.642966885703106783e+01
1.644788356751558211e+01
1.646609827800009995e+01
1.648431298848461068e+01
1.650252769896912497e+01
1.652074240945363570e+01
1.653895711993814999e+01
1.655717183042266427e+01
1.657538654090717856e+01
1.659360125139168929e+01
1.661181596187620357e+01
1.663003067236071431e+01
1.664824538284523214e+01
1.666646009332974288e+01
1.668467480381425716e+01
1.670288951429876789e+01
1.672110422478328218e+01
1.673931893526780001e+01
1.675753364575231075e+01
1.677574835623682503e+01
1.679396306672133576e+01
1.681217777720585360e+01
1.683039248769036433e+01
1.684860719817487862e+01
1.686682190865938935e+01
1.688503661914390364e+01
1.690325132962841792e+01
1.692146604011293221e+01
1.693968075059744294e+01
1.695789546108195722e+01
1.697611017156646795e+01
1.699432488205098579e+01
1.701253959253550008e+01
1.703075430302001081e+01
1.704896901350452509e+01
1.706718372398903583e+01
1.708539843447355366e+01
1.710361314495806440e+01
1.712182785544257868e+01
1.714004256592708941e+01
1.715825727641160725e+01
1.717647198689611798e+01
1.719468669738063227e+01
1.721290140786514300e+01
1.723111611834965728e+01
1.724933082883417512e+01
1.726754553931868585e+01
1.728576024980320014e+01
1.730397496028771087e+01
1.732218967077222516e+01
1.734040438125673944e+01
1.735861909174125373e+01
1.737683380222576446e+01
1.739504851271027874e+01
1.741326322319478948e+01
1.743147793367930731e+01
1.744969264416381804e+01
1.746790735464833233e+01
1.748612206513284306e+01
1.750433677561736090e+01
1.752255148610187518e+01
1.754076619658638592e+01
1.755898090707090020e+01
1.757719561755541093e+01
1.759541032803992877e+01
1.761362503852443950e+01
1.763183974900895379e+01
1.765005445949346452e+01
1.766826916997797881e+01
1.768648388046249664e+01
1.770469859094700738e+01
1.772291330143152166e+01
1.774112801191603239e+01
1.775934272240054668e+01
1.777755743288506096e+01
1.779577214336957525e+01
1.781398685385408598e+01
1.783220156433860026e+01
1.785041627482311455e+01
1.786863098530762883e+01
1.788684569579213957e+01
1.790506040627665385e+01
1.792327511676116458e+01
1.794148982724568242e+01
1.795970453773019671e+01
1.797791924821470744e+01
1.799613395869922172e+01
1.801434866918373245e+01
1.803256337966825029e+01
1.805077809015276102e+01
1.806899280063727531e+01
1.808720751112178604e+01
1.810542222160630033e+01
1.812363693209081461e+01
1.814185164257532890e+01
1.816006635305983963e+01
1.817828106354435391e+01
1.819649577402887175e+01
