0.000000000000000000e+00
1.274338805183306474e-06
5.096398278282236383e-06
1.146330753787793750e-05
2.037028217146802153e-05
3.181062503715988263e-05
4.577572739290606835e-05
6.225507036002879034e-05
8.123622672966430568e-05
1.027048631229826977e-04
1.266447425170545986e-04
1.530377271517089819e-04
1.818637818321375678e-04
2.131009776472960479e-04
2.467254961215226551e-04
2.827116338231877796e-04
3.210318074522959400e-04
3.616565594326407503e-04
4.045545640354506183e-04
4.496926340618123490e-04
4.970357281159069234e-04
5.465469584980477179e-04
5.981875997523277951e-04
6.519170979025010063e-04
7.076930804124348644e-04
7.654713669071380169e-04
8.252059806950517214e-04
8.868491611280749590e-04
9.503513768434408877e-04
1.015661339926542161e-03
1.082726021038976118e-03
1.151490665556606161e-03
1.221898810758670828e-03
1.293892304118103142e-03
1.367411322735740493e-03
1.442394393966245098e-03
1.518778417283396130e-03
1.596498687432205358e-03
1.675488918915306411e-03
1.755681271862676073e-03
1.837006379333303886e-03
1.919393376096335639e-03
2.002769928940671511e-03
2.087062268561671371e-03
2.172195223071048207e-03
2.258092253182296914e-03
2.344675489112147109e-03
2.431865769249782431e-03
2.519582680637595141e-03
2.607744601308656894e-03
2.696268744524897825e-03
2.785071204958676841e-03
2.874067006861252133e-03
2.963170154254642259e-03
3.052293683190727708e-03
3.141349716110550510e-03
3.230249518343041373e-03
3.318903556774058065e-03
3.407221560719209553e-03
3.495112585031954610e-03
3.582485075467009648e-03
3.669246936336486783e-03
3.755305600470059107e-03
3.840568101503559831e-03
3.924941148516603896e-03
4.008331203027220430e-03
4.090644558358927721e-03
4.171787421389478584e-03
4.251665996679937325e-03
4.330186572995486753e-03
4.407255612205641764e-03
4.482779840566564374e-03
4.556666342370482674e-03
4.628822655951400286e-03
4.699156872030798605e-03
4.767577734378893907e-03
4.833994742768500663e-03
4.898318258190683706e-03
4.960459610297004301e-03
5.020331207030808568e-03
5.077846646403229997e-03
5.132920830366692090e-03
5.185470080729663589e-03
5.235412257060456306e-03
5.282666876511898750e-03
5.327155235500836798e-03
5.368800533173005707e-03
5.407527996565851189e-03
5.443265007399836035e-03
5.475941230397066671e-03
5.505488743039109630e-03
5.531842166668553447e-03
5.554938798820974362e-03
5.574718746687725747e-03
5.591125061584835063e-03
5.604103874319743377e-03
5.613604531316425221e-03
5.619579731380530338e-03
5.621985662961325077e-03
5.620782141771707603e-03
5.615932748619828149e-03
5.607404967300055887e-03
5.595170322391052227e-03
5.579204516791284180e-03
5.559487568833743239e-03
5.536003948808662992e-03
5.508742714710647068e-03
5.477697647041496025e-03
5.442867382475609882e-03
5.404255546203703096e-03
5.361870882762425142e-03
5.315727385150567814e-03
5.265844422035690676e-03
5.212246862843242408e-03
5.154965200523913514e-03
5.094035671791300769e-03
5.029500374608582118e-03
4.961407382720322591e-03
4.889810857000170125e-03
4.814771153403227429e-03
4.736354927294357531e-03
4.654635233932872054e-03
4.569691624887214747e-03
4.481610240154367333e-03
4.390483895753325393e-03
4.296412166574666708e-03
4.199501464245736053e-03
4.099865109798707732e-03
3.997623400902765474e-03
3.892903673443351507e-03
3.785840357219400713e-03
3.676575025539753107e-03
3.565256438494084513e-03
3.452040579684272342e-03
3.337090686197925760e-03
3.220577271613375529e-03
3.102678141827086740e-03
2.983578403499585491e-03
2.863470464917634243e-03
2.742554029080077668e-03
2.621036078813756068e-03
2.499130853738488339e-03
2.377059818898550041e-03
2.255051624890625026e-03
2.133342059322431393e-03
2.012173989444216576e-03
1.891797295799294530e-03
1.772468796756446977e-03
1.654452163784248583e-03
1.538017827347427577e-03
1.423442873303480552e-03
1.311010929699373299e-03
1.201012043865959476e-03
1.093742549727565530e-03
9.895049252521298955e-04
8.886076399745000687e-04
7.913649925426034662e-04
6.980969382453646940e-04
6.091289064933242108e-04
5.247916082360155193e-04
4.454208333125159159e-04
3.713572377448892074e-04
3.029461209972550309e-04
2.405371932382169905e-04
1.844843326558544185e-04
1.351453328908411213e-04
9.288164066605030206e-05
5.805808370678160370e-05
3.104258905953955503e-05
1.220589193223944717e-05
1.921235194351604541e-06
5.640596901821292594e-07
8.511685533480876806e-06
2.614298456760462806e-05
5.383804419018529248e-05
9.197782275691800547e-05
1.409437967947225231e-04
2.011176002693665268e-04
2.728806561685837993e-04
3.566138006769805908e-04
4.526969002334707125e-04
5.615084617784084310e-04
6.834252365113430453e-04
8.188218174959586895e-04
9.680702314626338017e-04
1.131539525174179300e-03
1.309595346733982658e-03
1.502599522230992904e-03
1.710909628124658447e-03
1.934878559796870002e-03
2.174854096695282360e-03
2.431178464522054921e-03
2.704187894918437789e-03
2.994212183120832736e-03
3.301574244064638553e-03
3.626589667429781956e-03
3.969566272128285944e-03
4.330803660745319826e-03
4.710592774458525513e-03
5.109215448955314182e-03
5.526943971898278310e-03
5.964040642471837329e-03
6.420757333567676112e-03
6.897335057166708965e-03
7.394003533475629678e-03
7.910980764392054609e-03
8.448472611863490703e-03
9.006672381719258921e-03
9.585760413551337733e-03
1.018590367721981457e-02
1.080725537656755837e-02
1.144995456092071096e-02
1.211412574495255266e-02
1.279987853749364746e-02
1.350730727985309347e-02
1.423649069423759198e-02
1.498749154281796801e-02
1.576035629801903273e-02
1.655511482458418490e-02
1.737178007396472310e-02
1.821034779157377353e-02
1.907079623744604296e-02
1.995308592081602647e-02
2.085715934913894704e-02
2.178294079205297593e-02
2.273033606077114882e-02
2.369923230338566444e-02
2.468949781654502726e-02
2.570098187395624539e-02
2.673351457214417221e-02
2.778690669388417592e-02
2.886094958971718860e-02
2.995541507792231356e-02
3.107005536330954831e-02
3.220460297518903947e-02
3.335877072483148242e-02
3.453225168272407164e-02
3.572471917591717172e-02
3.693582680570455662e-02
3.816520848588503267e-02
3.941247850182513779e-02
4.067723159049810994e-02
4.195904304167972360e-02
4.325746882042955099e-02
4.457204571098675322e-02
4.590229148215315552e-02
4.724770507424062849e-02
4.860776680761024621e-02
4.998193861281204770e-02
5.136966428231514586e-02
5.277036974376612261e-02
5.418346335471894981e-02
5.560833621871597021e-02
5.704436252260332296e-02
5.849089989491319808e-02
5.994728978512292583e-02
6.141285786358131882e-02
6.288691444184989210e-02
6.436875491318698461e-02
6.585766021287745020e-02
6.735289729806379078e-02
6.885371964674066869e-02
7.035936777550221011e-02
7.186906977564463950e-02
7.338204186718551292e-02
7.489748897030580610e-02
7.641460529375879163e-02
7.793257493969026062e-02
7.945057252433856965e-02
8.096776381405317025e-02
8.248330637601290760e-02
8.399635024304430431e-02
8.550603859189170874e-02
8.701150843426738724e-02
8.851189132001140158e-02
9.000631405163467269e-02
9.149389940953488176e-02
9.297376688712664927e-02
9.444503343513757643e-02
9.590681421426641706e-02
9.735822335542387851e-02
9.879837472673524967e-02
1.002263827064807655e-01
1.016413629611260805e-01
1.030424332276018845e-01
1.044287140989482027e-01
1.057993298124849518e-01
1.071534090395801081e-01
1.084900856761657345e-01
1.098084996330804669e-01
1.111077976253575655e-01
1.123871339595219759e-01
1.136456713180221678e-01
1.148825815398677869e-01
1.160970463965652899e-01
1.172882583624448444e-01
1.184554213784749233e-01
1.195977516086534354e-01
1.207144781880869905e-01
1.218048439618589079e-01
1.228681062138068103e-01
1.239035373843307142e-01
1.249104257763635761e-01
1.258880762486599691e-01
1.268358108955496832e-01
1.277529697123281349e-01
1.286389112454840999e-01
1.294930132269430656e-01
1.303146731915729439e-01
1.311033090771689391e-01
1.318583598061797146e-01
1.325792858484667047e-01
1.332655697643777282e-01
1.339167167274623316e-01
1.345322550261862093e-01
1.351117365440009654e-01
1.356547372171714172e-01
1.361608574697836804e-01
1.366297226253881392e-01
1.370609832947370099e-01
1.374543157391578951e-01
1.378094222090678056e-01
1.381260312572021309e-01
1.384038980261838303e-01
1.386428045100112083e-01
1.388425597891931318e-01
1.390030002391577924e-01
1.391239897117151625e-01
1.392054196893188212e-01
1.392472094119055481e-01
1.392493059761780172e-01
1.392116844071580872e-01
1.391343477019445496e-01
1.390173268455784650e-01
1.388606807990181435e-01
1.386644964591969564e-01
1.384288885912294820e-01
1.381539997328189995e-01
1.378400000710034434e-01
1.374870872913548092e-01
1.370954863998299078e-01
1.366654495174825512e-01
1.361972556482837771e-01
1.356912104203292779e-01
1.351476458007475068e-01
1.345669197846707243e-01
1.339494160586161553e-01
1.332955436387268378e-01
1.326057364842837538e-01
1.318804530869844283e-01
1.311201760364645863e-01
1.303254115626247545e-01
1.294966890552920191e-01
1.286345605618300358e-01
1.277396002632801286e-01
1.268124039297085504e-01
1.258535883553906498e-01
1.248637907745388381e-01
1.238436682582672588e-01
1.227938970935540108e-01
1.217151721449136470e-01
1.206082061995797788e-01
1.194737292969764442e-01
1.183124880432907949e-01
1.171252449119566386e-01
1.159127775309009012e-01
1.146758779574002657e-01
1.134153519414010935e-01
1.121320181781962494e-01
1.108267075513175298e-01
1.095002623665680963e-01
1.081535355780631619e-01
1.067873900072113108e-01
1.054026975555255041e-01
1.040003384122030611e-01
1.025812002573667642e-01
1.011461774618995224e-01
9.969617028478666709e-02
9.823208406888410404e-02
9.675482843601969363e-02
9.526531648233629856e-02
9.376446397479641648e-02
9.225318854971964466e-02
9.073240891426276322e-02
8.920304405171378126e-02
8.766601243147466305e-02
8.612223122459085334e-02
8.457261552566440466e-02
8.301807758200269172e-02
8.145952603081468846e-02
7.989786514524391259e-02
7.833399409004573877e-02
7.676880618766833420e-02
7.520318819548520162e-02
7.363801959492460858e-02
7.207417189318725270e-02
7.051250793825961094e-02
6.895388124788670581e-02
6.739913535314366599e-02
6.584910315723742358e-02
6.430460631013457107e-02
6.276645459958732354e-02
6.123544535910811076e-02
5.971236289341492337e-02
5.819797792184711743e-02
5.669304704021895652e-02
5.519831220155178853e-02
5.371450021610766484e-02
5.224232227110302273e-02
5.078247347046962318e-02
4.933563239498663794e-02
4.790246068309307603e-02
4.648360263264872394e-02
4.507968482389298343e-02
4.369131576381225096e-02
4.231908555211018330e-02
4.096356556893067380e-02
3.962530818446852177e-02
3.830484649056963009e-02
3.700269405438427056e-02
3.571934469412906682e-02
3.445527227696017214e-02
3.321093053895814856e-02
3.198675292717800128e-02
3.078315246369391078e-02
2.960052163155140956e-02
2.843923228250786264e-02
2.729963556640239292e-02
2.618206188200597126e-02
2.508682084912849594e-02
2.401420130178742035e-02
2.296447130217255106e-02
2.193787817515695238e-02
2.093464856304836155e-02
1.995498850028123300e-02
1.899908350770845855e-02
1.806709870614536806e-02
1.715917894878715710e-02
1.627544897211109093e-02
1.541601356485472647e-02
1.458095775463735984e-02
1.377034701178751069e-02
1.298422746991073282e-02
1.222262616272876308e-02
1.148555127669539586e-02
1.077299241889390774e-02
1.008492089969731213e-02
9.421290029668927604e-03
8.782035430166786408e-03
8.167075357105693309e-03
7.576311037324194586e-03
7.009627016993000802e-03
6.466891521499369515e-03
5.947956826227366808e-03
5.452659637657257183e-03
4.980821484200644717e-03
4.532249116178877629e-03
4.106734914360270564e-03
3.704057306457459852e-03
3.323981190998145409e-03
2.966258367971554098e-03
2.630627975659023590e-03
2.316816933060984133e-03
2.024540387326630424e-03
1.753502165606616627e-03
1.503395230742271679e-03
1.273902140218623755e-03
1.064695507806645526e-03
8.754384673319481804e-04
7.057851380087586156e-04
5.553810907899986481e-04
4.238638151892074957e-04
3.108631860394630588e-04
2.160019296647618201e-04
1.388960889475266509e-04
7.915548678756964161e-05
3.638418745749477423e-05
1.018095537230911696e-05
1.397108014330885470e-07
5.849982064306666637e-06
2.689735376352301601e-05
6.286391062210483244e-05
1.133286765051418733e-04
1.778680482199955948e-04
2.560562237025679742e-04
3.474656242131230659e-04
4.516673101770601949e-04
5.682313903240958407e-04
6.967274237919148221e-04
8.367248148759687384e-04
9.877932001239367842e-04
1.149502827486824450e-03
1.321424927255725624e-03
1.503132074528410475e-03
1.694198542963909569e-03
1.894200649605017528e-03
2.102717090553394685e-03
2.319329267310962610e-03
2.543621603604984821e-03
2.775181852538611584e-03
3.013601393917662245e-03
3.258475521624084898e-03
3.509403720921621360e-03
3.765989935588320760e-03
4.027842824798917760e-03
4.294576009671965088e-03
4.565808309441058907e-03
4.841163967195473775e-03
5.120272865169516255e-03
5.402770729558238789e-03
5.688299324868294551e-03
5.976506637806608228e-03
6.267047050738206587e-03
6.559581504746237086e-03
6.853777652346890181e-03
7.149309999919590229e-03
7.445860039924452958e-03
7.743116372994910540e-03
8.040774819994194605e-03
8.338538524149258224e-03
8.636118043369063468e-03
8.933231432881683434e-03
9.229604318313768332e-03
9.524969959367385330e-03
9.819069304235681500e-03
1.011165103492354944e-02
1.040247160363972495e-02
1.069129526042980442e-02
1.097789407224097034e-02
1.126204793359629995e-02
1.154354456907951028e-02
1.182217952782499762e-02
1.209775617022150473e-02
1.237008564703393279e-02
1.263898687116306319e-02
1.290428648225053904e-02
1.316581880436379012e-02
1.342342579697244562e-02
1.367695699945055583e-02
1.392626946932802937e-02
1.417122771453156217e-02
1.441170361983524183e-02
1.464757636776819506e-02
1.487873235420086870e-02
1.510506509885745259e-02
1.532647515098138277e-02
1.554286999039562571e-02
1.575416392418470257e-02
1.596027797924442701e-02
1.616113979092080946e-02
1.635668348797699248e-02
1.654684957411614588e-02
1.673158480629139203e-02
1.691084207002038764e-02
1.708458025194111926e-02
1.725276410981799527e-02
1.741536414022243698e-02
1.757235644410376149e-02
1.772372259045429041e-02
1.786944947828908448e-02
1.800952919713026332e-02
1.814395888620901065e-02
1.827274059257230979e-02
1.839588112829172034e-02
1.851339192695959646e-02
1.862528889965705745e-02
1.873159229056848424e-02
1.883232653242251919e-02
1.892752010192314677e-02
1.901720537533808583e-02
1.910141848439869672e-02
1.918019917267210425e-02
1.925359065254792293e-02
1.932163946298610588e-02
1.938439532816243344e-02
1.944191101714667913e-02
1.949424220473810684e-02
1.954144733358335884e-02
1.958358747768810040e-02
1.962072620744622492e-02
1.965292945627341789e-02
1.968026538896621921e-02
1.970280427186664809e-02
1.972061834493236965e-02
1.973378169579245375e-02
1.974237013586817649e-02
1.974646107864187761e-02
1.974613342012766434e-02
1.974146742162664198e-02
1.973254459481386600e-02
1.971944758921583343e-02
1.970226008213079097e-02
1.968106667103376034e-02
1.965595276851201875e-02
1.962700449975700312e-02
1.959430860266109589e-02
1.955795233052929488e-02
1.951802335744385122e-02
1.947460968628871372e-02
1.942779955946177112e-02
1.937768137227302567e-02
1.932434358904859539e-02
1.926787466193533374e-02
1.920836295241352618e-02
1.914589665550809477e-02
1.908056372669787379e-02
1.901245181151030306e-02
1.894164817779223423e-02
1.886823965063395142e-02
1.879231254994053260e-02
1.871395263061660305e-02
1.863324502535304225e-02
1.855027418997881941e-02
1.846512385135775508e-02
1.837787695779743644e-02
1.828861563193668813e-02
1.819742112607622073e-02
1.810437377992356323e-02
1.800955298070254160e-02
1.791303712559748351e-02
1.781490358648754602e-02
1.771522867692909911e-02
1.761408762133971628e-02
1.751155452634465051e-02
1.740770235423357709e-02
1.730260289848748259e-02
1.719632676131973778e-02
1.708894333319032829e-02
1.698052077423962969e-02
1.687112599759411219e-02
1.676082465449149975e-02
1.664968112117809484e-02
1.653775848752260177e-02
1.642511854730145313e-02
1.631182179009747421e-02
1.619792739476529422e-02
1.608349322441229162e-02
1.596857582283720337e-02
1.585323041238655833e-02
1.573751089316668267e-02
1.562146984356587928e-02
1.550515852203895005e-02
1.538862687009647304e-02
1.527192351645892399e-02
1.515509578231588779e-02
1.503818968765188377e-02
1.492124995858437088e-02
1.480432003566931921e-02
1.468744208312590740e-02
1.457065699893642097e-02
1.445400442577670676e-02
1.433752276272726861e-02
1.422124917773084571e-02
1.410521962074392545e-02
1.398946883754647631e-02
1.387403038416763074e-02
1.375893664188635943e-02
1.364421883276684989e-02
1.352990703569384792e-02
1.341603020286705888e-02
1.330261617672049909e-02
1.318969170723026559e-02
1.307728246957592586e-02
1.296541308212495643e-02
1.285410712470469452e-02
1.274338715712916743e-02
1.263327473795652911e-02
1.252379044344241812e-02
1.241495388665968778e-02
1.230678373676318514e-02
1.219929773836839378e-02
1.209251273101640510e-02
1.198644466871025618e-02
1.188110863948532193e-02
1.177651888500554425e-02
1.167268882015018786e-02
1.156963105258489166e-02
1.146735740228069407e-02
1.136587892097801547e-02
1.126520591156629156e-02
1.116534794737058210e-02
1.106631389131799287e-02
1.096811191498325497e-02
1.087074951748540422e-02
1.077423354422804569e-02
1.067857020547232846e-02
1.058376509472412283e-02
1.048982320693019749e-02
1.039674895646796118e-02
1.030454619492334259e-02
1.021321822864175097e-02
1.012276783605043674e-02
1.003319728473845915e-02
9.944508348289785374e-03
9.856702322863687346e-03
9.769780043512948930e-03
9.683741900239347528e-03
9.598587853776310505e-03
9.514317451097363890e-03
9.430929840649122584e-03
9.348423787297365992e-03
9.266797686993184791e-03
9.186049581149127036e-03
9.106177170727793035e-03
9.027177830039374851e-03
8.949048620249561159e-03
8.871786302591834830e-03
8.795387351291391806e-03
8.719847966193367689e-03
8.645164085100852033e-03
8.571331395822090124e-03
8.498345347924908533e-03
8.426201164206031935e-03
8.354893851868924748e-03
8.284418213419504282e-03
8.214768857276920355e-03
8.145940208103047767e-03
8.077926516854939953e-03
8.010721870559071173e-03
7.944320201814984370e-03
7.878715298028658720e-03
7.813900810377572698e-03
7.749870262515500506e-03
7.686617059014919442e-03
7.624134493556472027e-03
7.562415756863363064e-03
7.501453944389684450e-03
7.441242063763427519e-03
7.381773041988877113e-03
7.323039732415304558e-03
7.265034921470700166e-03
7.207751335169582281e-03
7.151181645397507516e-03
7.095318475976988490e-03
7.040154408517306645e-03
6.985681988054993387e-03
6.931893728489327625e-03
6.878782117815666029e-03
6.826339623161971522e-03
6.774558695631879325e-03
6.723431774962015765e-03
6.672951293993703396e-03
6.623109682965305257e-03
6.573899373631908634e-03
6.525312803211146158e-03
6.477342418165226920e-03
6.429980677820875019e-03
6.383220057829091555e-03
6.337053053474647930e-03
6.291472182834005090e-03
6.246469989787745841e-03
6.202039046894104388e-03
6.158171958121408211e-03
6.114861361451523307e-03
6.072099931350286028e-03
6.029880381113079078e-03
5.988195465090885919e-03
5.947037980794596217e-03
5.906400770887598566e-03
5.866276725065729808e-03
5.826658781830431309e-03
5.787539930157755037e-03
5.748913211067217116e-03
5.710771719091198816e-03
5.673108603654210443e-03
5.635917070356558957e-03
5.599190382173439146e-03
5.562921860568303435e-03
5.527104886523795911e-03
5.491732901494130251e-03
5.456799408281948205e-03
5.422297971840349048e-03
5.388222220005694889e-03
5.354565844161690569e-03
5.321322599837705405e-03
5.288486307244881675e-03
5.256050851750970927e-03
5.224010184296061336e-03
5.192358321756930344e-03
5.161089347249691456e-03
5.130197410389235151e-03
5.099676727493840378e-03
5.069521581744609526e-03
5.039726323299917668e-03
5.010285369364307108e-03
4.981193204219084431e-03
4.952444379210249430e-03
4.924033512700659240e-03
4.895955289984334734e-03
4.868204463167559101e-03
4.840775851016835413e-03
4.813664338774571380e-03
4.786864877946424811e-03
4.760372486057797004e-03
4.734182246388058367e-03
4.708289307672402363e-03
4.682688883786704365e-03
4.657376253404010846e-03
4.632346759631226704e-03
4.607595809626083110e-03
4.583118874193080512e-03
4.558911487363294379e-03
4.534969245954141408e-03
4.511287809115293972e-03
4.487862897859094813e-03
4.464690294575528358e-03
4.441765842535558111e-03
4.419085445381212493e-03
4.396645066604237991e-03
4.374440729013940633e-03
4.352468514195947935e-03
4.330724561961325769e-03
4.309205069787189896e-03
4.287906292250025578e-03
4.266824540451769933e-03
4.245956181440384801e-03
4.225297637623032752e-03
4.204845386176787186e-03
4.184595958452464251e-03
4.164545939376045232e-03
4.144691966845358809e-03
4.125030731126480554e-03
4.105558974244236971e-03
4.086273489373739957e-03
4.067171120229213371e-03
4.048248760451656457e-03
4.029503352996660799e-03
4.010931889521319148e-03
3.992531409772130842e-03
3.974299000972130944e-03
3.956231797210319617e-03
3.938326978831412431e-03
3.920581771827369617e-03
3.902993447231098943e-03
3.885559320511493449e-03
3.868276750971510157e-03
3.851143141148236342e-03
3.834155936216529330e-03
3.817312623395512951e-03
3.800610731357918076e-03
3.784047829643688403e-03
3.767621528076554351e-03
3.751329476185360969e-03
3.735169362628147551e-03
3.719138914621833870e-03
3.703235897376680377e-03
3.687458113531792269e-03
3.671803402600172777e-03
3.656269640415584464e-03
3.640854738584099488e-03
3.625556643942646432e-03
3.610373338020481885e-03
3.595302836507803003e-03
3.580343188728296600e-03
3.565492477117758463e-03
3.550748816707389923e-03
3.536110354613551058e-03
3.521575269533227647e-03
3.507141771243309745e-03
3.492808100107656997e-03
3.478572526588937473e-03
3.464433350766761392e-03
3.450388901859501988e-03
3.436437537755675144e-03
3.422577644547728989e-03
3.408807636073287600e-03
3.395125953462225545e-03
3.381531064689254074e-03
3.368021464132619179e-03
3.354595672138560233e-03
3.341252234591499289e-03
3.327989722490132338e-03
3.314806731530828103e-03
3.301701881693320986e-03
3.288673816836930330e-03
3.275721204298898213e-03
3.262842734499939775e-03
3.250037120555251003e-03
3.237303097892818820e-03
3.224639423874468142e-03
3.212044877425126749e-03
3.199518258667246630e-03
3.187058388559543039e-03
3.174664108543018542e-03
3.162334280191726743e-03
3.150067784868731957e-03
3.137863523388920162e-03
3.125720415684811026e-03
3.113637400480671891e-03
3.101613434969749047e-03
3.089647494497662489e-03
3.077738572250734213e-03
3.065885678950296556e-03
3.054087842551054567e-03
3.042344107945404563e-03
3.030653536671955479e-03
3.019015206630018544e-03
3.007428211798294972e-03
2.995891661958505897e-03
2.984404682424265497e-03
2.972966413774207669e-03
2.961576011590322938e-03
2.950232646200403198e-03
2.938935502425670237e-03
2.927683779332054120e-03
2.916476689987352287e-03
2.905313461221254411e-03
2.894193333390488593e-03
2.883115560148940149e-03
2.872079408220048948e-03
2.861084157175871560e-03
2.850129099218362983e-03
2.839213538965215059e-03
2.828336793240492260e-03
2.817498190868160564e-03
2.806697072469589282e-03
2.795932790265889291e-03
2.785204707883373772e-03
2.774512200161879504e-03
2.763854652968088070e-03
2.753231463012322140e-03
2.742642037667925633e-03
2.732085794794305873e-03
2.721562162565292244e-03
2.711070579297415045e-03
2.700610493284681755e-03
2.690181362634999976e-03
2.679782655110340885e-03
2.669413847969334327e-03
2.659074427814077553e-03
2.648763890439225117e-03
2.638481740683880795e-03
2.628227492287180111e-03
2.618000667746178331e-03
2.607800798176727365e-03
2.597627423177363299e-03
2.587480090695339335e-03
2.577358356895413476e-03
2.567261786032776130e-03
2.557189950325559208e-03
2.547142429833286655e-03
2.537118812335234334e-03
2.527118693211864286e-03
2.517141675330136948e-03
2.507187368928631699e-03
2.497255391506544939e-03
2.487345367715818045e-03
2.477456929252979962e-03
2.467589714754800552e-03
2.457743369696467964e-03
2.447917546290217898e-03
2.438111903387405431e-03
2.428326106382409574e-03
2.418559827117098150e-03
2.408812743789714040e-03
2.399084540863077528e-03
2.389374908976219045e-03
2.379683544857398841e-03
2.370010151238586410e-03
2.360354436772377652e-03
2.350716115949474071e-03
2.341094909019229408e-03
2.331490541910454309e-03
2.321902746154864278e-03
2.312331258811365069e-03
2.302775822392293548e-03
2.293236184791055867e-03
2.283712099210763111e-03
2.274203324095166751e-03
2.264709623060083294e-03
2.255230764827149091e-03
2.245766523157512271e-03
2.236316676788353570e-03
2.226881009370057247e-03
2.217459309403760175e-03
2.208051370181872072e-03
2.198656989728169434e-03
2.189275970740289443e-03
2.179908120532235167e-03
2.170553250978844023e-03
2.161211178461235494e-03
2.151881723812802683e-03
2.142564712266694857e-03
2.133259973404584130e-03
2.123967341105351472e-03
2.114686653496131077e-03
2.105417752903258020e-03
2.096160485804750718e-03
2.086914702783052716e-03
2.077680258479542175e-03
2.068457011549233466e-03
2.059244824616570345e-03
2.050043564231828017e-03
2.040853100828855272e-03
2.031673308682814885e-03
2.022504065869570270e-03
2.013345254225331043e-03
2.004196759306567464e-03
1.995058470352076372e-03
1.985930280243921285e-03
