0.000000000000000000e+00
6.065953474846780269e-01
1.213190694969354944e+00
1.819786042454033081e+00
2.426381389938711219e+00
3.032976737423388247e+00
3.639572084908065275e+00
4.246167432392742747e+00
4.852762779877421551e+00
5.459358127362099466e+00
6.065953474846777382e+00
6.672548822331453522e+00
7.279144169816131438e+00
7.885739517300809354e+00
8.492334864785487270e+00
9.098930212270165185e+00
9.705525559754844878e+00
1.031212090723952102e+01
1.091871625472419716e+01
1.152531160220887685e+01
1.213190694969355299e+01
1.273850229717822913e+01
1.334509764466290882e+01
1.395169299214758851e+01
1.455828833963226465e+01
1.516488368711694079e+01
1.577147903460162048e+01
1.637807438208629662e+01
1.698466972957097809e+01
1.759126507705565245e+01
1.819786042454033037e+01
