3.462557840446005113e-03
2.215545886600578732e-03
4.578536025267004872e-03
4.815721969183043086e-03
5.773076871622214324e-04
1.229853616784776617e-03
3.956495690592274316e-03
1.018728775763451735e-02
1.405562810392324384e-02
1.644523574276531355e-02
1.602468232029481340e-02
1.443876637029738869e-02
1.378743978247242395e-02
5.905343745042850728e-03
3.369238312443320334e-04
6.989988230624874163e-03
8.950648342571967606e-03
5.859686096773578101e-03
9.935513593944190688e-03
9.124783471438368404e-03
8.987438475820168360e-03
8.742426338899321123e-03
4.538079333352463239e-03
9.485133803307115030e-03
8.605187829019570259e-03
6.751114621137089579e-03
5.290402503010797550e-03
9.669115057299457541e-04
2.857301297199074837e-03
4.137980479884046867e-03
4.018654792334267617e-03
