0.000000000000000000e+00
1.799464922333333591e-02
3.598929844666180072e-02
5.398394766999513317e-02
7.197859689332360145e-02
8.997324611665692695e-02
1.079678953399853952e-01
1.259625445633187346e-01
1.439571937866472029e-01
1.619518430099805284e-01
1.799464922333089967e-01
1.979411414566423222e-01
2.159357906799707905e-01
2.339304399033041160e-01
2.519250891266325842e-01
2.699197383499659098e-01
2.879143875732944058e-01
3.059090367966277313e-01
3.239036860199561718e-01
3.418983352432895528e-01
3.598929844666179934e-01
3.778876336899513189e-01
3.958822829132798149e-01
4.138769321366131404e-01
4.318715813599415809e-01
4.498662305832749064e-01
4.678608798066034025e-01
4.858555290299367280e-01
5.038501782532651685e-01
5.218448274765985495e-01
5.398394766999269345e-01
5.578341259232603155e-01
5.758287751465888116e-01
5.938234243699220816e-01
6.118180735932505776e-01
6.298127228165839586e-01
6.478073720399123436e-01
6.658020212632457246e-01
6.837966704865742207e-01
7.017913197099074907e-01
7.197859689332359867e-01
7.377806181565693677e-01
7.557752673798977527e-01
7.737699166032311338e-01
7.917645658265596298e-01
8.097592150498928998e-01
8.277538642732213958e-01
8.457485134965546658e-01
8.637431627198831618e-01
8.817378119432165429e-01
8.997324611665449279e-01
9.177271103898783089e-01
9.357217596132068049e-01
9.537164088365400749e-01
9.717110580598685710e-01
9.897057072832019520e-01
1.007700356506530337e+00
1.025695005729863718e+00
1.043689654953192214e+00
1.061684304176525595e+00
1.079678953399853869e+00
1.097673602623187250e+00
1.115668251846520631e+00
1.133662901069849127e+00
1.151657550293182508e+00
1.169652199516511004e+00
1.187646848739844163e+00
1.205641497963172659e+00
1.223636147186506040e+00
1.241630796409834536e+00
1.259625445633167917e+00
1.277620094856496191e+00
1.295614744079829572e+00
1.313609393303158068e+00
1.331604042526491449e+00
1.349598691749819945e+00
1.367593340973153326e+00
1.385587990196481600e+00
1.403582639419814981e+00
1.421577288643143477e+00
1.439571937866476858e+00
1.457566587089805354e+00
1.475561236313138735e+00
1.493555885536467009e+00
1.511550534759800390e+00
1.529545183983128886e+00
1.547539833206462268e+00
1.565534482429790764e+00
1.583529131653123923e+00
1.601523780876452419e+00
1.619518430099785800e+00
1.637513079323114296e+00
1.655507728546447677e+00
1.673502377769776173e+00
1.691497026993109332e+00
1.709491676216437828e+00
1.727486325439771209e+00
1.745480974663099705e+00
1.763475623886433086e+00
1.781470273109761582e+00
1.799464922333094741e+00
1.817459571556423237e+00
1.835454220779756618e+00
1.853448870003085114e+00
1.871443519226418495e+00
1.889438168449746769e+00
1.907432817673080150e+00
1.925427466896408646e+00
1.943422116119742027e+00
1.961416765343070523e+00
1.979411414566403904e+00
1.997406063789732178e+00
2.015400713013065559e+00
2.033395362236394277e+00
2.051390011459727436e+00
2.069384660683055710e+00
2.087379309906389313e+00
2.105373959129722472e+00
2.123368608353051190e+00
2.141363257576379464e+00
2.159357906799712623e+00
2.177352556023046226e+00
2.195347205246374500e+00
2.213341854469703218e+00
2.231336503693036377e+00
2.249331152916369536e+00
2.267325802139698254e+00
2.285320451363031413e+00
2.303315100586360131e+00
2.321309749809693290e+00
2.339304399033022008e+00
2.357299048256355167e+00
2.375293697479683441e+00
2.393288346703017044e+00
2.411282995926345318e+00
2.429277645149678921e+00
2.447272294373007195e+00
2.465266943596340354e+00
2.483261592819669072e+00
2.501256242043002231e+00
2.519250891266330949e+00
2.537245540489664108e+00
2.555240189712992382e+00
2.573234838936325986e+00
2.591229488159654260e+00
2.609224137382987863e+00
2.627218786606316137e+00
2.645213435829649740e+00
2.663208085052978014e+00
2.681202734276311173e+00
2.699197383499639891e+00
2.717192032722973050e+00
2.735186681946301768e+00
2.753181331169634927e+00
2.771175980392963201e+00
2.789170629616296804e+00
2.807165278839625078e+00
2.825159928062958681e+00
2.843154577286286955e+00
2.861149226509620114e+00
2.879143875732948832e+00
2.897138524956281991e+00
2.915133174179610709e+00
2.933127823402943868e+00
2.951122472626272586e+00
2.969117121849605745e+00
2.987111771072934019e+00
3.005106420296267622e+00
3.023101069519595896e+00
3.041095718742929499e+00
3.059090367966257773e+00
3.077085017189590932e+00
3.095079666412919650e+00
3.113074315636252809e+00
3.131068964859581527e+00
3.149063614082914686e+00
3.167058263306247845e+00
3.185052912529576563e+00
3.203047561752904837e+00
3.221042210976238440e+00
3.239036860199571599e+00
3.257031509422900317e+00
3.275026158646228591e+00
3.293020807869561750e+00
3.311015457092895353e+00
3.329010106316223627e+00
3.347004755539552345e+00
3.364999404762885504e+00
3.382994053986218663e+00
3.400988703209547381e+00
3.418983352432880540e+00
3.436978001656209258e+00
3.454972650879542417e+00
3.472967300102870691e+00
3.490961949326204294e+00
3.508956598549532568e+00
3.526951247772866171e+00
3.544945896996194445e+00
3.562940546219528049e+00
3.580935195442856323e+00
3.598929844666189481e+00
3.616924493889518200e+00
3.634919143112851359e+00
3.652913792336180077e+00
3.670908441559513236e+00
3.688903090782841510e+00
3.706897740006175113e+00
3.724892389229503387e+00
3.742887038452836990e+00
3.760881687676165264e+00
3.778876336899498423e+00
3.796870986122827141e+00
3.814865635346160300e+00
3.832860284569489018e+00
3.850854933792822177e+00
3.868849583016150895e+00
3.886844232239484054e+00
3.904838881462812328e+00
3.922833530686145931e+00
3.940828179909474205e+00
3.958822829132807808e+00
3.976817478356136082e+00
3.994812127579469241e+00
4.012806776802797515e+00
4.030801426026131118e+00
4.048796075249459392e+00
4.066790724472792995e+00
4.084785373696121269e+00
4.102780022919454872e+00
4.120774672142783146e+00
4.138769321366116749e+00
4.156763970589445023e+00
4.174758619812778626e+00
4.192753269036106900e+00
4.210747918259440503e+00
4.228742567482773218e+00
4.246737216706102380e+00
4.264731865929430654e+00
4.282726515152764257e+00
4.300721164376096972e+00
4.318715813599425246e+00
4.336710462822754408e+00
4.354705112046087123e+00
4.372699761269420726e+00
4.390694410492749000e+00
4.408689059716077274e+00
4.426683708939410877e+00
4.444678358162744480e+00
4.462673007386072754e+00
4.480667656609406357e+00
4.498662305832734631e+00
4.516656955056068234e+00
4.534651604279396508e+00
4.552646253502730112e+00
4.570640902726058385e+00
4.588635551949391100e+00
4.606630201172720263e+00
4.624624850396052977e+00
4.642619499619382140e+00
4.660614148842714854e+00
4.678608798066044017e+00
4.696603447289376732e+00
4.714598096512705006e+00
4.732592745736038609e+00
4.750587394959366883e+00
4.768582044182700486e+00
4.786576693406028760e+00
4.804571342629362363e+00
4.822565991852690637e+00
4.840560641076024240e+00
4.858555290299352514e+00
4.876549939522686117e+00
4.894544588746014391e+00
4.912539237969347994e+00
4.930533887192676268e+00
4.948528536416009871e+00
4.966523185639338145e+00
4.984517834862671748e+00
5.002512484086000022e+00
5.020507133309332737e+00
5.038501782532661899e+00
5.056496431755994614e+00
5.074491080979323776e+00
5.092485730202656491e+00
5.110480379425984765e+00
5.128475028649318368e+00
5.146469677872646642e+00
5.164464327095980245e+00
5.182458976319308519e+00
5.200453625542642122e+00
5.218448274765970396e+00
5.236442923989303999e+00
5.254437573212632273e+00
5.272432222435965876e+00
5.290426871659299479e+00
5.308421520882627753e+00
5.326416170105956027e+00
5.344410819329289630e+00
5.362405468552622345e+00
5.380400117775951507e+00
5.398394766999279781e+00
5.416389416222612496e+00
5.434384065445946099e+00
5.452378714669274373e+00
5.470373363892603535e+00
5.488368013115936250e+00
5.506362662339269853e+00
5.524357311562598127e+00
5.542351960785926401e+00
5.560346610009260004e+00
5.578341259232593607e+00
5.596335908455921881e+00
5.614330557679250155e+00
5.632325206902583759e+00
5.650319856125917362e+00
5.668314505349245636e+00
5.686309154572573910e+00
5.704303803795907513e+00
5.722298453019240227e+00
5.740293102242569390e+00
5.758287751465902105e+00
5.776282400689231267e+00
5.794277049912563982e+00
5.812271699135893144e+00
5.830266348359225859e+00
5.848260997582554133e+00
5.866255646805887736e+00
5.884250296029216010e+00
5.902244945252549613e+00
5.920239594475877887e+00
5.938234243699211490e+00
5.956228892922539764e+00
5.974223542145873367e+00
5.992218191369201641e+00
6.010212840592535244e+00
6.028207489815863518e+00
6.046202139039197121e+00
6.064196788262525395e+00
6.082191437485858998e+00
6.100186086709187272e+00
6.118180735932520875e+00
6.136175385155849149e+00
6.154170034379181864e+00
6.172164683602511026e+00
6.190159332825843741e+00
6.208153982049172903e+00
6.226148631272505618e+00
6.244143280495833892e+00
6.262137929719167495e+00
6.280132578942501098e+00
6.298127228165829372e+00
6.316121877389157646e+00
6.334116526612491249e+00
6.352111175835824852e+00
6.370105825059153126e+00
6.388100474282481400e+00
6.406095123505815003e+00
6.424089772729147718e+00
6.442084421952476880e+00
6.460079071175805154e+00
6.478073720399138757e+00
6.496068369622471472e+00
6.514063018845800634e+00
6.532057668069128908e+00
6.550052317292461623e+00
6.568046966515795226e+00
6.586041615739123500e+00
6.604036264962452663e+00
6.622030914185785377e+00
6.640025563409118980e+00
6.658020212632447254e+00
6.676014861855775528e+00
6.694009511079109132e+00
6.712004160302442735e+00
6.729998809525771009e+00
6.747993458749099283e+00
6.765988107972432886e+00
6.783982757195766489e+00
6.801977406419094763e+00
6.819972055642428366e+00
6.837966704865756640e+00
6.855961354089089355e+00
6.873956003312418517e+00
6.891950652535751232e+00
6.909945301759080394e+00
6.927939950982413109e+00
6.945934600205741383e+00
6.963929249429074986e+00
6.981923898652403260e+00
6.999918547875736863e+00
7.017913197099065137e+00
7.035907846322398740e+00
7.053902495545727014e+00
7.071897144769060617e+00
7.089891793992388891e+00
7.107886443215722494e+00
7.125881092439050768e+00
7.143875741662384371e+00
7.161870390885712645e+00
7.179865040109046248e+00
7.197859689332374522e+00
7.215854338555708125e+00
7.233848987779036399e+00
7.251843637002369114e+00
7.269838286225698276e+00
7.287832935449030991e+00
7.305827584672360153e+00
7.323822233895692868e+00
7.341816883119026471e+00
7.359811532342354745e+00
7.377806181565683019e+00
7.395800830789016622e+00
7.413795480012350225e+00
7.431790129235678499e+00
7.449784778459006773e+00
7.467779427682340376e+00
7.485774076905673979e+00
7.503768726129002253e+00
7.521763375352330527e+00
7.539758024575664130e+00
7.557752673798996845e+00
7.575747323022326007e+00
7.593741972245654281e+00
7.611736621468987884e+00
7.629731270692320599e+00
7.647725919915649762e+00
7.665720569138978036e+00
7.683715218362310750e+00
7.701709867585644353e+00
7.719704516808972627e+00
7.737699166032301790e+00
7.755693815255634505e+00
7.773688464478968108e+00
7.791683113702296382e+00
7.809677762925624656e+00
7.827672412148958259e+00
7.845667061372291862e+00
7.863661710595620136e+00
7.881656359818953739e+00
7.899651009042282013e+00
7.917645658265615616e+00
7.935640307488943890e+00
7.953634956712277493e+00
7.971629605935605767e+00
7.989624255158938482e+00
8.007618904382267644e+00
8.025613553605600359e+00
8.043608202828929521e+00
8.061602852052262236e+00
8.079597501275591398e+00
8.097592150498924113e+00
8.115586799722253275e+00
8.133581448945585990e+00
8.151576098168915152e+00
8.169570747392247867e+00
8.187565396615577029e+00
8.205560045838909744e+00
8.223554695062238906e+00
8.241549344285571621e+00
8.259543993508900783e+00
8.277538642732233498e+00
8.295533291955560884e+00
8.313527941178895375e+00
8.331522590402222761e+00
8.349517239625557252e+00
8.367511888848884638e+00
8.385506538072219129e+00
8.403501187295551844e+00
8.421495836518881006e+00
8.439490485742208392e+00
8.457485134965542883e+00
8.475479784188875598e+00
8.493474433412204760e+00
8.511469082635532146e+00
8.529463731858866637e+00
8.547458381082199352e+00
8.565453030305528515e+00
8.583447679528855900e+00
8.601442328752188615e+00
8.619436977975523106e+00
8.637431627198850492e+00
8.655426276422179654e+00
8.673420925645512369e+00
8.691415574868846861e+00
8.709410224092174246e+00
8.727404873315503409e+00
8.745399522538836123e+00
8.763394171762170615e+00
8.781388820985498000e+00
8.799383470208827163e+00
8.817378119432159878e+00
8.835372768655494369e+00
8.853367417878821755e+00
8.871362067102150917e+00
8.889356716325483632e+00
8.907351365548816347e+00
8.925346014772145509e+00
8.943340663995478224e+00
8.961335313218807386e+00
8.979329962442140101e+00
8.997324611665469263e+00
9.015319260888801978e+00
9.033313910112131140e+00
9.051308559335463855e+00
9.069303208558793017e+00
9.087297857782125732e+00
9.105292507005454894e+00
9.123287156228787609e+00
9.141281805452116771e+00
9.159276454675449486e+00
9.177271103898778648e+00
9.195265753122111363e+00
9.213260402345440525e+00
9.231255051568773240e+00
9.249249700792102402e+00
9.267244350015435117e+00
9.285238999238764279e+00
9.303233648462096994e+00
9.321228297685426156e+00
9.339222946908758871e+00
9.357217596132088033e+00
9.375212245355420748e+00
9.393206894578748134e+00
9.411201543802082625e+00
9.429196193025410011e+00
9.447190842248744502e+00
9.465185491472071888e+00
9.483180140695406379e+00
9.501174789918733765e+00
9.519169439142068256e+00
9.537164088365400971e+00
9.555158737588730133e+00
9.573153386812057519e+00
9.591148036035392010e+00
9.609142685258724725e+00
9.627137334482053888e+00
9.645131983705381273e+00
9.663126632928715765e+00
9.681121282152048479e+00
9.699115931375375865e+00
9.717110580598705027e+00
9.735105229822037742e+00
9.753099879045372234e+00
9.771094528268699619e+00
9.789089177492028782e+00
9.807083826715361496e+00
9.825078475938695988e+00
9.843073125162023373e+00
9.861067774385352536e+00
9.879062423608685251e+00
9.897057072832019742e+00
9.915051722055347128e+00
9.933046371278676290e+00
9.951041020502009005e+00
9.969035669725343496e+00
9.987030318948670882e+00
1.000502496817200004e+01
1.002301961739533276e+01
1.004101426661866547e+01
1.005900891584199464e+01
1.007700356506532735e+01
1.009499821428865651e+01
1.011299286351198923e+01
1.013098751273531839e+01
1.014898216195865110e+01
1.016697681118198027e+01
1.018497146040531298e+01
1.020296610962864214e+01
1.022096075885197486e+01
1.023895540807530402e+01
1.025695005729863674e+01
1.027494470652196590e+01
1.029293935574529861e+01
1.031093400496862778e+01
1.032892865419196049e+01
1.034692330341528965e+01
1.036491795263862237e+01
1.038291260186195153e+01
1.040090725108528424e+01
1.041890190030861341e+01
1.043689654953194612e+01
1.045489119875527528e+01
1.047288584797860800e+01
1.049088049720193716e+01
1.050887514642526988e+01
1.052686979564859726e+01
1.054486444487193175e+01
1.056285909409525914e+01
1.058085374331859363e+01
1.059884839254192634e+01
1.061684304176525551e+01
1.063483769098858289e+01
1.065283234021191738e+01
1.067082698943525010e+01
1.068882163865857926e+01
1.070681628788190665e+01
1.072481093710524114e+01
1.074280558632857385e+01
1.076080023555190301e+01
1.077879488477523040e+01
1.079678953399856489e+01
1.081478418322189761e+01
1.083277883244522499e+01
1.085077348166855415e+01
1.086876813089188687e+01
1.088676278011522136e+01
1.090475742933854875e+01
1.092275207856187791e+01
1.094074672778521062e+01
1.095874137700854511e+01
1.097673602623187250e+01
1.099473067545520166e+01
1.101272532467853438e+01
1.103071997390186887e+01
1.104871462312519625e+01
1.106670927234852542e+01
1.108470392157185813e+01
1.110269857079519262e+01
1.112069322001852001e+01
1.113868786924184917e+01
1.115668251846518189e+01
1.117467716768851460e+01
1.119267181691184376e+01
1.121066646613517293e+01
1.122866111535850564e+01
1.124665576458183835e+01
1.126465041380516752e+01
1.128264506302849668e+01
1.130063971225182939e+01
1.131863436147516211e+01
1.133662901069849127e+01
1.135462365992181866e+01
1.137261830914515315e+01
1.139061295836848586e+01
1.140860760759181503e+01
1.142660225681514774e+01
1.144459690603848045e+01
1.146259155526180962e+01
1.148058620448513878e+01
1.149858085370847149e+01
1.151657550293180421e+01
1.153457015215513337e+01
1.155256480137846253e+01
1.157055945060179525e+01
1.158855409982512796e+01
1.160654874904845713e+01
1.162454339827178629e+01
1.164253804749511900e+01
1.166053269671845172e+01
1.167852734594178088e+01
1.169652199516510827e+01
1.171451664438844276e+01
1.173251129361177547e+01
1.175050594283510463e+01
1.176850059205843202e+01
1.178649524128176651e+01
1.180448989050509923e+01
1.182248453972842839e+01
1.184047918895175577e+01
1.185847383817509026e+01
1.187646848739842298e+01
1.189446313662175214e+01
1.191245778584507953e+01
1.193045243506841402e+01
1.194844708429174673e+01
1.196644173351507412e+01
1.198443638273840328e+01
1.200243103196173600e+01
1.202042568118507049e+01
1.203842033040839787e+01
1.205641497963172704e+01
1.207440962885505975e+01
1.209240427807839424e+01
1.211039892730172163e+01
1.212839357652505079e+01
1.214638822574838350e+01
1.216438287497171800e+01
1.218237752419504538e+01
1.220037217341837454e+01
1.221836682264170726e+01
1.223636147186504175e+01
1.225435612108836914e+01
1.227235077031169830e+01
1.229034541953503101e+01
1.230834006875836373e+01
1.232633471798169289e+01
1.234432936720502205e+01
1.236232401642835477e+01
1.238031866565168748e+01
1.239831331487501664e+01
1.241630796409834581e+01
1.243430261332167852e+01
1.245229726254501124e+01
1.247029191176834040e+01
1.248828656099167311e+01
1.250628121021500760e+01
1.252427585943833499e+01
1.254227050866166415e+01
1.256026515788499687e+01
1.257825980710832958e+01
1.259625445633165874e+01
1.261424910555498791e+01
1.263224375477832062e+01
1.265023840400165334e+01
1.266823305322498250e+01
1.268622770244831166e+01
1.270422235167164438e+01
1.272221700089497709e+01
1.274021165011830625e+01
1.275820629934163364e+01
1.277620094856496813e+01
1.279419559778830084e+01
1.281219024701163001e+01
1.283018489623495739e+01
1.284817954545829188e+01
1.286617419468162460e+01
1.288416884390495376e+01
1.290216349312828115e+01
1.292015814235161564e+01
1.293815279157494835e+01
1.295614744079827751e+01
1.297414209002160490e+01
1.299213673924493939e+01
1.301013138846827211e+01
1.302812603769160127e+01
1.304612068691492865e+01
1.306411533613826137e+01
1.308210998536159586e+01
1.310010463458492325e+01
1.311809928380825241e+01
1.313609393303158512e+01
1.315408858225491961e+01
1.317208323147824700e+01
1.319007788070157616e+01
1.320807252992490888e+01
1.322606717914824337e+01
1.324406182837157075e+01
1.326205647759489992e+01
1.328005112681823263e+01
1.329804577604156712e+01
1.331604042526489451e+01
1.333403507448822367e+01
1.335202972371155639e+01
1.337002437293488910e+01
1.338801902215821826e+01
1.340601367138154743e+01
1.342400832060488014e+01
1.344200296982821285e+01
1.345999761905154202e+01
1.347799226827487118e+01
1.349598691749820389e+01
1.351398156672153661e+01
1.353197621594486577e+01
1.354997086516819849e+01
1.356796551439153298e+01
1.358596016361486036e+01
1.360395481283818953e+01
1.362194946206152224e+01
1.363994411128485673e+01
1.365793876050818412e+01
1.367593340973151328e+01
1.369392805895484599e+01
1.371192270817817871e+01
1.372991735740150787e+01
1.374791200662483703e+01
1.376590665584816975e+01
1.378390130507150246e+01
1.380189595429483163e+01
1.381989060351816079e+01
1.383788525274149350e+01
1.385587990196482622e+01
1.387387455118815538e+01
1.389186920041148277e+01
1.390986384963481726e+01
1.392785849885814997e+01
1.394585314808147913e+01
1.396384779730480652e+01
1.398184244652814101e+01
1.399983709575147373e+01
1.401783174497480289e+01
1.403582639419813027e+01
1.405382104342146476e+01
1.407181569264479748e+01
1.408981034186812664e+01
1.410780499109145403e+01
1.412579964031478852e+01
1.414379428953812123e+01
1.416178893876145040e+01
1.417978358798477778e+01
1.419777823720811050e+01
1.421577288643144499e+01
1.423376753565477237e+01
1.425176218487810154e+01
1.426975683410143425e+01
1.428775148332476874e+01
1.430574613254809613e+01
1.432374078177142529e+01
1.434173543099475800e+01
1.435973008021809250e+01
1.437772472944141988e+01
1.439571937866474904e+01
1.441371402788808176e+01
1.443170867711141625e+01
1.444970332633474364e+01
1.446769797555807280e+01
1.448569262478140551e+01
1.450368727400473823e+01
1.452168192322806739e+01
1.453967657245139655e+01
1.455767122167472927e+01
1.457566587089806198e+01
1.459366052012139114e+01
1.461165516934472031e+01
1.462964981856805302e+01
1.464764446779138574e+01
1.466563911701471490e+01
1.468363376623804761e+01
1.470162841546138210e+01
1.471962306468470949e+01
1.473761771390803865e+01
1.475561236313137137e+01
1.477360701235470586e+01
1.479160166157803324e+01
1.480959631080136241e+01
1.482759096002469512e+01
1.484558560924802784e+01
1.486358025847135700e+01
1.488157490769468616e+01
1.489956955691801888e+01
1.491756420614135159e+01
1.493555885536468075e+01
1.495355350458800991e+01
1.497154815381134263e+01
1.498954280303467534e+01
1.500753745225800451e+01
1.502553210148133189e+01
1.504352675070466638e+01
1.506152139992799910e+01
1.507951604915132826e+01
1.509751069837465565e+01
1.511550534759799014e+01
1.513349999682132285e+01
1.515149464604465201e+01
1.516948929526797940e+01
1.518748394449131389e+01
1.520547859371464661e+01
1.522347324293797577e+01
1.524146789216130315e+01
1.525946254138463765e+01
1.527745719060797036e+01
1.529545183983129952e+01
1.531344648905462691e+01
1.533144113827795962e+01
1.534943578750129412e+01
1.536743043672462150e+01
1.538542508594795066e+01
1.540341973517128338e+01
1.542141438439461787e+01
1.543940903361794525e+01
1.545740368284127442e+01
1.547539833206460713e+01
1.549339298128794162e+01
1.551138763051126901e+01
1.552938227973459817e+01
1.554737692895793089e+01
1.556537157818126538e+01
1.558336622740459276e+01
1.560136087662792193e+01
1.561935552585125464e+01
1.563735017507458736e+01
1.565534482429791652e+01
1.567333947352124568e+01
1.569133412274457839e+01
1.570932877196791111e+01
1.572732342119124027e+01
1.574531807041457299e+01
1.576331271963790748e+01
1.578130736886123486e+01
1.579930201808456403e+01
1.581729666730789674e+01
1.583529131653123123e+01
1.585328596575455862e+01
1.587128061497788778e+01
1.588927526420122049e+01
1.590726991342455499e+01
1.592526456264788237e+01
1.594325921187121153e+01
1.596125386109454425e+01
1.597924851031787696e+01
1.599724315954120613e+01
1.601523780876453529e+01
1.603323245798786800e+01
1.605122710721120072e+01
1.606922175643452988e+01
1.608721640565785904e+01
1.610521105488119176e+01
1.612320570410452447e+01
1.614120035332785363e+01
1.615919500255118280e+01
1.617718965177451551e+01
1.619518430099784823e+01
1.621317895022117739e+01
1.623117359944450655e+01
1.624916824866783926e+01
1.626716289789117198e+01
1.628515754711450114e+01
1.630315219633783030e+01
1.632114684556116302e+01
1.633914149478449573e+01
1.635713614400782490e+01
1.637513079323115406e+01
1.639312544245448677e+01
1.641112009167781949e+01
1.642911474090114865e+01
1.644710939012447781e+01
1.646510403934781053e+01
1.648309868857114324e+01
1.650109333779447240e+01
1.651908798701780157e+01
1.653708263624113428e+01
1.655507728546446700e+01
1.657307193468779616e+01
1.659106658391112177e+01
1.660906123313445804e+01
1.662705588235779075e+01
1.664505053158111991e+01
1.666304518080444552e+01
1.668103983002778179e+01
1.669903447925111450e+01
1.671702912847444367e+01
1.673502377769776928e+01
1.675301842692110554e+01
1.677101307614443826e+01
1.678900772536776742e+01
1.680700237459110014e+01
1.682499702381443285e+01
1.684299167303776201e+01
1.686098632226108762e+01
1.687898097148442389e+01
1.689697562070775660e+01
1.691497026993108577e+01
1.693296491915441138e+01
1.695095956837774764e+01
1.696895421760108036e+01
1.698694886682440952e+01
1.700494351604773513e+01
1.702293816527107140e+01
1.704093281449440411e+01
1.705892746371773327e+01
1.707692211294105888e+01
1.709491676216439515e+01
1.711291141138772787e+01
1.713090606061105703e+01
1.714890070983438264e+01
1.716689535905771535e+01
1.718489000828105162e+01
1.720288465750437723e+01
1.722087930672770639e+01
1.723887395595103911e+01
1.725686860517437538e+01
1.727486325439770098e+01
1.729285790362103015e+01
1.731085255284436286e+01
1.732884720206769913e+01
1.734684185129102474e+01
1.736483650051435390e+01
1.738283114973768662e+01
1.740082579896102288e+01
1.741882044818434849e+01
1.743681509740767765e+01
1.745480974663101037e+01
1.747280439585434308e+01
1.749079904507767225e+01
1.750879369430100141e+01
1.752678834352433412e+01
1.754478299274766684e+01
1.756277764197099600e+01
1.758077229119432516e+01
1.759876694041765788e+01
1.761676158964099059e+01
1.763475623886431976e+01
1.765275088808764892e+01
1.767074553731098163e+01
1.768874018653431435e+01
1.770673483575764351e+01
1.772472948498097267e+01
1.774272413420430539e+01
1.776071878342763810e+01
1.777871343265096726e+01
1.779670808187429643e+01
1.781470273109762914e+01
1.783269738032096186e+01
1.785069202954429102e+01
1.786868667876762018e+01
1.788668132799095645e+01
1.790467597721428561e+01
1.792267062643761477e+01
1.794066527566094749e+01
1.795865992488428020e+01
1.797665457410760936e+01
