0.000000000000000000e+00
1.909036439458414535e-08
7.549212650006319089e-08
1.679934703230732141e-07
2.955032059067000640e-07
4.570480368929624641e-07
6.517699733545741066e-07
8.789238919417150488e-07
1.137875245077325881e-06
1.428097920633234428e-06
1.749172253185973024e-06
2.100783187656521647e-06
2.482718595807125597e-06
2.894867745778456108e-06
3.337219924509321186e-06
3.809863212614356916e-06
4.312983410917815044e-06
4.846863117652357733e-06
5.411880954871067465e-06
6.008510942493006458e-06
6.637322017966807320e-06
7.298977699324493676e-06
7.994235889094273607e-06
8.723948816245999195e-06
9.489063113031140153e-06
1.029062002344019253e-05
1.112975573954875898e-05
1.200770186187170883e-05
1.292578597960973078e-05
1.388543236633675739e-05
1.488816278650432376e-05
1.593559740786010517e-05
1.702945581469890487e-05
1.817155811658287970e-05
1.936382614700457745e-05
2.060828474623301797e-05
2.190706312239618412e-05
2.326239628466736530e-05
2.467662654228216628e-05
2.615220506277467604e-05
2.769169348299156493e-05
2.929776556586761120e-05
3.097320889619824833e-05
3.272092660822687984e-05
3.454393913793945750e-05
3.644538599267960595e-05
3.842852753072731109e-05
4.049674674335323516e-05
4.265355103171672890e-05
4.490257397101637049e-05
4.724757705414177865e-05
4.969245140705331592e-05
5.224121946821069817e-05
5.489803662400894900e-05
5.766719279267266360e-05
6.055311394840763616e-05
6.356036357837092281e-05
6.669364406425416596e-05
6.995779798101101630e-05
7.335780930471274598e-05
7.689880452202944860e-05
8.058605363357687244e-05
8.442497104358634994e-05
8.842111632841586635e-05
9.258019487658108375e-05
9.690805839286015559e-05
1.014107052594327832e-04
1.060942807470187496e-04
1.109650770689525032e-04
1.160295332717166443e-04
1.212942349549610532e-04
1.267659138149013903e-04
1.324514470047299258e-04
1.383578563058504227e-04
1.444923071043156359e-04
1.508621071664748383e-04
1.574747052087667389e-04
1.643376892560909997e-04
1.714587847840126883e-04
1.788458526398498236e-04
1.865068867383709833e-04
1.944500115276657137e-04
2.026834792213742234e-04
2.112156667933592458e-04
2.200550727318128748e-04
2.292103135490900488e-04
2.386901200450552562e-04
2.485033333208813288e-04
2.586589005415204125e-04
2.691658704445197689e-04
2.800333885940120104e-04
2.912706923783023099e-04
3.028871057501523437e-04
3.148920337094643579e-04
3.272949565275280834e-04
3.401054237135998481e-04
3.533330477235927642e-04
3.669874974120934902e-04
3.810784912285721145e-04
3.956157901594385706e-04
4.106091904176021354e-04
4.260685158817723462e-04
4.420036102881423992e-04
4.584243291773057211e-04
4.753405315993028120e-04
4.927620715812756251e-04
5.106987893606522227e-04
5.291605023890202323e-04
5.481569961108548805e-04
5.676980145225129105e-04
5.877932505165419470e-04
6.084523360173523920e-04
6.296848319140794376e-04
6.515002177973286271e-04
6.739078815063403180e-04
6.969171084938208293e-04
7.205370710158067772e-04
7.447768171545228119e-04
7.696452596820531041e-04
7.951511647732636273e-04
8.213031405772003865e-04
8.481096256550664861e-04
8.755788772949944744e-04
9.037189597128428026e-04
9.325377321487847340e-04
9.620428368701395682e-04
9.922416870907647523e-04
1.023141454817724262e-03
1.054749058636323235e-03
1.087071151444395003e-03
1.120114108147697574e-03
1.153884013327693102e-03
1.188386648893925614e-03
1.223627481732797234e-03
1.259611651365272157e-03
1.296343957625662726e-03
1.333828848374417385e-03
1.372070407257577462e-03
1.411072341525883723e-03
1.450837969926426245e-03
1.491370210680506353e-03
1.532671569560181126e-03
1.574744128078195719e-03
1.617589531803381503e-03
1.661208978816080010e-03
1.705603208317034609e-03
1.750772489403160841e-03
1.796716610024246897e-03
1.843434866134089278e-03
1.890926051050245650e-03
1.939188445035348743e-03
1.988219805114981465e-03
2.038017355144347998e-03
2.088577776138920809e-03
2.139897196881002800e-03
2.191971184817786533e-03
2.244794737262029247e-03
2.298362272910933844e-03
2.352667623694686735e-03
2.407704026968944533e-03
2.463464118063568749e-03
2.519939923200631513e-03
2.577122852794338885e-03
2.635003695145474948e-03
2.693572610542222228e-03
2.752819125779673234e-03
2.812732129109729497e-03
2.873299865633117435e-03
2.934509933144893463e-03
2.996349278443734363e-03
3.058804194117236645e-03
3.121860315812004759e-03
3.185502620000219779e-03
3.249715422251391213e-03
3.314482376019682944e-03
3.379786471955135638e-03
3.445610037748794100e-03
3.511934738518635545e-03
3.578741577746017994e-03
3.646010898769285868e-03
3.713722386841738360e-03
3.781855071761868348e-03
3.850387331081572568e-03
3.919296893897854239e-03
3.988560845235171286e-03
4.058155631022088670e-03
4.128057063667567826e-03
4.198240328241173609e-03
4.268679989260660418e-03
4.339349998090349242e-03
4.410223700953400799e-03
4.481273847559058554e-03
4.552472600348583462e-03
4.623791544359065996e-03
4.695201697707171960e-03
4.766673522692773529e-03
4.838176937521692679e-03
4.909681328647505852e-03
4.981155563729837248e-03
5.052568005208638545e-03
5.123886524490677691e-03
5.195078516746254836e-03
5.266110916311385337e-03
5.336950212692917993e-03
5.407562467170250707e-03
5.477913329989365747e-03
5.547968058143215413e-03
5.617691533732122912e-03
5.687048282897010608e-03
5.756002495318141184e-03
5.824518044271746742e-03
5.892558507234952822e-03
5.960087187031466900e-03
6.027067133506459895e-03
6.093461165722005232e-03
6.159231894661424192e-03
6.224341746431747563e-03
6.288752985951792315e-03
6.352427741114587134e-03
6.415328027410141520e-03
6.477415772995797835e-03
6.538652844200238193e-03
6.599001071446618759e-03
6.658422275579927579e-03
6.716878294583362823e-03
6.774331010667783252e-03
6.830742377717721574e-03
6.886074449077626489e-03
6.940289405660740769e-03
6.993349584363117190e-03
7.045217506764612364e-03
7.095855908098585782e-03
7.145227766470916772e-03
7.193296332309638205e-03
7.240025158025032923e-03
7.285378127860480356e-03
7.329319487913287835e-03
7.371813876305438433e-03
7.412826353482292879e-03
7.452322432618576319e-03
7.490268110109644072e-03
7.526629896126376187e-03
7.561374845211093869e-03
7.594470586892086879e-03
7.625885356294803338e-03
7.655588024725140835e-03
7.683548130203875573e-03
7.709735907926800261e-03
7.734122320628730556e-03
7.756679088826660268e-03
7.777378720919117527e-03
7.796194543117155630e-03
7.813100729183416679e-03
7.828072329954978426e-03
7.841085302626631462e-03
7.852116539768614484e-03
7.861143898056990875e-03
7.868146226690441933e-03
7.873103395470846394e-03
7.875996322522104201e-03
7.876807001624368601e-03
7.875518529138928608e-03
7.872115130499922342e-03
7.866582186249205730e-03
7.858906257590746181e-03
7.849075111440525707e-03
7.837077744949450669e-03
7.822904409475080895e-03
7.806546633979715225e-03
7.787997247832279500e-03
7.767250402991102143e-03
7.744301595545311293e-03
7.719147686593180735e-03
7.691786922435692002e-03
7.662218954063552273e-03
7.630444855917326713e-03
7.596467143899438348e-03
7.560289792617949124e-03
7.521918251842537109e-03
7.481359462152609510e-03
7.438621869758845970e-03
7.393715440479769335e-03
7.346651672854640977e-03
7.297443610375347299e-03
7.246105852820373429e-03
7.192654566673532465e-03
7.137107494611766648e-03
7.079483964046594420e-03
7.019804894703678480e-03
6.958092805226329114e-03
6.894371818789166509e-03
6.828667667708496203e-03
6.761007697036774088e-03
6.691420867129269437e-03
6.619937755171399589e-03
6.546590555656065132e-03
6.471413079800980572e-03
6.394440753896541048e-03
6.315710616575609566e-03
6.235261314997198219e-03
6.153133099936792215e-03
6.069367819776773365e-03
5.984008913391051891e-03
5.897101401918968672e-03
5.808691879423972387e-03
5.718828502433584773e-03
5.627560978357940870e-03
5.534940552784507750e-03
5.441019995648195030e-03
5.345853586275923011e-03
5.249497097306326729e-03
5.152007777485419909e-03
5.053444333340092326e-03
4.953866909732396531e-03
4.853337069297856618e-03
4.751917770772150565e-03
4.649673346211251508e-03
4.546669477110995387e-03
4.442973169432703345e-03
4.338652727542388447e-03
4.233777727071763239e-03
4.128418986710573509e-03
4.022648538939451422e-03
3.916539599714762357e-03
3.810166537116481313e-03
3.703604838971535137e-03
3.596931079465842587e-03
3.490222884758671998e-03
3.383558897614209575e-03
3.277018741065661125e-03
3.170682981128012789e-03
3.064633088576613259e-03
2.958951399808960273e-03
2.853721076808492327e-03
2.749026066229299722e-03
2.644951057621563323e-03
2.541581440818874247e-03
2.439003262507882536e-03
2.337303182003106373e-03
2.236568426248984436e-03
2.136886744072875530e-03
2.038346359712689664e-03
1.941035925644141657e-03
1.845044474732522284e-03
1.750461371735074177e-03
1.657376264180369756e-03
1.565879032651739874e-03
1.476059740502346342e-03
1.388008583030006255e-03
1.301815836140642621e-03
1.217571804529180013e-03
1.135366769408137962e-03
1.055290935813426928e-03
9.774343795185898472e-04
9.018869935881010814e-04
8.287384346015578456e-04
7.580780685803504117e-04
6.899949166493273868e-04
6.245776004659943847e-04
5.619142874501081505e-04
5.020926358472167740e-04
4.451997396594605970e-04
3.913220734777177168e-04
3.405454372490071698e-04
2.929549010137508062e-04
2.486347496471517189e-04
2.076684276397544637e-04
1.701384839518048624e-04
1.361265169766988944e-04
1.057131196485055087e-04
7.897782472898277884e-05
5.599905030925921728e-05
3.685404556173931434e-05
2.161883677747062962e-05
1.036817372450558219e-05
3.175476362554345730e-06
1.127819493137283484e-07
1.250692573700282796e-06
6.658323151170046175e-06
1.640324991615890607e-05
3.055145944655322359e-05
4.916729825490445585e-05
7.231342298096581523e-05
1.000507512198164749e-04
1.324384130197292248e-04
1.695337030835224234e-04
2.113920337070272662e-04
2.580668884877774833e-04
3.096097768369532408e-04
3.660701893269549621e-04
4.274955539068807701e-04
4.939311930176812360e-04
5.654202816381034271e-04
6.420038062926581137e-04
7.237205250516205246e-04
8.106069285533966731e-04
9.026972020782169466e-04
1.000023188702512007e-03
1.102614353561810713e-03
1.210497749250395716e-03
1.323697982384263762e-03
1.442237181354662050e-03
1.566134965297342118e-03
1.695408414303436204e-03
1.830072040896007146e-03
1.970137762796433933e-03
2.115614877003940859e-03
2.266510035210109793e-03
2.422827220570948886e-03
2.584567725856643742e-03
2.751730132999802118e-03
2.924310294060956852e-03
3.102301313630605444e-03
3.285693532684777918e-03
3.474474513911741252e-03
3.668629028525282471e-03
3.868139044580461323e-03
4.072983716805236333e-03
4.283139377962550190e-03
4.498579531754413018e-03
4.719274847279983885e-03
4.945193155058935815e-03
5.176299444628594017e-03
5.412555863725355444e-03
5.653921719056540125e-03
5.900353478671449374e-03
6.151804775935843655e-03
6.408226415116458075e-03
6.669566378578461151e-03
6.935769835599603882e-03
7.206779152802774736e-03
7.482533906208579944e-03
7.762970894907321971e-03
8.048024156350370995e-03
8.337624983258405328e-03
8.631701942143825065e-03
8.930180893444054219e-03
9.232985013259930457e-03
9.540034816694235864e-03
9.851248182782766302e-03
1.016654038101109762e-02
1.048582409940694571e-02
1.080900947419976416e-02
1.113600412103544698e-02
1.146671316773557880e-02
1.180103928858768254e-02
1.213888274015311082e-02
1.248014139857748540e-02
1.282471079838960921e-02
1.317248417276985391e-02
1.352335249527237583e-02
1.387720452298299954e-02
1.423392684109113862e-02
1.459340390885857132e-02
1.495551810696139038e-02
1.532014978618496254e-02
1.568717731744736707e-02
1.605647714312923371e-02
1.642792382968370074e-02
1.680139012150314720e-02
1.717674699601363236e-02
1.755386371997297995e-02
1.793260790694216344e-02
1.831284557590338868e-02
1.869444121099409981e-02
1.907725782232667228e-02
1.946115700786534702e-02
1.984599901632468771e-02
2.023164281106142048e-02
2.061794613492479167e-02
2.100476557603121741e-02
2.139195663443076503e-02
2.177937378963019921e-02
2.216687056893529295e-02
2.255429961658013058e-02
2.294151276360313282e-02
2.332836109843529349e-02
2.371469503816235960e-02
2.410036440042231942e-02
2.448521847590047484e-02
2.486910610138332034e-02
2.525187573333147542e-02
2.563337552193177896e-02
2.601345338558884446e-02
2.639195708581594524e-02
2.676873430248436977e-02
2.714363270938840653e-02
2.751650005008885597e-02
2.788718421398839881e-02
2.825553331260141285e-02
2.862139575597339239e-02
2.898462032920970030e-02
2.934505626907014594e-02
2.970255334058732183e-02
3.005696191366707959e-02
3.040813303962713529e-02
3.075591852763276055e-02
3.110017102098528233e-02
3.144074407322261511e-02
3.177749222398736084e-02
3.211027107462223473e-02
3.243893736344766882e-02
3.276334904068181619e-02
3.308336534295941433e-02
3.339884686740757919e-02
3.370965564523727143e-02
3.401565521480818394e-02
3.431671069412652736e-02
3.461268885273317830e-02
3.490345818294316588e-02
3.518888897039434277e-02
3.546885336386691040e-02
3.574322544433122806e-02
3.601188129318776132e-02
3.627469905965727964e-02
3.653155902728513066e-02
3.678234367951819378e-02
3.702693776432233047e-02
3.726522835779601944e-02
3.749710492674979828e-02
3.772245939021141858e-02
3.794118617982421976e-02
3.815318229910025921e-02
3.835834738149690448e-02
3.855658374728188759e-02
3.874779645915421566e-02
3.893189337658654881e-02
3.910878520886192783e-02
3.927838556676775672e-02
3.944061101292173355e-02
3.959538111069797056e-02
3.974261847172379930e-02
3.988224880192291211e-02
4.001420094607095052e-02
4.013840693084509692e-02
4.025480200633552164e-02
4.036332468599700130e-02
4.046391678501783801e-02
4.055652345707872614e-02
4.064109322948464970e-02
4.071757803664442094e-02
4.078593325188015206e-02
4.084611771754543402e-02
4.089809377343441021e-02
4.094182728346513339e-02
4.097728766061819322e-02
4.100444789011696567e-02
4.102328455083490560e-02
4.103377783491357622e-02
4.103591156558226288e-02
4.102967321316427357e-02
4.101505390926166866e-02
4.099204845910557615e-02
4.096065535206747793e-02
4.092087677031999021e-02
4.087271859564241966e-02
4.081619041436389261e-02
4.075130552044149007e-02
4.067808091666830911e-02
4.059653731400857807e-02
4.050669912905896508e-02
4.040859447963477541e-02
4.030225517848282785e-02
4.018771672512131549e-02
4.006501829580758067e-02
3.993420273164358797e-02
3.979531652481407139e-02
3.964840980297183043e-02
3.949353631177100754e-02
3.933075339555930361e-02
3.916012197623611191e-02
3.898170653028539684e-02
3.879557506399643890e-02
3.860179908688180644e-02
3.840045358330658465e-02
3.819161698234077584e-02
3.797537112585128161e-02
3.775180123484753875e-02
3.752099587409785802e-02
3.728304691503368795e-02
3.703804949696009458e-02
3.678610198659115760e-02
3.652730593593121744e-02
3.626176603852330343e-02
3.598959008408411653e-02
3.571088891155130979e-02
3.542577636056607610e-02
3.513436922141324054e-02
3.483678718344564856e-02
3.453315278202203492e-02
3.422359134397674751e-02
3.390823093166000363e-02
3.358720228556819065e-02
3.326063876559647720e-02
3.292867629094571591e-02
3.259145327871058179e-02
3.224911058118249546e-02
3.190179142189877165e-02
3.154964133047138269e-02
3.119280807622518137e-02
3.083144160068517284e-02
3.046569394894303381e-02
3.009571919993691419e-02
2.972167339568688657e-02
2.934371446951352866e-02
2.896200217328212534e-02
2.857669800370896476e-02
2.818796512776438820e-02
2.779596830721433112e-02
2.740087382233678814e-02
2.700284939485276398e-02
2.660206411011210859e-02
2.619868833857008639e-02
2.579289365660190902e-02
2.538485276668732069e-02
2.497473941701258346e-02
2.456272832052714891e-02
2.414899507349750271e-02
2.373371607360078364e-02
2.331706843759673992e-02
2.289922991862317764e-02
2.248037882315575761e-02
2.206069392767363857e-02
2.164035439507403652e-02
2.121953969087862074e-02
2.079842949927329654e-02
2.037720363902418078e-02
1.995604197931227439e-02
1.953512435553066834e-02
1.911463048508446616e-02
1.869473988323892485e-02
1.827563177905494607e-02
1.785748503145738811e-02
1.744047804547683642e-02
1.702478868870706610e-02
1.661059420802069031e-02
1.619807114658429470e-02
1.578739526121573228e-02
1.537874144012310075e-02
1.497228362106842875e-02
1.456819470999760543e-02
1.416664650017197130e-02
1.376780959185024480e-02
1.337185331255378966e-02
1.297894563795758995e-02
1.258925311344714221e-02
1.220294077637766594e-02
1.182017207907669343e-02
1.144110881262628068e-02
1.106591103146346323e-02
1.069473697883547604e-02
1.032774301314714170e-02
9.965083535236137977e-03
9.606910916610939682e-03
9.253375428689428889e-03
8.904625173068515462e-03
8.560806012863271877e-03
8.222061505144290239e-03
7.888532834511113173e-03
7.560358747829626878e-03
7.237675490167016189e-03
6.920616741955295907e-03
6.609313557412648497e-03
6.303894304253226770e-03
6.004484604713191016e-03
5.711207277921806491e-03
5.424182283645110486e-03
5.143526667428077043e-03
4.869354507162304557e-03
4.601776861103427409e-03
4.340901717363313157e-03
4.086833944900366070e-03
3.839675246030704783e-03
3.599524110482613722e-03
3.366475771015428001e-03
3.140622160622351389e-03
2.922051871338868841e-03
2.710850114672612009e-03
2.507098683675597611e-03
2.310875916673490581e-03
2.122256662668970360e-03
1.941312248435586281e-03
1.768110447313963034e-03
1.602715449726999130e-03
1.445187835424043433e-03
1.295584547467679929e-03
1.153958867973183195e-03
1.020360395610675833e-03
8.948350248797719286e-04
7.774249271635934886e-04
6.681685335713837080e-04
5.671005195738693496e-04
4.742517914390678973e-04
3.896494744713900160e-04
3.133169030590138597e-04
2.452736125312890989e-04
1.855353328289217224e-04
1.341139839873160204e-04
9.101767343340756245e-05
5.625069509518603860e-05
2.981353032205189831e-05
1.170285061353216507e-05
1.911522152770108940e-06
4.286121404289111786e-07
7.239396923723700340e-06
2.232537191445629763e-05
4.566426328902045006e-05
7.723004146246368858e-05
1.169929363279181882e-04
1.649194542517224706e-04
2.209723968139267944e-04
2.851108812826522545e-04
3.572903628104280929e-04
4.374626583395398996e-04
5.255759722023011079e-04
6.215749234023781704e-04
7.254005745608473185e-04
8.369904625118620555e-04
9.562786305301896597e-04
1.083195662173519914e-03
1.217668716720405990e-03
1.359621566185866513e-03
1.508974633892840944e-03
1.665645034581021743e-03
1.829546616030038432e-03
2.000590002175756110e-03
2.178682637696684014e-03
2.363728834047194426e-03
2.555629816913439906e-03
2.754283775067442250e-03
2.959585910593498428e-03
3.171428490461919349e-03
3.389700899422067471e-03
3.614289694189672456e-03
3.845078658898016481e-03
4.081948861787446266e-03
4.324778713102325929e-03
4.573444024167721070e-03
4.827818067614102031e-03
5.087771638721577845e-03
5.353173117852199486e-03
5.623888533937743475e-03
5.899781628994471734e-03
6.180713923628324870e-03
6.466544783501916409e-03
6.757131486728770557e-03
7.052329292160323254e-03
7.351991508534445018e-03
7.655969564449660071e-03
7.964113079130920661e-03
8.276269933952955932e-03
8.592286344685675162e-03
8.912006934427051455e-03
9.235274807186274332e-03
9.561931622084142088e-03
9.891817668132582911e-03
1.022477193955727108e-02
1.056063221162927869e-02
1.089923511696565955e-02
1.124041622226617035e-02
1.158401010544542545e-02
1.192985043312775294e-02
1.227777003846454267e-02
1.262760099923749581e-02
1.297917471621373199e-02
1.333232199171033305e-02
1.368687310833678790e-02
1.404265790787300426e-02
1.439950587025065620e-02
1.475724619259600502e-02
1.511570786830108461e-02
1.547471976608403958e-02
1.583411070900244549e-02
1.619370955338146276e-02
1.655334526762372235e-02
1.691284701085931860e-02
1.727204421140374896e-02
1.763076664498580692e-02
1.798884451270869184e-02
1.834610851871075476e-02
1.870238994748738004e-02
1.905752074084107739e-02
1.941133357442315771e-02
1.976366193383317926e-02
2.011434019024046019e-02
2.046320367549437150e-02
2.081008875668867789e-02
2.115483291014756337e-02
2.149727479479694725e-02
2.183725432489399751e-02
2.217461274207468969e-02
2.250919268669355003e-02
2.284083826842174883e-02
2.316939513606968565e-02
2.349471054660731348e-02
2.381663343334994992e-02
2.413501447327756969e-02
2.444970615346060694e-02
2.476056283656410256e-02
2.506744082539667101e-02
2.537019842648279705e-02
2.566869601262436462e-02
2.596279608443116324e-02
2.625236333078585088e-02
2.653726468822640433e-02
2.681736939921237906e-02
2.709254906925689238e-02
2.736267772289494374e-02
2.762763185846699165e-02
2.788729050169550319e-02
2.814153525802974218e-02
2.839025036373813565e-02
2.863332273572784942e-02
2.887064202006870556e-02
2.910210063920446594e-02
2.932759383782996762e-02
2.954701972741536134e-02
2.976027932936293682e-02
2.996727661677254725e-02
3.016791855480801740e-02
3.036211513963946868e-02
3.054977943595262382e-02
3.073082761300832688e-02
3.090517897923807794e-02
3.107275601536315171e-02
3.123348440602379331e-02
3.138729306990942908e-02
3.153411418837419322e-02
3.167388323253256949e-02
3.180653898882210978e-02
3.193202358302406341e-02
3.205028250273865564e-02
3.216126461829892785e-02
3.226492220212622691e-02
3.236121094651385477e-02
3.245008997983557519e-02
3.253152188117842958e-02
3.260547269338927995e-02
3.267191193453695963e-02
3.273081260778667317e-02
3.278215120968379359e-02
3.282590773684600921e-02
3.286206569106650544e-02
3.289061208282428872e-02
3.291153743320721081e-02
3.292483577424552138e-02
3.293050464766433816e-02
3.292854510204935164e-02
3.291896168844116177e-02
3.290176245435284808e-02
3.287695893622236132e-02
3.284456615030448279e-02
3.280460258200755541e-02
3.275709017368540893e-02
3.270205431088919062e-02
3.263952380709212592e-02
3.256953088689283626e-02
3.249211116770982927e-02
3.240730363997834651e-02
3.231515064585761127e-02
3.221569785646608702e-02
3.210899424765328858e-02
3.199509207432295332e-02
3.187404684332158233e-02
3.174591728490763071e-02
3.161076532281568985e-02
3.146865604293151014e-02
3.131965766059587736e-02
3.116384148655168898e-02
3.100128189155460651e-02
3.083205626966385726e-02
3.065624500023193463e-02
3.047393140861183805e-02
3.028520172560551782e-02
3.009014504566722911e-02
2.988885328388837109e-02
2.968142113178281680e-02
2.946794601189344984e-02
2.924852803124508918e-02
2.902326993366280763e-02
2.879227705098340653e-02
2.855565725317881984e-02
2.831352089741923442e-02
2.806598077609868264e-02
2.781315206384773683e-02
2.755515226356112721e-02
2.729210115146132876e-02
2.702412072122934578e-02
2.675133512722549858e-02
2.647387062682807213e-02
2.619185552191830024e-02
2.590542009953543043e-02
2.561469657173433626e-02
2.531981901467077190e-02
2.502092330694179190e-02
2.471814706721301227e-02
2.441162959115929232e-02
2.410151178774740111e-02
2.378793611489339599e-02
2.347104651451834695e-02
2.315098834703975539e-02
2.282790832532150330e-02
2.250195444811587536e-02
2.217327593302875766e-02
2.184202314903620906e-02
2.150834754858311354e-02
2.117240159929783053e-02
2.083433871534795534e-02
2.049431318847307754e-02
2.015248011872446468e-02
1.980899534493916689e-02
1.946401537498496787e-02
1.911769731580314699e-02
1.877019880328220300e-02
1.842167793199306347e-02
1.807229318481756025e-02
1.772220336249910946e-02
1.737156751315142161e-02
1.702054486174972570e-02
1.666929473964205710e-02
1.631797651410661285e-02
1.596674951798930653e-02
1.561577297945001240e-02
1.526520595184965336e-02
1.491520724380843675e-02
1.456593534946461037e-02
1.421754837896489591e-02
1.387020398921772098e-02
1.352405931493640308e-02
1.317927090000409543e-02
1.283599462919099085e-02
1.249438566024949591e-02
1.215459835642048771e-02
1.181678621937694122e-02
1.148110182263443503e-02
1.114769674545710090e-02
1.081672150728720146e-02
1.048832550272502454e-02
1.016265693708782135e-02
9.839862762575573435e-03
9.520088615068022023e-03
9.203478751582325201e-03
8.890175988415965555e-03
8.580321640001293410e-03
8.274055458497187043e-03
7.971515574143458668e-03
7.672838436401443162e-03
7.378158755907405358e-03
7.087609447260338064e-03
6.801321572670041525e-03
6.519424286486413811e-03
6.242044780635120325e-03
5.969308230979708876e-03
5.701337744633717432e-03
5.438254308243603390e-03
5.180176737262905985e-03
4.927221626239571342e-03
4.679503300134757113e-03
4.437133766694321101e-03
4.200222669890400946e-03
3.968877244453660434e-03
3.743202271511797147e-03
3.523300035354117246e-03
3.309270281337939063e-03
3.101210174953575142e-03
2.899214262063703421e-03
2.703374430333536742e-03
2.513779871864866167e-03
2.330517047050047284e-03
2.153669649658994985e-03
1.983318573171923092e-03
1.819541878371658435e-03
1.662414762206510660e-03
1.512009527935797215e-03
1.368395556568911516e-03
1.231639279608296670e-03
1.101804153105770531e-03
9.789506330421190745e-04
8.631361520376497473e-04
7.544150974027613457e-04
6.528387905347967897e-04
5.584554676692501333e-04
4.713102619904834651e-04
3.914451871081622196e-04
3.188991219044566192e-04
2.537077967561266129e-04
1.959037811356124220e-04
1.455164725941785744e-04
1.025720871298681734e-04
6.709365094212130730e-05
3.910099357470868143e-05
1.861074244750995861e-05
5.636318777596246363e-06
1.879348890859321172e-07
2.272592910829382016e-06
1.189408486032357326e-05
2.905299411167133782e-05
5.374669824480675135e-05
8.596937327261980723e-05
1.257119992419621806e-04
