0.000000000000000000e+00
3.521252767754962792e-02
7.042505535509925585e-02
1.056375830326488768e-01
1.408501107101970962e-01
1.760626383877467172e-01
2.112751660652963381e-01
2.464876937428459591e-01
2.817002214203955801e-01
3.169127490979452011e-01
3.521252767754948221e-01
3.873378044530444986e-01
4.225503321305926763e-01
4.577628598081422973e-01
4.929753874856919182e-01
5.281879151632415947e-01
5.634004428407911602e-01
5.986129705183408367e-01
6.338254981958904022e-01
6.690380258734386354e-01
7.042505535509883119e-01
7.394630812285378774e-01
7.746756089060875539e-01
8.098881365836371193e-01
8.451006642611867958e-01
8.803131919387363613e-01
9.155257196162860378e-01
9.507382472938342710e-01
9.859507749713838365e-01
1.021163302648933513e+00
1.056375830326483189e+00
1.091588358004032866e+00
1.126800885681582320e+00
1.162013413359130665e+00
1.197225941036680341e+00
1.232438468714229796e+00
1.267650996391779472e+00
1.302863524069329149e+00
1.338076051746878825e+00
1.373288579424428280e+00
1.408501107101977956e+00
1.443713634779527633e+00
1.478926162457077309e+00
1.514138690134626763e+00
1.549351217812173775e+00
1.584563745489723230e+00
1.619776273167272906e+00
1.654988800844822583e+00
1.690201328522372259e+00
1.725413856199921714e+00
1.760626383877471390e+00
1.795838911555021067e+00
1.831051439232570743e+00
1.866263966910120198e+00
1.901476494587669874e+00
1.936689022265219551e+00
1.971901549942769227e+00
2.007114077620318682e+00
2.042326605297868358e+00
2.077539132975415370e+00
2.112751660652965047e+00
2.147964188330514279e+00
2.183176716008063956e+00
2.218389243685613632e+00
2.253601771363163309e+00
2.288814299040712985e+00
2.324026826718262662e+00
2.359239354395812338e+00
2.394451882073362015e+00
2.429664409750911691e+00
2.464876937428460923e+00
2.500089465106010600e+00
2.535301992783560276e+00
2.570514520461109953e+00
2.605727048138656965e+00
2.640939575816206641e+00
2.676152103493755874e+00
2.711364631171305550e+00
2.746577158848855227e+00
2.781789686526404903e+00
2.817002214203954580e+00
2.852214741881504256e+00
2.887427269559053933e+00
2.922639797236603609e+00
2.957852324914153286e+00
2.993064852591702518e+00
3.028277380269252195e+00
3.063489907946799207e+00
3.098702435624351548e+00
3.133914963301898560e+00
3.169127490979447792e+00
3.204340018656997469e+00
3.239552546334547145e+00
3.274765074012096822e+00
3.309977601689646498e+00
3.345190129367196175e+00
3.380402657044745851e+00
3.415615184722295528e+00
3.450827712399845204e+00
3.486040240077394436e+00
3.521252767754944113e+00
3.556465295432493789e+00
3.591677823110040801e+00
3.626890350787593142e+00
3.662102878465140154e+00
3.697315406142689387e+00
3.732527933820239063e+00
3.767740461497788740e+00
3.802952989175338416e+00
3.838165516852888093e+00
3.873378044530437769e+00
3.908590572207987446e+00
3.943803099885537122e+00
3.979015627563086799e+00
4.014228155240636475e+00
4.049440682918185708e+00
4.084653210595735828e+00
4.119865738273282396e+00
4.155078265950834293e+00
4.190290793628381749e+00
4.225503321305930982e+00
4.260715848983481102e+00
4.295928376661030335e+00
4.331140904338580455e+00
4.366353432016129688e+00
4.401565959693678920e+00
4.436778487371229041e+00
4.471991015048778273e+00
4.507203542726328394e+00
4.542416070403877626e+00
4.577628598081424194e+00
4.612841125758976979e+00
4.648053653436523547e+00
4.683266181114076332e+00
4.718478708791622900e+00
4.753691236469173020e+00
4.788903764146722253e+00
4.824116291824272373e+00
4.859328819501821606e+00
4.894541347179370838e+00
4.929753874856920959e+00
4.964966402534470191e+00
5.000178930212020312e+00
5.035391457889569544e+00
5.070603985567119665e+00
5.105816513244666233e+00
5.141029040922219018e+00
5.176241568599765586e+00
5.211454096277317483e+00
5.246666623954864939e+00
5.281879151632414171e+00
5.317091679309964292e+00
5.352304206987513524e+00
5.387516734665062756e+00
5.422729262342612877e+00
5.457941790020162109e+00
5.493154317697712230e+00
5.528366845375261462e+00
5.563579373052811583e+00
5.598791900730360815e+00
5.634004428407907383e+00
5.669216956085460168e+00
5.704429483763006736e+00
5.739642011440556857e+00
5.774854539118106089e+00
5.810067066795656210e+00
5.845279594473205442e+00
5.880492122150754675e+00
5.915704649828304795e+00
5.950917177505854028e+00
5.986129705183404148e+00
6.021342232860953381e+00
6.056554760538503501e+00
6.091767288216052734e+00
6.126979815893602854e+00
6.162192343571149422e+00
6.197404871248701319e+00
6.232617398926248775e+00
6.267829926603798008e+00
6.303042454281348128e+00
6.338254981958897361e+00
6.373467509636447481e+00
6.408680037313996714e+00
6.443892564991545946e+00
6.479105092669096067e+00
6.514317620346645299e+00
6.549530148024195420e+00
6.584742675701744652e+00
6.619955203379291220e+00
6.655167731056844005e+00
6.690380258734390573e+00
6.725592786411943358e+00
6.760805314089489926e+00
6.796017841767042711e+00
6.831230369444589279e+00
6.866442897122139399e+00
6.901655424799688632e+00
6.936867952477237864e+00
6.972080480154787985e+00
7.007293007832337217e+00
7.042505535509887338e+00
7.077718063187436570e+00
7.112930590864986691e+00
7.148143118542533259e+00
7.183355646220086044e+00
7.218568173897632612e+00
7.253780701575184509e+00
7.288993229252731965e+00
7.324205756930283862e+00
7.359418284607831318e+00
7.394630812285380550e+00
7.429843339962929782e+00
7.465055867640479903e+00
7.500268395318029135e+00
7.535480922995579256e+00
7.570693450673128488e+00
7.605905978350675944e+00
7.641118506028227841e+00
7.676331033705774409e+00
7.711543561383327194e+00
7.746756089060873762e+00
7.781968616738426547e+00
7.817181144415973115e+00
7.852393672093525900e+00
7.887606199771072468e+00
7.922818727448621701e+00
7.958031255126171821e+00
7.993243782803721054e+00
8.028456310481271174e+00
8.063668838158820407e+00
8.098881365836369639e+00
8.134093893513917095e+00
8.169306421191469880e+00
8.204518948869015560e+00
8.239731476546568345e+00
8.274944004224115801e+00
8.310156531901668586e+00
8.345369059579214266e+00
8.380581587256765275e+00
8.415794114934314507e+00
8.451006642611863739e+00
8.486219170289412972e+00
8.521431697966962204e+00
8.556644225644513213e+00
8.591856753322062445e+00
8.627069280999611678e+00
8.662281808677159134e+00
8.697494336354711919e+00
8.732706864032257599e+00
8.767919391709810384e+00
8.803131919387357840e+00
8.838344447064908849e+00
8.873556974742456305e+00
8.908769502420005537e+00
8.943982030097554770e+00
8.979194557775105778e+00
9.014407085452655011e+00
9.049619613130204243e+00
9.084832140807753476e+00
9.120044668485304484e+00
9.155257196162853717e+00
9.190469723840399396e+00
9.225682251517952182e+00
9.260894779195499638e+00
9.296107306873052423e+00
9.331319834550598102e+00
9.366532362228150888e+00
9.401744889905698344e+00
9.436957417583247576e+00
9.472169945260796808e+00
9.507382472938346041e+00
9.542595000615897050e+00
9.577807528293446282e+00
9.613020055970995514e+00
9.648232583648544747e+00
9.683445111326095756e+00
9.718657639003641435e+00
9.753870166681194220e+00
9.789082694358741676e+00
9.824295222036292685e+00
9.859507749713840141e+00
9.894720277391392926e+00
9.929932805068940382e+00
9.965145332746489615e+00
1.000035786042403885e+01
1.003557038810158808e+01
1.007078291577913731e+01
1.010599544345668832e+01
1.014120797113423755e+01
1.017642049881178323e+01
1.021163302648933602e+01
1.024684555416688347e+01
1.028205808184443626e+01
1.031727060952198194e+01
1.035248313719953472e+01
1.038769566487708218e+01
1.042290819255463497e+01
1.045812072023218064e+01
1.049333324790972988e+01
1.052854577558728089e+01
1.056375830326483012e+01
1.059897083094237935e+01
1.063418335861992858e+01
1.066939588629747959e+01
1.070460841397502527e+01
1.073982094165257806e+01
1.077503346933012551e+01
1.081024599700767652e+01
1.084545852468522398e+01
1.088067105236277676e+01
1.091588358004032422e+01
1.095109610771787345e+01
1.098630863539542268e+01
1.102152116307297192e+01
1.105673369075052115e+01
1.109194621842807216e+01
1.112715874610562139e+01
1.116237127378317062e+01
1.119758380146071985e+01
1.123279632913826731e+01
1.126800885681582010e+01
1.130322138449336578e+01
1.133843391217091856e+01
1.137364643984846602e+01
1.140885896752601880e+01
1.144407149520356448e+01
1.147928402288111549e+01
1.151449655055866472e+01
1.154970907823621395e+01
1.158492160591376319e+01
1.162013413359131242e+01
1.165534666126886343e+01
1.169055918894641266e+01
1.172577171662396189e+01
1.176098424430150935e+01
1.179619677197906213e+01
1.183140929965660781e+01
1.186662182733416060e+01
1.190183435501170806e+01
1.193704688268925906e+01
1.197225941036680652e+01
1.200747193804435575e+01
1.204268446572190499e+01
1.207789699339945599e+01
1.211310952107700523e+01
1.214832204875455446e+01
1.218353457643210369e+01
1.221874710410965470e+01
1.225395963178720393e+01
1.228917215946474961e+01
1.232438468714230240e+01
1.235959721481984985e+01
1.239480974249740264e+01
1.243002227017494832e+01
1.246523479785250110e+01
1.250044732553004856e+01
1.253565985320759779e+01
1.257087238088514702e+01
1.260608490856269626e+01
1.264129743624024549e+01
1.267650996391779117e+01
1.271172249159534395e+01
1.274693501927289141e+01
1.278214754695044419e+01
1.281736007462798987e+01
1.285257260230554266e+01
1.288778512998309012e+01
1.292299765766064290e+01
1.295821018533818858e+01
1.299342271301574137e+01
1.302863524069328882e+01
1.306384776837084161e+01
1.309906029604838729e+01
1.313427282372594007e+01
1.316948535140348753e+01
1.320469787908103321e+01
1.323991040675858599e+01
1.327512293443613345e+01
1.331033546211368446e+01
1.334554798979123191e+01
1.338076051746878470e+01
1.341597304514633215e+01
1.345118557282388316e+01
1.348639810050143062e+01
1.352161062817898340e+01
1.355682315585652908e+01
1.359203568353408187e+01
1.362724821121162933e+01
1.366246073888917678e+01
1.369767326656672779e+01
1.373288579424427525e+01
1.376809832192182803e+01
1.380331084959937371e+01
1.383852337727692650e+01
1.387373590495447395e+01
1.390894843263202674e+01
1.394416096030957242e+01
1.397937348798712520e+01
1.401458601566467266e+01
1.404979854334222544e+01
1.408501107101977112e+01
1.412022359869732391e+01
1.415543612637487136e+01
1.419064865405241704e+01
1.422586118172996983e+01
1.426107370940751728e+01
1.429628623708507007e+01
1.433149876476261575e+01
1.436671129244016853e+01
1.440192382011771599e+01
1.443713634779526700e+01
1.447234887547281446e+01
1.450756140315036724e+01
1.454277393082791292e+01
1.457798645850546571e+01
1.461319898618301316e+01
1.464841151386056595e+01
1.468362404153811163e+01
1.471883656921565908e+01
1.475404909689321187e+01
1.478926162457075755e+01
1.482447415224831033e+01
1.485968667992585779e+01
1.489489920760341057e+01
1.493011173528095625e+01
1.496532426295850904e+01
1.500053679063605649e+01
1.503574931831360928e+01
1.507096184599115496e+01
1.510617437366870774e+01
1.514138690134625520e+01
1.517659942902380621e+01
1.521181195670135367e+01
1.524702448437890112e+01
1.528223701205645391e+01
1.531744953973399959e+01
1.535266206741155237e+01
1.538787459508909983e+01
1.542308712276665084e+01
1.545829965044419829e+01
1.549351217812175108e+01
1.552872470579929853e+01
1.556393723347684954e+01
1.559914976115439700e+01
1.563436228883194978e+01
1.566957481650949546e+01
1.570478734418704825e+01
1.573999987186459570e+01
1.577521239954214138e+01
1.581042492721969417e+01
1.584563745489724162e+01
1.588084998257479441e+01
1.591606251025234009e+01
1.595127503792989287e+01
1.598648756560744033e+01
1.602170009328499134e+01
1.605691262096253880e+01
1.609212514864009336e+01
1.612733767631763726e+01
1.616255020399519182e+01
1.619776273167273928e+01
1.623297525935028318e+01
1.626818778702783774e+01
1.630340031470538520e+01
1.633861284238293621e+01
1.637382537006048366e+01
1.640903789773803467e+01
1.644425042541558213e+01
1.647946295309313314e+01
1.651467548077068059e+01
1.654988800844823515e+01
1.658510053612577906e+01
1.662031306380333362e+01
1.665552559148088108e+01
1.669073811915843208e+01
1.672595064683597954e+01
1.676116317451352700e+01
1.679637570219107801e+01
1.683158822986862546e+01
1.686680075754617647e+01
1.690201328522372393e+01
1.693722581290127849e+01
1.697243834057882239e+01
1.700765086825637695e+01
1.704286339593392441e+01
1.707807592361147542e+01
1.711328845128902287e+01
1.714850097896657388e+01
1.718371350664412134e+01
1.721892603432167235e+01
1.725413856199921980e+01
1.728935108967676726e+01
1.732456361735432182e+01
1.735977614503186572e+01
1.739498867270942029e+01
1.743020120038696774e+01
1.746541372806451875e+01
1.750062625574206621e+01
1.753583878341961722e+01
1.757105131109716467e+01
1.760626383877471568e+01
1.764147636645226314e+01
1.767668889412981770e+01
1.771190142180736160e+01
1.774711394948491616e+01
1.778232647716246362e+01
1.781753900484000752e+01
1.785275153251756208e+01
1.788796406019510954e+01
1.792317658787266055e+01
1.795838911555020800e+01
1.799360164322775901e+01
1.802881417090530647e+01
1.806402669858286103e+01
1.809923922626040493e+01
1.813445175393795950e+01
1.816966428161550695e+01
1.820487680929305796e+01
1.824008933697060542e+01
1.827530186464815642e+01
1.831051439232570388e+01
1.834572692000325134e+01
1.838093944768080235e+01
1.841615197535834980e+01
1.845136450303590081e+01
1.848657703071344827e+01
1.852178955839100283e+01
1.855700208606855028e+01
1.859221461374610129e+01
1.862742714142364875e+01
1.866263966910119976e+01
1.869785219677874721e+01
1.873306472445629822e+01
1.876827725213384568e+01
1.880348977981139313e+01
1.883870230748894414e+01
1.887391483516649160e+01
1.890912736284404616e+01
1.894433989052159006e+01
1.897955241819914463e+01
1.901476494587669208e+01
1.904997747355424309e+01
1.908519000123179055e+01
1.912040252890934156e+01
1.915561505658688901e+01
1.919082758426444357e+01
1.922604011194198748e+01
1.926125263961954204e+01
1.929646516729708949e+01
1.933167769497463340e+01
1.936689022265218796e+01
1.940210275032973541e+01
1.943731527800728642e+01
1.947252780568483388e+01
1.950774033336238489e+01
1.954295286103993234e+01
1.957816538871748335e+01
1.961337791639503081e+01
1.964859044407258537e+01
1.968380297175012927e+01
1.971901549942768384e+01
1.975422802710523129e+01
1.978944055478278230e+01
1.982465308246032976e+01
1.985986561013787721e+01
1.989507813781542822e+01
1.993029066549297568e+01
1.996550319317052669e+01
2.000071572084807414e+01
2.003592824852562870e+01
2.007114077620317261e+01
2.010635330388072717e+01
2.014156583155827462e+01
2.017677835923582563e+01
2.021199088691337309e+01
2.024720341459092410e+01
2.028241594226847155e+01
2.031762846994602256e+01
2.035284099762357002e+01
2.038805352530111747e+01
2.042326605297867204e+01
2.045847858065621594e+01
2.049369110833377050e+01
2.052890363601131796e+01
2.056411616368886897e+01
2.059932869136641642e+01
2.063454121904396743e+01
2.066975374672151489e+01
2.070496627439906590e+01
2.074017880207661335e+01
2.077539132975416791e+01
2.081060385743171182e+01
2.084581638510926638e+01
2.088102891278681383e+01
2.091624144046435774e+01
2.095145396814191230e+01
2.098666649581945975e+01
2.102187902349701076e+01
2.105709155117455822e+01
2.109230407885210923e+01
2.112751660652965668e+01
2.116272913420721125e+01
2.119794166188475515e+01
2.123315418956230971e+01
2.126836671723985717e+01
2.130357924491740818e+01
2.133879177259495563e+01
2.137400430027250664e+01
2.140921682795005410e+01
2.144442935562760155e+01
2.147964188330515256e+01
2.151485441098270002e+01
2.155006693866025103e+01
2.158527946633779848e+01
2.162049199401535304e+01
2.165570452169290050e+01
2.169091704937045151e+01
2.172612957704799896e+01
2.176134210472554997e+01
2.179655463240309743e+01
2.183176716008064844e+01
2.186697968775819589e+01
2.190219221543574335e+01
2.193740474311329436e+01
2.197261727079084181e+01
2.200782979846839638e+01
2.204304232614594028e+01
2.207825485382349484e+01
2.211346738150104230e+01
2.214867990917859331e+01
2.218389243685614076e+01
2.221910496453369177e+01
2.225431749221123923e+01
2.228953001988879024e+01
2.232474254756633769e+01
2.235995507524389225e+01
2.239516760292143971e+01
2.243038013059898361e+01
2.246559265827653817e+01
2.250080518595408563e+01
2.253601771363163664e+01
2.257123024130918409e+01
2.260644276898673510e+01
2.264165529666428256e+01
2.267686782434183357e+01
2.271208035201938102e+01
2.274729287969693559e+01
2.278250540737447949e+01
2.281771793505203405e+01
2.285293046272958151e+01
2.288814299040713252e+01
2.292335551808467997e+01
2.295856804576222743e+01
2.299378057343977844e+01
2.302899310111732589e+01
2.306420562879487690e+01
2.309941815647242436e+01
2.313463068414997892e+01
2.316984321182752282e+01
2.320505573950507738e+01
2.324026826718262484e+01
2.327548079486017585e+01
2.331069332253772330e+01
2.334590585021527431e+01
2.338111837789282177e+01
2.341633090557037278e+01
2.345154343324792023e+01
2.348675596092546769e+01
2.352196848860301870e+01
2.355718101628056615e+01
2.359239354395812072e+01
2.362760607163566817e+01
2.366281859931321918e+01
2.369803112699076664e+01
2.373324365466831765e+01
2.376845618234586510e+01
2.380366871002341611e+01
2.383888123770096357e+01
2.387409376537851813e+01
2.390930629305606203e+01
2.394451882073361659e+01
2.397973134841116405e+01
2.401494387608870795e+01
2.405015640376626251e+01
2.408536893144380997e+01
2.412058145912136098e+01
2.415579398679890843e+01
2.419100651447645944e+01
2.422621904215400690e+01
2.426143156983156146e+01
2.429664409750910536e+01
2.433185662518665993e+01
2.436706915286420738e+01
2.440228168054175839e+01
2.443749420821930585e+01
2.447270673589685330e+01
2.450791926357440431e+01
2.454313179125195177e+01
2.457834431892950278e+01
2.461355684660705023e+01
2.464876937428460124e+01
2.468398190196214870e+01
2.471919442963970326e+01
2.475440695731724716e+01
2.478961948499480172e+01
2.482483201267234918e+01
2.486004454034990019e+01
2.489525706802744764e+01
2.493046959570499865e+01
2.496568212338254611e+01
2.500089465106009357e+01
2.503610717873764457e+01
2.507131970641519203e+01
2.510653223409274659e+01
2.514174476177029049e+01
2.517695728944784506e+01
2.521216981712539251e+01
2.524738234480294352e+01
2.528259487248049098e+01
2.531780740015804199e+01
2.535301992783558944e+01
2.538823245551314045e+01
2.542344498319068791e+01
2.545865751086824247e+01
2.549387003854578992e+01
2.552908256622334093e+01
2.556429509390088839e+01
2.559950762157843940e+01
2.563472014925598685e+01
2.566993267693353786e+01
2.570514520461108532e+01
2.574035773228863988e+01
2.577557025996618378e+01
2.581078278764373124e+01
2.584599531532128580e+01
2.588120784299882970e+01
2.591642037067638427e+01
2.595163289835393172e+01
2.598684542603148273e+01
2.602205795370903019e+01
2.605727048138658120e+01
2.609248300906412865e+01
2.612769553674168321e+01
2.616290806441922712e+01
2.619812059209678168e+01
2.623333311977432913e+01
2.626854564745188014e+01
2.630375817512942760e+01
2.633897070280697505e+01
2.637418323048452606e+01
2.640939575816207352e+01
2.644460828583962453e+01
2.647982081351717198e+01
2.651503334119472299e+01
2.655024586887227045e+01
2.658545839654982501e+01
2.662067092422736891e+01
2.665588345190492348e+01
2.669109597958247093e+01
2.672630850726002194e+01
2.676152103493756940e+01
2.679673356261511685e+01
2.683194609029266786e+01
2.686715861797021532e+01
2.690237114564776633e+01
2.693758367332531378e+01
2.697279620100286834e+01
2.700800872868041225e+01
2.704322125635796681e+01
2.707843378403551426e+01
2.711364631171306527e+01
2.714885883939061273e+01
2.718407136706816374e+01
2.721928389474571119e+01
2.725449642242326220e+01
2.728970895010080966e+01
2.732492147777835712e+01
2.736013400545591168e+01
2.739534653313345558e+01
2.743055906081101014e+01
2.746577158848855760e+01
2.750098411616610861e+01
2.753619664384365606e+01
2.757140917152120707e+01
2.760662169919875453e+01
2.764183422687630554e+01
2.767704675455385299e+01
2.771225928223140755e+01
2.774747180990895146e+01
2.778268433758650602e+01
2.781789686526405347e+01
2.785310939294159738e+01
2.788832192061915194e+01
2.792353444829669940e+01
2.795874697597425040e+01
2.799395950365179786e+01
2.802917203132934887e+01
2.806438455900689632e+01
2.809959708668445089e+01
2.813480961436199479e+01
2.817002214203954935e+01
2.820523466971709681e+01
2.824044719739464782e+01
2.827565972507219527e+01
2.831087225274974628e+01
2.834608478042729374e+01
2.838129730810484119e+01
2.841650983578239220e+01
2.845172236345993966e+01
2.848693489113749067e+01
2.852214741881503812e+01
2.855735994649259268e+01
2.859257247417014014e+01
2.862778500184769115e+01
2.866299752952523860e+01
2.869821005720278961e+01
2.873342258488033707e+01
2.876863511255788808e+01
2.880384764023543553e+01
2.883906016791299010e+01
2.887427269559053400e+01
2.890948522326808146e+01
2.894469775094563602e+01
2.897991027862317992e+01
2.901512280630073448e+01
2.905033533397828194e+01
2.908554786165583295e+01
2.912076038933338040e+01
2.915597291701093141e+01
2.919118544468847887e+01
2.922639797236602988e+01
2.926161050004357733e+01
2.929682302772113189e+01
2.933203555539867935e+01
2.936724808307622325e+01
2.940246061075377781e+01
2.943767313843132527e+01
2.947288566610887628e+01
2.950809819378642374e+01
2.954331072146397474e+01
2.957852324914152220e+01
2.961373577681907321e+01
2.964894830449662066e+01
2.968416083217417523e+01
2.971937335985171913e+01
2.975458588752927369e+01
2.978979841520682115e+01
2.982501094288437216e+01
2.986022347056191961e+01
2.989543599823946707e+01
2.993064852591701808e+01
2.996586105359456553e+01
3.000107358127211654e+01
3.003628610894966400e+01
3.007149863662721856e+01
3.010671116430476246e+01
3.014192369198231702e+01
3.017713621965986448e+01
3.021234874733741549e+01
3.024756127501496294e+01
3.028277380269251395e+01
3.031798633037006141e+01
3.035319885804761242e+01
3.038841138572515987e+01
3.042362391340270733e+01
3.045883644108025834e+01
3.049404896875780580e+01
3.052926149643536036e+01
3.056447402411290781e+01
3.059968655179045882e+01
3.063489907946800628e+01
3.067011160714555729e+01
3.070532413482310474e+01
3.074053666250065575e+01
3.077574919017820321e+01
3.081096171785575777e+01
3.084617424553330167e+01
3.088138677321085623e+01
3.091659930088840369e+01
3.095181182856594759e+01
3.098702435624350215e+01
3.102223688392104961e+01
3.105744941159860062e+01
3.109266193927614808e+01
3.112787446695369908e+01
3.116308699463124654e+01
3.119829952230880110e+01
3.123351204998634500e+01
3.126872457766389957e+01
3.130393710534144702e+01
3.133914963301899803e+01
3.137436216069654549e+01
3.140957468837409650e+01
3.144478721605164395e+01
3.147999974372919141e+01
3.151521227140674242e+01
3.155042479908428987e+01
3.158563732676184088e+01
3.162084985443938834e+01
3.165606238211694290e+01
3.169127490979448680e+01
3.172648743747204136e+01
3.176169996514958882e+01
3.179691249282713983e+01
3.183212502050468728e+01
3.186733754818223829e+01
3.190255007585978575e+01
3.193776260353733321e+01
3.197297513121488421e+01
3.200818765889243167e+01
3.204340018656998268e+01
3.207861271424753369e+01
3.211382524192508470e+01
3.214903776960262860e+01
3.218425029728018671e+01
3.221946282495773062e+01
3.225467535263528163e+01
3.228988788031283264e+01
3.232510040799038364e+01
3.236031293566792755e+01
3.239552546334547856e+01
3.243073799102302956e+01
3.246595051870057347e+01
3.250116304637812448e+01
3.253637557405567549e+01
3.257158810173322649e+01
3.260680062941077040e+01
3.264201315708832851e+01
3.267722568476587242e+01
3.271243821244342342e+01
3.274765074012097443e+01
3.278286326779852544e+01
3.281807579547606935e+01
3.285328832315362035e+01
3.288850085083117136e+01
3.292371337850872237e+01
3.295892590618626627e+01
3.299413843386381728e+01
3.302935096154136829e+01
3.306456348921891220e+01
3.309977601689647031e+01
3.313498854457401421e+01
3.317020107225156522e+01
3.320541359992911623e+01
3.324062612760666724e+01
3.327583865528421114e+01
3.331105118296176215e+01
3.334626371063931316e+01
3.338147623831686417e+01
3.341668876599441518e+01
3.345190129367196619e+01
3.348711382134951009e+01
3.352232634902706110e+01
3.355753887670461211e+01
3.359275140438215601e+01
3.362796393205970702e+01
3.366317645973725803e+01
3.369838898741480904e+01
3.373360151509235294e+01
3.376881404276991105e+01
3.380402657044745496e+01
3.383923909812500597e+01
3.387445162580255698e+01
3.390966415348010798e+01
3.394487668115765189e+01
3.398008920883520290e+01
3.401530173651275391e+01
3.405051426419029781e+01
3.408572679186784882e+01
3.412093931954539983e+01
3.415615184722295083e+01
3.419136437490049474e+01
3.422657690257805285e+01
3.426178943025559676e+01
3.429700195793314776e+01
3.433221448561069877e+01
3.436742701328824978e+01
3.440263954096579369e+01
3.443785206864334469e+01
3.447306459632089570e+01
3.450827712399844671e+01
3.454348965167599061e+01
3.457870217935354162e+01
3.461391470703109263e+01
3.464912723470864364e+01
3.468433976238619465e+01
3.471955229006373855e+01
3.475476481774128956e+01
3.478997734541884057e+01
3.482518987309639158e+01
3.486040240077393548e+01
3.489561492845149360e+01
3.493082745612903750e+01
3.496603998380658851e+01
3.500125251148413952e+01
3.503646503916168342e+01
3.507167756683923443e+01
3.510689009451678544e+01
3.514210262219433645e+01
3.517731514987188035e+01
