5.194890388199224687e-04
1.672214688894842856e-03
4.449041981251086394e-03
5.965673392249023523e-03
9.633911268827000801e-03
8.784235880041879260e-03
1.128532410684405206e-02
5.595815331710310772e-03
8.380020921399037107e-03
6.614671934484544352e-03
2.688811682135098559e-03
3.156333402422352268e-03
7.159542987568133249e-04
3.834547654436387676e-03
5.513168077076198437e-03
7.050480576168046895e-03
1.273676438554714047e-02
9.631377434225880940e-03
1.298719669732357855e-02
1.316079337695437446e-02
9.848662907840432384e-03
8.758396834136029235e-03
6.547422766504516767e-03
3.334255942147596862e-03
6.458785059305301212e-04
1.241330331082579012e-03
3.417898706487681668e-03
6.808506160578707209e-03
6.927459616623023002e-03
9.802262792311330214e-03
8.518411979466962436e-03
5.540896148527529701e-03
4.851885665633970043e-03
5.095159157999057560e-03
0.000000000000000000e+00
