0.000000000000000000e+00
1.034626916172702193e+00
2.069253832345403055e+00
3.103880748518105470e+00
4.138507664690810550e+00
5.173134580863512966e+00
6.207761497036214493e+00
7.242388413208916909e+00
8.277015329381619324e+00
9.311642245554320851e+00
1.034626916172702416e+01
1.138089607789972568e+01
1.241552299407242899e+01
1.345014991024513229e+01
1.448477682641783204e+01
1.551940374259053712e+01
1.655403065876323510e+01
1.758865757493594018e+01
1.862328449110864170e+01
1.965791140728134678e+01
2.069253832345404476e+01
2.172716523962674984e+01
2.276179215579944781e+01
2.379641907197215289e+01
2.483104598814485442e+01
2.586567290431755950e+01
2.690029982049025747e+01
2.793492673666296255e+01
2.896955365283566408e+01
3.000418056900836916e+01
3.103880748518106714e+01
3.207343440135377222e+01
3.310806131752647019e+01
3.414268823369917527e+01
3.517731514987188035e+01
