0.000000000000000000e+00
3.256358761130331153e-02
6.512717522260662306e-02
9.769076283390994153e-02
1.302543504452132461e-01
1.628179380565165646e-01
1.953815256678198831e-01
2.279451132791232015e-01
2.605087008904239387e-01
2.930722885017272294e-01
3.256358761130305202e-01
3.581994637243338664e-01
3.907630513356371571e-01
4.233266389469405033e-01
4.558902265582437940e-01
4.884538141695470848e-01
5.210174017808504310e-01
5.535809893921537217e-01
5.861445770034570124e-01
6.187081646147604141e-01
6.512717522260637049e-01
6.838353398373669956e-01
7.163989274486702863e-01
7.489625150599710235e-01
7.815261026712743142e-01
8.140896902825776049e-01
8.466532778938810067e-01
8.792168655051842974e-01
9.117804531164875881e-01
9.443440407277908788e-01
9.769076283390941695e-01
1.009471215950397571e+00
1.042034803561700862e+00
1.074598391173004153e+00
1.107161978784307443e+00
1.139725566395610734e+00
1.172289154006914025e+00
1.204852741618217316e+00
1.237416329229518164e+00
1.269979916840821454e+00
1.302543504452124745e+00
1.335107092063428036e+00
1.367670679674731327e+00
1.400234267286034617e+00
1.432797854897338130e+00
1.465361442508641421e+00
1.497925030119944712e+00
1.530488617731248002e+00
1.563052205342551293e+00
1.595615792953854584e+00
1.628179380565157874e+00
1.660742968176458723e+00
1.693306555787764456e+00
1.725870143399065304e+00
1.758433731010368595e+00
1.790997318621671885e+00
1.823560906232975176e+00
1.856124493844278467e+00
1.888688081455581758e+00
1.921251669066885048e+00
1.953815256678188339e+00
1.986378844289491852e+00
2.018942431900795142e+00
2.051506019512098433e+00
2.084069607123401724e+00
2.116633194734705015e+00
2.149196782346005641e+00
2.181760369957308932e+00
2.214323957568612222e+00
2.246887545179915513e+00
2.279451132791218804e+00
2.312014720402522094e+00
2.344578308013825829e+00
2.377141895625129120e+00
2.409705483236432411e+00
2.442269070847735701e+00
2.474832658459038992e+00
2.507396246070342283e+00
2.539959833681645573e+00
2.572523421292948864e+00
2.605087008904252155e+00
2.637650596515552781e+00
2.670214184126856072e+00
2.702777771738159363e+00
2.735341359349462653e+00
2.767904946960765944e+00
2.800468534572069235e+00
2.833032122183372525e+00
2.865595709794676260e+00
2.898159297405979551e+00
2.930722885017282842e+00
2.963286472628586132e+00
2.995850060239889423e+00
3.028413647851192714e+00
3.060977235462493340e+00
3.093540823073799295e+00
3.126104410685099921e+00
3.158667998296403212e+00
3.191231585907706503e+00
3.223795173519009793e+00
3.256358761130313084e+00
3.288922348741616375e+00
3.321485936352919666e+00
3.354049523964222956e+00
3.386613111575526247e+00
3.419176699186829982e+00
3.451740286798133273e+00
3.484303874409436563e+00
3.516867462020739854e+00
3.549431049632040480e+00
3.581994637243346435e+00
3.614558224854647062e+00
3.647121812465950352e+00
3.679685400077253643e+00
3.712248987688556934e+00
3.744812575299860224e+00
3.777376162911163515e+00
3.809939750522466806e+00
3.842503338133770097e+00
3.875066925745073387e+00
3.907630513356376678e+00
3.940194100967680413e+00
3.972757688578983704e+00
4.005321276190286994e+00
4.037884863801587620e+00
4.070448451412893576e+00
4.103012039024194202e+00
4.135575626635497493e+00
4.168139214246800783e+00
4.200702801858104074e+00
4.233266389469407365e+00
4.265829977080710655e+00
4.298393564692013946e+00
4.330957152303317237e+00
4.363520739914620528e+00
4.396084327525923818e+00
4.428647915137227109e+00
4.461211502748530400e+00
4.493775090359833690e+00
4.526338677971134317e+00
4.558902265582440272e+00
4.591465853193740898e+00
4.624029440805044189e+00
4.656593028416347479e+00
4.689156616027651658e+00
4.721720203638954949e+00
4.754283791250258240e+00
4.786847378861561531e+00
4.819410966472864821e+00
4.851974554084168112e+00
4.884538141695471403e+00
4.917101729306774693e+00
4.949665316918075320e+00
4.982228904529381275e+00
5.014792492140681901e+00
5.047356079751987856e+00
5.079919667363288482e+00
5.112483254974591773e+00
5.145046842585895064e+00
5.177610430197198355e+00
5.210174017808501645e+00
5.242737605419804936e+00
5.275301193031108227e+00
5.307864780642411517e+00
5.340428368253714808e+00
5.372991955865018099e+00
5.405555543476321390e+00
5.438119131087622016e+00
5.470682718698927971e+00
5.503246306310228597e+00
5.535809893921534552e+00
5.568373481532835179e+00
5.600937069144138469e+00
5.633500656755441760e+00
5.666064244366745051e+00
5.698627831978048341e+00
5.731191419589352520e+00
5.763755007200655811e+00
5.796318594811959102e+00
5.828882182423262392e+00
5.861445770034563019e+00
5.894009357645868974e+00
5.926572945257169600e+00
5.959136532868475555e+00
5.991700120479776182e+00
6.024263708091082137e+00
6.056827295702382763e+00
6.089390883313686054e+00
6.121954470924989344e+00
6.154518058536292635e+00
6.187081646147595926e+00
6.219645233758899217e+00
6.252208821370202507e+00
6.284772408981505798e+00
6.317335996592809089e+00
6.349899584204109715e+00
6.382463171815415670e+00
6.415026759426716296e+00
6.447590347038022252e+00
6.480153934649322878e+00
6.512717522260628833e+00
6.545281109871929459e+00
6.577844697483235414e+00
6.610408285094536041e+00
6.642971872705836667e+00
6.675535460317142622e+00
6.708099047928448577e+00
6.740662635539749203e+00
6.773226223151050718e+00
6.805789810762356673e+00
6.838353398373657299e+00
6.870916985984963254e+00
6.903480573596263881e+00
6.936044161207569836e+00
6.968607748818870462e+00
7.001171336430176417e+00
7.033734924041477043e+00
7.066298511652782999e+00
7.098862099264083625e+00
7.131425686875384251e+00
7.163989274486690206e+00
7.196552862097996162e+00
7.229116449709296788e+00
7.261680037320597414e+00
7.294243624931903369e+00
7.326807212543203995e+00
7.359370800154509951e+00
7.391934387765810577e+00
7.424497975377116532e+00
7.457061562988417158e+00
7.489625150599723113e+00
7.522188738211023740e+00
7.554752325822329695e+00
7.587315913433630321e+00
7.619879501044930947e+00
7.652443088656236903e+00
7.685006676267542858e+00
7.717570263878843484e+00
7.750133851490144998e+00
7.782697439101450065e+00
7.815261026712751580e+00
7.847824614324057535e+00
7.880388201935358161e+00
7.912951789546664116e+00
7.945515377157964743e+00
7.978078964769270698e+00
8.010642552380570436e+00
8.043206139991877279e+00
8.075769727603177017e+00
8.108333315214478532e+00
8.140896902825783599e+00
8.173460490437090442e+00
8.206024078048390180e+00
8.238587665659691694e+00
8.271151253270996762e+00
8.303714840882298276e+00
8.336278428493603343e+00
8.368842016104904857e+00
8.401405603716211701e+00
8.433969191327511439e+00
8.466532778938812953e+00
8.499096366550118020e+00
8.531659954161424864e+00
8.564223541772724602e+00
8.596787129384026116e+00
8.629350716995331183e+00
8.661914304606638026e+00
8.694477892217937764e+00
8.727041479829239279e+00
8.759605067440544346e+00
8.792168655051845860e+00
8.824732242663150927e+00
8.857295830274452442e+00
8.889859417885757509e+00
8.922423005497059023e+00
8.954986593108358761e+00
8.987550180719665605e+00
9.020113768330970672e+00
9.052677355942272186e+00
9.085240943553571924e+00
9.117804531164878767e+00
9.150368118776183834e+00
9.182931706387485349e+00
9.215495293998785087e+00
9.248058881610091930e+00
9.280622469221391668e+00
9.313186056832698512e+00
9.345749644444000026e+00
9.378313232055305093e+00
9.410876819666606607e+00
9.443440407277906345e+00
9.476003994889213189e+00
9.508567582500518256e+00
9.541131170111819770e+00
9.573694757723119508e+00
9.606258345334426352e+00
9.638821932945731419e+00
9.671385520557032933e+00
9.703949108168332671e+00
9.736512695779639515e+00
9.769076283390939253e+00
9.801639871002246096e+00
9.834203458613545834e+00
9.866767046224852677e+00
9.899330633836152415e+00
9.931894221447453930e+00
9.964457809058758997e+00
9.997021396670065840e+00
1.002958498428136558e+01
1.006214857189266709e+01
1.009471215950397216e+01
1.012727574711527367e+01
1.015983933472657874e+01
1.019240292233788026e+01
1.022496650994918532e+01
1.025753009756048684e+01
1.029009368517179190e+01
1.032265727278309342e+01
1.035522086039439849e+01
1.038778444800570000e+01
1.042034803561700151e+01
1.045291162322830658e+01
1.048547521083961165e+01
1.051803879845091316e+01
1.055060238606221468e+01
1.058316597367351974e+01
1.061572956128482126e+01
1.064829314889612633e+01
1.068085673650742784e+01
1.071342032411873291e+01
1.074598391173003442e+01
1.077854749934133949e+01
1.081111108695264100e+01
1.084367467456394607e+01
1.087623826217524758e+01
1.090880184978654732e+01
1.094136543739785417e+01
1.097392902500915923e+01
1.100649261262046075e+01
1.103905620023176049e+01
1.107161978784306733e+01
1.110418337545436707e+01
1.113674696306567391e+01
1.116931055067697365e+01
1.120187413828828049e+01
1.123443772589958023e+01
1.126700131351088707e+01
1.129956490112218681e+01
1.133212848873349365e+01
1.136469207634479339e+01
1.139725566395609491e+01
1.142981925156739997e+01
1.146238283917870682e+01
1.149494642679000833e+01
1.152751001440130807e+01
1.156007360201261491e+01
1.159263718962391465e+01
1.162520077723522149e+01
1.165776436484652123e+01
1.169032795245782808e+01
1.172289154006912781e+01
1.175545512768042933e+01
1.178801871529173440e+01
1.182058230290304124e+01
1.185314589051434098e+01
1.188570947812564249e+01
1.191827306573694756e+01
1.195083665334825440e+01
1.198340024095955414e+01
1.201596382857085565e+01
1.204852741618216072e+01
1.208109100379346756e+01
1.211365459140476730e+01
1.214621817901606882e+01
1.217878176662737388e+01
1.221134535423867540e+01
1.224390894184997514e+01
1.227647252946128198e+01
1.230903611707258705e+01
1.234159970468388856e+01
1.237416329229518830e+01
1.240672687990649514e+01
1.243929046751780021e+01
1.247185405512910172e+01
1.250441764274040324e+01
1.253698123035170831e+01
1.256954481796301337e+01
1.260210840557431489e+01
1.263467199318561640e+01
1.266723558079692147e+01
1.269979916840822298e+01
1.273236275601952272e+01
1.276492634363082956e+01
1.279748993124213463e+01
1.283005351885343615e+01
1.286261710646473588e+01
1.289518069407604273e+01
1.292774428168734779e+01
1.296030786929864931e+01
1.299287145690994905e+01
1.302543504452125589e+01
1.305799863213256096e+01
1.309056221974386247e+01
1.312312580735516221e+01
1.315568939496646905e+01
1.318825298257776879e+01
1.322081657018907030e+01
1.325338015780037537e+01
1.328594374541168222e+01
1.331850733302298195e+01
1.335107092063428347e+01
1.338363450824558853e+01
1.341619809585689538e+01
1.344876168346819512e+01
1.348132527107949663e+01
1.351388885869080170e+01
1.354645244630210854e+01
1.357901603391340473e+01
1.361157962152470979e+01
1.364414320913601664e+01
1.367670679674731637e+01
1.370927038435861789e+01
1.374183397196992296e+01
1.377439755958122980e+01
1.380696114719252954e+01
1.383952473480383105e+01
1.387208832241513612e+01
1.390465191002644296e+01
1.393721549763774270e+01
1.396977908524904421e+01
1.400234267286034928e+01
1.403490626047165613e+01
1.406746984808295053e+01
1.410003343569425738e+01
1.413259702330556244e+01
1.416516061091686396e+01
1.419772419852816370e+01
1.423028778613947054e+01
1.426285137375077561e+01
1.429541496136207712e+01
1.432797854897337686e+01
1.436054213658468370e+01
1.439310572419598877e+01
1.442566931180729028e+01
1.445823289941859002e+01
1.449079648702989687e+01
1.452336007464120193e+01
1.455592366225249812e+01
1.458848724986380496e+01
1.462105083747511003e+01
1.465361442508641154e+01
1.468617801269771128e+01
1.471874160030901812e+01
1.475130518792032319e+01
1.478386877553162471e+01
1.481643236314292444e+01
1.484899595075423129e+01
1.488155953836553635e+01
1.491412312597683787e+01
1.494668671358813761e+01
1.497925030119944445e+01
1.501181388881074419e+01
1.504437747642204570e+01
1.507694106403335077e+01
1.510950465164465761e+01
1.514206823925595735e+01
1.517463182686725887e+01
1.520719541447856393e+01
1.523975900208987078e+01
1.527232258970117051e+01
1.530488617731247203e+01
1.533744976492377710e+01
1.537001335253508394e+01
1.540257694014638368e+01
1.543514052775768519e+01
1.546770411536899026e+01
1.550026770298029177e+01
1.553283129059159329e+01
1.556539487820289835e+01
1.559795846581420342e+01
1.563052205342550494e+01
1.566308564103680645e+01
1.569564922864811152e+01
1.572821281625941836e+01
1.576077640387071810e+01
1.579333999148201961e+01
1.582590357909332468e+01
1.585846716670463152e+01
1.589103075431593126e+01
1.592359434192723278e+01
1.595615792953853784e+01
1.598872151714983936e+01
1.602128510476114087e+01
1.605384869237244416e+01
1.608641227998375101e+01
1.611897586759505074e+01
1.615153945520635403e+01
1.618410304281765733e+01
1.621666663042896417e+01
1.624923021804026391e+01
1.628179380565156720e+01
1.631435739326287049e+01
1.634692098087417733e+01
1.637948456848547707e+01
1.641204815609678036e+01
1.644461174370808365e+01
1.647717533131938694e+01
1.650973891893068668e+01
1.654230250654199352e+01
1.657486609415329681e+01
1.660742968176460010e+01
1.663999326937589984e+01
1.667255685698720669e+01
1.670512044459850998e+01
1.673768403220981327e+01
1.677024761982111301e+01
1.680281120743241985e+01
1.683537479504372669e+01
1.686793838265502643e+01
1.690050197026632617e+01
1.693306555787763301e+01
1.696562914548893275e+01
1.699819273310023249e+01
1.703075632071153933e+01
1.706331990832284617e+01
1.709588349593414591e+01
1.712844708354544565e+01
1.716101067115675249e+01
1.719357425876805934e+01
1.722613784637935908e+01
1.725870143399065881e+01
1.729126502160196566e+01
1.732382860921327250e+01
1.735639219682457224e+01
1.738895578443587198e+01
1.742151937204717882e+01
1.745408295965847856e+01
1.748664654726978185e+01
1.751921013488108514e+01
1.755177372249239198e+01
1.758433731010369172e+01
1.761690089771499501e+01
1.764946448532629830e+01
1.768202807293760515e+01
1.771459166054890844e+01
1.774715524816020817e+01
1.777971883577151502e+01
1.781228242338281831e+01
1.784484601099412160e+01
1.787740959860542134e+01
1.790997318621672818e+01
1.794253677382802792e+01
1.797510036143932766e+01
1.800766394905063450e+01
1.804022753666194134e+01
1.807279112427324108e+01
1.810535471188454082e+01
1.813791829949584766e+01
1.817048188710715451e+01
1.820304547471845424e+01
1.823560906232975398e+01
1.826817264994106083e+01
1.830073623755236767e+01
1.833329982516366741e+01
1.836586341277496714e+01
1.839842700038627399e+01
1.843099058799757373e+01
1.846355417560887346e+01
1.849611776322018031e+01
1.852868135083148715e+01
1.856124493844278689e+01
1.859380852605408663e+01
1.862637211366539347e+01
1.865893570127670031e+01
1.869149928888800005e+01
1.872406287649930334e+01
1.875662646411060663e+01
1.878919005172191348e+01
1.882175363933320966e+01
1.885431722694451651e+01
1.888688081455581980e+01
1.891944440216712309e+01
1.895200798977842283e+01
1.898457157738972967e+01
1.901713516500103296e+01
1.904969875261233625e+01
1.908226234022363599e+01
1.911482592783494283e+01
1.914738951544624612e+01
1.917995310305754941e+01
1.921251669066884915e+01
1.924508027828015599e+01
1.927764386589145928e+01
1.931020745350275547e+01
1.934277104111406231e+01
1.937533462872536916e+01
1.940789821633666890e+01
1.944046180394796863e+01
1.947302539155927548e+01
1.950558897917058232e+01
1.953815256678188206e+01
1.957071615439318180e+01
1.960327974200448864e+01
1.963584332961579548e+01
1.966840691722709522e+01
1.970097050483839496e+01
1.973353409244970180e+01
1.976609768006100865e+01
1.979866126767230483e+01
1.983122485528360812e+01
1.986378844289491497e+01
1.989635203050621470e+01
1.992891561811751799e+01
1.996147920572882128e+01
1.999404279334012813e+01
2.002660638095142787e+01
2.005916996856273116e+01
2.009173355617403445e+01
2.012429714378534129e+01
2.015686073139664103e+01
2.018942431900794432e+01
2.022198790661924761e+01
2.025455149423055090e+01
2.028711508184185064e+01
2.031967866945315748e+01
2.035224225706446077e+01
2.038480584467576406e+01
2.041736943228706380e+01
2.044993301989837065e+01
2.048249660750967394e+01
2.051506019512097723e+01
2.054762378273227696e+01
2.058018737034358381e+01
2.061275095795488710e+01
2.064531454556619039e+01
2.067787813317749013e+01
2.071044172078879697e+01
2.074300530840009671e+01
2.077556889601139645e+01
2.080813248362270329e+01
2.084069607123401013e+01
2.087325965884530987e+01
2.090582324645660961e+01
2.093838683406791645e+01
2.097095042167922330e+01
2.100351400929052303e+01
2.103607759690182277e+01
2.106864118451312962e+01
2.110120477212443646e+01
2.113376835973573620e+01
2.116633194734703594e+01
2.119889553495834278e+01
2.123145912256964252e+01
2.126402271018094581e+01
2.129658629779224910e+01
2.132914988540355594e+01
2.136171347301485568e+01
2.139427706062615897e+01
2.142684064823746226e+01
2.145940423584876910e+01
2.149196782346006884e+01
2.152453141107137213e+01
2.155709499868267542e+01
2.158965858629398227e+01
2.162222217390528201e+01
2.165478576151658530e+01
2.168734934912788859e+01
2.171991293673919188e+01
2.175247652435049162e+01
2.178504011196179846e+01
2.181760369957310175e+01
2.185016728718440504e+01
2.188273087479570478e+01
2.191529446240701162e+01
2.194785805001831847e+01
2.198042163762961820e+01
2.201298522524091794e+01
2.204554881285222478e+01
2.207811240046353163e+01
2.211067598807483137e+01
2.214323957568613110e+01
2.217580316329743795e+01
2.220836675090873769e+01
2.224093033852003742e+01
2.227349392613134427e+01
2.230605751374265111e+01
2.233862110135395085e+01
2.237118468896525059e+01
2.240374827657655743e+01
2.243631186418786427e+01
2.246887545179916401e+01
2.250143903941046375e+01
2.253400262702177059e+01
2.256656621463307744e+01
2.259912980224437717e+01
2.263169338985567691e+01
2.266425697746698376e+01
2.269682056507828349e+01
2.272938415268958678e+01
2.276194774030089008e+01
2.279451132791219692e+01
2.282707491552349666e+01
2.285963850313479995e+01
2.289220209074610679e+01
2.292476567835741008e+01
2.295732926596871337e+01
2.298989285358001311e+01
2.302245644119131995e+01
2.305502002880262324e+01
2.308758361641392653e+01
2.312014720402522627e+01
2.315271079163653312e+01
2.318527437924783285e+01
2.321783796685913259e+01
2.325040155447043944e+01
2.328296514208174628e+01
2.331552872969304602e+01
2.334809231730434576e+01
2.338065590491564905e+01
2.341321949252695589e+01
2.344578308013825207e+01
2.347834666774955537e+01
2.351091025536086221e+01
2.354347384297216905e+01
2.357603743058346524e+01
2.360860101819476853e+01
2.364116460580607537e+01
2.367372819341738222e+01
2.370629178102867840e+01
2.373885536863998169e+01
2.377141895625128853e+01
2.380398254386259538e+01
2.383654613147389156e+01
2.386910971908519841e+01
2.390167330669650170e+01
2.393423689430779788e+01
2.396680048191910473e+01
2.399936406953041157e+01
2.403192765714171486e+01
2.406449124475301105e+01
2.409705483236431789e+01
2.412961841997562473e+01
2.416218200758692802e+01
2.419474559519822421e+01
2.422730918280953105e+01
2.425987277042083790e+01
2.429243635803214119e+01
2.432499994564343737e+01
2.435756353325474421e+01
2.439012712086605106e+01
2.442269070847734369e+01
2.445525429608865053e+01
2.448781788369995738e+01
2.452038147131126422e+01
2.455294505892255685e+01
2.458550864653386370e+01
2.461807223414517054e+01
2.465063582175647738e+01
2.468319940936777002e+01
2.471576299697907686e+01
2.474832658459038370e+01
2.478089017220167989e+01
2.481345375981298673e+01
2.484601734742429002e+01
2.487858093503559687e+01
2.491114452264689305e+01
2.494370811025819989e+01
2.497627169786950319e+01
2.500883528548081003e+01
2.504139887309210621e+01
2.507396246070341306e+01
2.510652604831471635e+01
2.513908963592602319e+01
2.517165322353731938e+01
2.520421681114862622e+01
2.523678039875992951e+01
2.526934398637122570e+01
2.530190757398253254e+01
2.533447116159383938e+01
2.536703474920514267e+01
2.539959833681643886e+01
2.543216192442774570e+01
2.546472551203905255e+01
2.549728909965035584e+01
2.552985268726165202e+01
2.556241627487295887e+01
2.559497986248426571e+01
2.562754345009556900e+01
2.566010703770686519e+01
2.569267062531817203e+01
2.572523421292947887e+01
2.575779780054077150e+01
2.579036138815207835e+01
2.582292497576338519e+01
2.585548856337469203e+01
2.588805215098598822e+01
2.592061573859729151e+01
2.595317932620859835e+01
2.598574291381990520e+01
2.601830650143120138e+01
2.605087008904250467e+01
2.608343367665381152e+01
2.611599726426511836e+01
2.614856085187641455e+01
2.618112443948771784e+01
2.621368802709902468e+01
2.624625161471032087e+01
2.627881520232162771e+01
2.631137878993293100e+01
2.634394237754423784e+01
2.637650596515553403e+01
2.640906955276684087e+01
2.644163314037814416e+01
2.647419672798945101e+01
2.650676031560074719e+01
2.653932390321205403e+01
2.657188749082335733e+01
2.660445107843466417e+01
2.663701466604596035e+01
2.666957825365726720e+01
2.670214184126857049e+01
2.673470542887986667e+01
2.676726901649117352e+01
2.679983260410248036e+01
2.683239619171378365e+01
2.686495977932507984e+01
2.689752336693638668e+01
2.693008695454769352e+01
2.696265054215899681e+01
2.699521412977029300e+01
2.702777771738159984e+01
2.706034130499290669e+01
2.709290489260420998e+01
2.712546848021550616e+01
2.715803206782681301e+01
2.719059565543811985e+01
2.722315924304941603e+01
2.725572283066071932e+01
2.728828641827202617e+01
2.732085000588333301e+01
2.735341359349462920e+01
2.738597718110593249e+01
2.741854076871723933e+01
2.745110435632854617e+01
2.748366794393984236e+01
2.751623153155114565e+01
2.754879511916245249e+01
2.758135870677375934e+01
2.761392229438505552e+01
2.764648588199635881e+01
2.767904946960766566e+01
2.771161305721896184e+01
2.774417664483026869e+01
2.777674023244157198e+01
2.780930382005287882e+01
2.784186740766417500e+01
2.787443099527548185e+01
2.790699458288678514e+01
2.793955817049809198e+01
2.797212175810938817e+01
2.800468534572069501e+01
2.803724893333199830e+01
2.806981252094330515e+01
2.810237610855460133e+01
2.813493969616590817e+01
2.816750328377721502e+01
2.820006687138850765e+01
2.823263045899981449e+01
2.826519404661112134e+01
2.829775763422242818e+01
2.833032122183372081e+01
2.836288480944502766e+01
2.839544839705633450e+01
2.842801198466764134e+01
2.846057557227893398e+01
2.849313915989024082e+01
2.852570274750154766e+01
2.855826633511285451e+01
2.859082992272414714e+01
2.862339351033545398e+01
2.865595709794676083e+01
2.868852068555805701e+01
2.872108427316936030e+01
2.875364786078066714e+01
2.878621144839197399e+01
2.881877503600327017e+01
2.885133862361457346e+01
2.888390221122588031e+01
2.891646579883718715e+01
2.894902938644848334e+01
2.898159297405978663e+01
2.901415656167109347e+01
2.904672014928240031e+01
2.907928373689369650e+01
2.911184732450500334e+01
2.914441091211630663e+01
2.917697449972760282e+01
2.920953808733890966e+01
2.924210167495021651e+01
2.927466526256151980e+01
2.930722885017281598e+01
2.933979243778412282e+01
2.937235602539542967e+01
2.940491961300673296e+01
2.943748320061802914e+01
2.947004678822933599e+01
2.950261037584064283e+01
2.953517396345193546e+01
2.956773755106324231e+01
2.960030113867454915e+01
2.963286472628585599e+01
2.966542831389714863e+01
2.969799190150845547e+01
2.973055548911976231e+01
2.976311907673106916e+01
2.979568266434236179e+01
2.982824625195366863e+01
2.986080983956497548e+01
2.989337342717628232e+01
2.992593701478757495e+01
2.995850060239888180e+01
2.999106419001018864e+01
3.002362777762148482e+01
3.005619136523279167e+01
3.008875495284409496e+01
3.012131854045540180e+01
3.015388212806669799e+01
3.018644571567800483e+01
3.021900930328930812e+01
3.025157289090061496e+01
3.028413647851191115e+01
3.031670006612321799e+01
3.034926365373452128e+01
3.038182724134582813e+01
3.041439082895712431e+01
3.044695441656843116e+01
3.047951800417973445e+01
3.051208159179103063e+01
3.054464517940233748e+01
3.057720876701364432e+01
3.060977235462494761e+01
3.064233594223624380e+01
3.067489952984755064e+01
3.070746311745885748e+01
3.074002670507016077e+01
3.077259029268145696e+01
3.080515388029276380e+01
3.083771746790407065e+01
3.087028105551537394e+01
3.090284464312667012e+01
3.093540823073797696e+01
3.096797181834928381e+01
3.100053540596057999e+01
3.103309899357188328e+01
3.106566258118319013e+01
3.109822616879449697e+01
3.113078975640579316e+01
3.116335334401709645e+01
3.119591693162840329e+01
3.122848051923971013e+01
3.126104410685100632e+01
3.129360769446230961e+01
3.132617128207361645e+01
3.135873486968492330e+01
3.139129845729621948e+01
3.142386204490752277e+01
3.145642563251882962e+01
3.148898922013012580e+01
3.152155280774143264e+01
3.155411639535273594e+01
3.158667998296404278e+01
3.161924357057533896e+01
3.165180715818664581e+01
3.168437074579794910e+01
3.171693433340925594e+01
3.174949792102055213e+01
3.178206150863185897e+01
3.181462509624316226e+01
3.184718868385446910e+01
3.187975227146576529e+01
3.191231585907707213e+01
3.194487944668837542e+01
3.197744303429967161e+01
3.201000662191097490e+01
3.204257020952228174e+01
3.207513379713358859e+01
3.210769738474488832e+01
3.214026097235619517e+01
3.217282455996749491e+01
3.220538814757880175e+01
3.223795173519010149e+01
3.227051532280140833e+01
3.230307891041270807e+01
3.233564249802401491e+01
3.236820608563531465e+01
3.240076967324662149e+01
3.243333326085792123e+01
3.246589684846922097e+01
3.249846043608052781e+01
3.253102402369183466e+01
