0.000000000000000000e+00
1.848235024757203767e-05
7.395790318584146165e-05
1.664623649490445695e-04
2.960220342417852488e-04
4.626537900317174989e-04
6.663650813032378313e-04
9.071539188761884153e-04
1.185008869293308325e-03
1.499909050780047059e-03
1.851824131279608456e-03
2.240714328566636559e-03
2.666530412441975827e-03
3.129213709010823189e-03
3.628696107046965307e-03
4.164900066444373467e-03
4.737738628757906870e-03
5.347115429835277121e-03
5.992924714539753055e-03
6.675051353566332016e-03
7.393370862350447797e-03
8.147749422069432493e-03
8.938043902738725469e-03
9.764101888399243784e-03
1.062576170439813103e-02
1.152285244676056093e-02
1.245519401365124262e-02
1.342259713892566750e-02
1.442486342776673480e-02
1.546178539440723303e-02
1.653314650193444743e-02
1.763872120417341732e-02
1.877827498964754205e-02
1.995156442761247470e-02
2.115833721615852439e-02
2.239833223237910897e-02
2.367127958460036111e-02
2.497690066666673897e-02
2.631490821427784690e-02
2.768500636337227483e-02
2.908689071055098677e-02
3.052024837553416262e-02
3.198475806564857887e-02
3.348009014233269826e-02
3.500590668965899294e-02
3.656186158486057075e-02
3.814760057085839207e-02
3.976276133077746855e-02
4.140697356444605209e-02
4.307985906686786354e-02
4.478103180865794508e-02
4.651009801843250524e-02
4.826665626714315982e-02
5.005029755434362015e-02
5.186060539638148725e-02
5.369715591649797809e-02
5.555951793683044926e-02
5.744725307230158506e-02
5.935991582638201064e-02
6.129705368871866955e-02
6.325820723460912065e-02
6.524291022631342751e-02
6.725068971618453073e-02
6.928106615160807558e-02
7.133355348173231469e-02
7.340765926597357660e-02
7.550288478428399119e-02
7.761872514916111354e-02
7.975466941938683108e-02
8.191020071547353010e-02
8.408479633680576715e-02
8.627792788045533789e-02
8.848906136165066161e-02
9.071765733588502134e-02
9.296317102264152477e-02
9.522505243071538450e-02
9.750274648511335351e-02
9.979569315550991526e-02
1.021033275862387180e-01
1.044250802277963408e-01
1.067603769698382693e-01
1.091086392756422802e-01
1.114692843180194598e-01
1.138417251166422561e-01
1.162253706767748668e-01
1.186196261293741699e-01
1.210238928725379803e-01
1.234375687142781619e-01
1.258600480165867064e-01
1.282907218407750571e-01
1.307289780940531221e-01
1.331742016773265203e-01
1.356257746341793247e-01
1.380830763010172935e-01
1.405454834583389767e-01
1.430123704831119946e-01
1.454831095022148524e-01
1.479570705469250569e-01
1.504336217084119298e-01
1.529121292942121346e-01
1.553919579856504196e-01
1.578724709961755734e-01
1.603530302305770650e-01
1.628329964450532796e-01
1.653117294080939104e-01
1.677885880621422521e-01
1.702629306860068692e-01
1.727341150579839724e-01
1.752014986196565038e-01
1.776644386403331277e-01
1.801222923820941513e-01
1.825744172654002739e-01
1.850201710352386564e-01
1.874589119277552951e-01
1.898899988373465852e-01
1.923127914841657737e-01
1.947266505820077487e-01
1.971309380065312811e-01
1.995250169637804716e-01
2.019082521589669055e-01
2.042800099654646373e-01
2.066396585939903330e-01
2.089865682619129750e-01
2.113201113626613781e-01
2.136396626351848016e-01
2.159445993334227210e-01
2.182343013957423195e-01
2.205081516143031217e-01
2.227655358043007794e-01
2.250058429730497911e-01
2.272284654888601374e-01
2.294327992496648649e-01
2.316182438513504638e-01
2.337842027557516522e-01
2.359300834582572781e-01
2.380552976549882571e-01
2.401592614095025280e-01
2.422413953189733737e-01
2.443011246798046932e-01
2.463378796526306536e-01
2.483510954266571202e-01
2.503402123832913495e-01
2.523046762590254732e-01
2.542439383075108528e-01
2.561574554607922716e-01
2.580446904896402383e-01
2.599051121629443739e-01
2.617381954061159810e-01
2.635434214584503332e-01
2.653202780294049989e-01
2.670682594537427401e-01
2.687868668454964083e-01
2.704756082506959425e-01
2.721339987988287135e-01
2.737615608529621047e-01
2.753578241585020736e-01
2.769223259905241319e-01
2.784546112996347800e-01
2.799542328563167093e-01
2.814207513937077576e-01
2.828537357487622139e-01
2.842527630017578355e-01
2.856174186140857385e-01
2.869472965642897444e-01
2.882419994822962295e-01
2.895011387817978399e-01
2.907243347907330078e-01
2.919112168798262408e-01
2.930614235891292885e-01
2.941746027525306006e-01
2.952504116201753459e-01
2.962885169787560780e-01
2.972885952696281975e-01
2.982503327047014707e-01
2.991734253800676369e-01
3.000575793873122010e-01
3.009025109224749972e-01
3.017079463926095051e-01
3.024736225198948469e-01
3.031992864432669910e-01
3.038846958175168700e-01
3.045296189098177231e-01
3.051338346936373624e-01
3.056971329399985060e-01
3.062193143060414346e-01
3.067001904208476182e-01
3.071395839684925022e-01
3.075373287682797718e-01
3.078932698521220646e-01
3.082072635390289972e-01
3.084791775066676456e-01
3.087088908599537329e-01
3.088962941966443276e-01
3.090412896698863654e-01
3.091437910476981243e-01
3.092037237693408547e-01
3.092210249985501980e-01
3.091956436735960323e-01
3.091275405541333288e-01
3.090166882648232027e-01
3.088630713356810276e-01
3.086666862391362343e-01
3.084275414237588331e-01
3.081456573446436642e-01
3.078210664904049709e-01
3.074538134067769102e-01
3.070439547167747585e-01
3.065915591374070437e-01
3.060967074929071274e-01
3.055594927244698056e-01
3.049800198964583986e-01
3.043584061990803336e-01
3.036947809474926374e-01
3.029892855773358984e-01
3.022420736366676075e-01
3.014533107742839446e-01
3.006231747244137997e-01
2.997518552877732612e-01
2.988395543089636397e-01
2.978864856502018155e-01
2.968928751613753025e-01
2.958589606464129829e-01
2.947849918259553559e-01
2.936712302963266352e-01
2.925179494847971462e-01
2.913254346011324714e-01
2.900939825854250143e-01
2.888239020522097578e-01
2.875155132308523931e-01
2.861691479022246964e-01
2.847851493316542193e-01
2.833638721981623920e-01
2.819056825199842131e-01
2.804109575763837903e-01
2.788800858257670101e-01
2.773134668200984976e-01
2.757115111156369647e-01
2.740746401799896148e-01
2.724032862955103607e-01
2.706978924590381919e-01
2.689589122780093322e-01
2.671868098629380239e-01
2.653820597163030204e-01
2.635451466178357904e-01
2.616765655062552876e-01
2.597768213574457308e-01
2.578464290591170882e-01
2.558859132819626403e-01
2.538958083473407124e-01
2.518766580915091091e-01
2.498290157264358435e-01
2.477534436972181897e-01
2.456505135361400083e-01
2.435208057133934068e-01
2.413649094845083387e-01
2.391834227345165098e-01
2.369769518188817037e-01
2.347461114012492078e-01
2.324915242880298272e-01
2.302138212598832667e-01
2.279136409001163988e-01
2.255916294200610017e-01
2.232484404814601975e-01
2.208847350159123812e-01
2.185011810414219657e-01
2.160984534760969911e-01
2.136772339490545236e-01
2.112382106085674838e-01
2.087820779275190441e-01
2.063095365062052045e-01
2.038212928725532669e-01
2.013180592797902957e-01
1.988005535016435787e-01
1.962694986251027340e-01
1.937256228408281433e-01
1.911696592312429610e-01
1.886023455563863027e-01
1.860244240375795444e-01
1.834366411389722895e-01
1.808397473470297057e-01
1.782344969480320063e-01
1.756216478036458362e-01
1.730019611246383648e-01
1.703762012427997852e-01
1.677451353811473256e-01
1.651095334224814970e-01
1.624701676763533331e-01
1.598278126445395741e-01
1.571832447850683989e-01
1.545372422748985675e-01
1.518905847713039325e-01
1.492440531720540531e-01
1.465984293744612699e-01
1.439544960333704327e-01
1.413130363181713534e-01
1.386748336689148098e-01
1.360406715516082332e-01
1.334113332127729590e-01
1.307876014333404779e-01
1.281702582819783387e-01
1.255600848679174486e-01
1.229578610933671490e-01
1.203643654056062301e-01
1.177803745488250481e-01
1.152066633158107534e-01
1.126440042995547758e-01
1.100931676448702184e-01
1.075549208001072427e-01
1.050300282690468240e-01
1.025192513630603514e-01
1.000233479536286746e-01
9.754307222529723376e-02
9.507917442916051509e-02
9.263240063696231985e-02
9.020349249589708351e-02
8.779318698420279787e-02
8.540221616763105095e-02
8.303130695688168417e-02
8.068118086609141204e-02
7.835255377246462538e-02
7.604613567713022770e-02
7.376263046731612594e-02
7.150273567992825041e-02
6.926714226661964680e-02
6.705653436043725046e-02
6.487158904413549421e-02
6.271297612024202828e-02
6.058135788295892360e-02
5.847738889199306095e-02
5.640171574839179108e-02
5.435497687247874826e-02
5.233780228396564538e-02
5.035081338433357312e-02
4.839462274155854893e-02
4.646983387727327691e-02
4.457704105644057918e-02
4.271682907962513071e-02
4.088977307794602889e-02
3.909643831078458975e-02
3.733737996633419709e-02
3.561314296506939286e-02
3.392426176621183426e-02
3.227126017726991009e-02
3.065465116673340984e-02
2.907493667999252671e-02
2.753260745856371539e-02
2.602814286268798419e-02
2.456201069738409015e-02
2.313466704201890337e-02
2.174655608347528593e-02
2.039810995297802049e-02
1.908974856665503206e-02
1.782187946989535060e-02
1.659489768557287012e-02
1.540918556619963985e-02
1.426511265007380895e-02
1.316303552148454306e-02
1.210329767503231894e-02
1.108622938412982123e-02
1.011214757373528512e-02
9.181355697381467229e-03
8.294143618550825492e-03
7.450787496453868848e-03
6.651549676263156241e-03
5.896678583851612705e-03
5.186408625086979564e-03
4.520960089729680366e-03
3.900539059980075336e-03
3.325337323719371012e-03
2.795532292487876245e-03
2.311286924241413940e-03
1.872749650926179652e-03
1.480054310908577924e-03
1.133320086296966695e-03
8.326514451900960583e-04
5.781380888837570845e-04
3.698549040666648737e-04
2.078619200349371724e-04
9.220427095168596046e-05
2.291216317700845543e-05
8.476916994965917552e-10
2.347059763619257941e-05
9.330669098395933151e-05
2.094793983670662678e-04
3.719439760695561936e-04
5.806406642020466588e-04
8.354946900695262545e-04
1.136416276741817732e-03
1.483300656834774184e-03
1.876028091507480266e-03
2.314463894679314685e-03
2.798458462469185538e-03
3.327847307855605688e-03
3.902451100556007888e-03
4.522075712120777677e-03
5.186512266235654076e-03
5.895537194224298276e-03
6.648912295739060722e-03
7.446384804630301092e-03
8.287687459977191931e-03
9.172538582264945506e-03
1.010064215468787184e-02
1.107168790956072554e-02
1.208535141981348024e-02
1.314129419554476569e-02
1.423916378560741158e-02
1.537859388419984472e-02
1.655920444242845943e-02
1.778060178481013706e-02
1.904237873068168399e-02
2.034411472047845462e-02
2.168537594684023101e-02
2.306571549050981731e-02
2.448467346097605440e-02
2.594177714182174799e-02
2.743654114072518330e-02
2.896846754406950594e-02
3.053704607611112953e-02
3.214175426265260954e-02
3.378205759916510370e-02
3.545740972330795049e-02
3.716725259178726981e-02
3.891101666149063970e-02
4.068812107483953805e-02
4.249797384929758504e-02
4.433997207096777166e-02
4.621350209221303934e-02
4.811793973323089113e-02
5.005265048751641327e-02
5.201698973113823288e-02
5.401030293575505292e-02
5.603192588530084284e-02
5.808118489625901937e-02
6.015739704145409844e-02
6.225987037727202106e-02
6.438790417423732870e-02
6.654078915086551749e-02
6.871780771069814497e-02
7.091823418244577737e-02
7.314133506314772493e-02
7.538636926426606211e-02
7.765258836061565695e-02
7.993923684205257729e-02
8.224555236782067624e-02
8.457076602347268768e-02
8.691410258026208147e-02
8.927478075691933079e-02
9.165201348371769530e-02
9.404500816872914115e-02
9.645296696616999232e-02
9.887508704674481674e-02
1.013105608698917220e-01
1.037585764578144581e-01
1.062183176712187677e-01
1.086889644866391724e-01
1.111696932752613415e-01
1.136596770831317382e-01
1.161580859126555704e-01
1.186640870052766278e-01
1.211768451252354106e-01
1.236955228443014088e-01
1.262192808273705225e-01
1.287472781188278848e-01
1.312786724295635643e-01
1.338126204245387585e-01
1.363482780107945491e-01
1.388848006257961676e-01
1.414213435260048002e-01
1.439570620755701857e-01
1.464911120350387563e-01
1.490226498499650498e-01
1.515508329393229769e-01
1.540748199836106669e-01
1.565937712125330672e-01
1.591068486921680403e-01
1.616132166114991886e-01
1.641120415682074396e-01
1.666024928536273542e-01
1.690837427367476997e-01
1.715549667471558959e-01
1.740153439568242755e-01
1.764640572606302471e-01
1.789002936555026124e-01
1.813232445180950336e-01
1.837321058808814300e-01
1.861260787065726063e-01
1.885043691607466987e-01
1.908661888825943787e-01
1.932107552536860284e-01
1.955372916646455350e-01
1.978450277796480472e-01
2.001331997986280642e-01
2.024010507171171702e-01
2.046478305835994493e-01
2.068727967542990376e-01
2.090752141453041946e-01
2.112543554819314440e-01
2.134095015452431021e-01
2.155399414156179416e-01
2.176449727132998557e-01
2.197239018358221885e-01
2.217760441922266568e-01
2.238007244339951796e-01
2.257972766825986077e-01
2.277650447535927436e-01
2.297033823771708894e-01
2.316116534150931272e-01
2.334892320739210547e-01
2.353355031144691578e-01
2.371498620574087612e-01
2.389317153849401798e-01
2.406804807384702871e-01
2.423955871122160100e-01
2.440764750426670515e-01
2.457225967938468369e-01
2.473334165382936323e-01
2.489084105337100450e-01
2.504470672952071042e-01
2.519488877630928769e-01
2.534133854661421714e-01
2.548400866802854048e-01
2.562285305826708104e-01
2.575782694010416707e-01
2.588888685583770055e-01
2.601599068127483094e-01
2.613909763923435436e-01
2.625816831256145845e-01
2.637316465665016096e-01
2.648405001146939552e-01
2.659078911308936366e-01
2.669334810470331831e-01
2.679169454714218634e-01
2.688579742887799440e-01
2.697562717551376665e-01
2.706115565875603646e-01
2.714235620486781242e-01
2.721920360259950100e-01
2.729167411059513215e-01
2.735974546427210607e-01
2.742339688217234062e-01
2.748260907178354251e-01
2.753736423482821549e-01
2.758764607202071617e-01
2.763343978728920458e-01
2.767473209146394386e-01
2.771151120542922341e-01
2.774376686274032666e-01
2.777149031170350613e-01
2.779467431692084212e-01
2.781331316029876932e-01
2.782740264152118725e-01
2.783694007798803716e-01
2.784192430421995046e-01
2.784235567072965711e-01
2.783823604236226323e-01
2.782956879610511969e-01
2.781635881836891921e-01
2.779861250174292531e-01
2.777633774122469368e-01
2.774954392992817764e-01
2.771824195427178283e-01
2.768244418864893586e-01
2.764216448958502492e-01
2.759741818938252211e-01
2.754822208925821747e-01
2.749459445197592333e-01
2.743655499397851250e-01
2.737412487702222119e-01
2.730732669931844048e-01
2.723618448618606580e-01
2.716072368021977823e-01
2.708097113097760467e-01
2.699695508419381884e-01
2.690870517052101341e-01
2.681625239380690529e-01
2.671962911891089809e-01
2.661886905906605261e-01
2.651400726279164455e-01
2.640508010036241027e-01
2.629212524984006483e-01
2.617518168267335410e-01
2.605428964887251397e-01
2.592949066176469808e-01
2.580082748233714085e-01
2.566834410317364590e-01
2.553208573199257647e-01
2.539209877479198796e-01
2.524843081860941862e-01
2.510113061390413791e-01
2.495024805656761990e-01
2.479583416957102937e-01
2.463794108425679530e-01
2.447662202128147446e-01
2.431193127121846209e-01
2.414392417482738862e-01
2.397265710299910368e-01
2.379818743638426881e-01
2.362057354471242820e-01
2.343987476581166629e-01
2.325615138433568263e-01
2.306946461020787376e-01
2.287987655678975218e-01
2.268745021878311730e-01
2.249224944987504582e-01
2.229433894013265471e-01
2.209378419315869146e-01
2.189065150301478246e-01
2.168500793092342782e-01
2.147692128175510695e-01
2.126646008031164714e-01
2.105369354741448706e-01
2.083869157580615916e-01
2.062152470587453323e-01
2.040226410120992429e-01
2.018098152400260303e-01
1.995774931029179189e-01
1.973264034507359321e-01
1.950572803727879667e-01
1.927708629462899781e-01
1.904678949838038982e-01
1.881491247796475141e-01
1.858153048553692344e-01
1.834671917043850242e-01
1.811055455358610844e-01
1.787311300179469375e-01
1.763447120204449936e-01
1.739470613570124335e-01
1.715389505269881154e-01
1.691211544569346525e-01
1.666944502419966390e-01
1.642596168871529594e-01
1.618174350484704593e-01
1.593686867744372460e-01
1.569141552474797030e-01
1.544546245257409633e-01
1.519908792852187329e-01
1.495237045623529493e-01
1.470538854971505660e-01
1.445822070769318124e-01
1.421094538807920749e-01
1.396364098248683017e-01
1.371638579084887288e-01
1.346925799612973818e-01
1.322233563914402832e-01
1.297569659348924986e-01
1.272941854060183065e-01
1.248357894494320636e-01
1.223825502932642389e-01
1.199352375038938018e-01
1.174946177422397930e-01
1.150614545216807894e-01
1.126365079676942271e-01
1.102205345792844071e-01
1.078142869922739111e-01
1.054185137445395049e-01
1.030339590432677727e-01
1.006613625342963336e-01
9.830145907362011770e-02
9.595497850112974514e-02
9.362264541665805961e-02
9.130517895839256048e-02
8.900329258373393393e-02
8.671769385265638841e-02
8.444908421364580309e-02
8.219815879226657906e-02
7.996560618243411800e-02
7.775210824044127833e-02
7.555833988181095973e-02
7.338496888102100102e-02
7.123265567417115529e-02
6.910205316464053393e-02
6.699380653179284884e-02
6.490855304277905191e-02
6.284692186749903098e-02
6.080953389676267001e-02
5.879700156370339104e-02
5.680992866849270823e-02
5.484891020640304815e-02
5.291453219926051804e-02
5.100737153033360616e-02
4.912799578269751166e-02
4.727696308111867946e-02
4.545482193749492139e-02
4.366211109988914901e-02
4.189935940519488866e-02
4.016708563546645544e-02
3.846579837794771028e-02
3.679599588882929290e-02
3.515816596076810213e-02
3.355278579419502388e-02
3.198032187243698976e-02
3.044122984068239890e-02
2.893595438881105958e-02
2.746492913811390824e-02
2.602857653192147680e-02
2.462730773015974622e-02
2.326152250785697498e-02
2.193160915761237922e-02
2.063794439604340475e-02
1.938089327422801503e-02
1.816080909215030820e-02
1.697803331716320543e-02
1.583289550647555208e-02
1.472571323367210042e-02
1.365679201927435561e-02
1.262642526534431264e-02
1.163489419413550781e-02
1.068246779079578754e-02
9.769402750119404039e-03
8.895943427348666777e-03
8.062321793023677005e-03
7.268757391875512765e-03
6.515457305759819046e-03
5.802616120620645440e-03
5.130415897481965630e-03
4.499026147453966291e-03
3.908603810745678135e-03
3.359293239670366193e-03
2.851226185634519149e-03
2.384521790091817615e-03
1.959286579449650775e-03
1.575614463909491472e-03
1.233586740225280434e-03
9.332720983583050805e-04
6.747266320097633756e-04
4.579938530081235719e-04
2.831047095306049024e-04
1.500776081320320430e-04
5.891843955823854948e-05
9.620608316634525026e-06
2.165065977298725189e-06
3.652034817565295730e-05
1.126426152876055029e-04
2.304756967467440994e-04
3.899511389716286730e-04
5.909882568711033544e-04
8.334941888941678305e-04
1.117363955589104280e-03
1.442480521637573739e-03
1.808714861326429129e-03
2.215926027421027695e-03
2.663961223399873100e-03
3.152655879014252312e-03
3.681833729130769024e-03
4.251306895818218051e-03
4.860875973633899810e-03
5.510330118071578472e-03
6.199447137124640059e-03
6.927993585922817554e-03
7.695724864395245626e-03
8.502385317918127045e-03
9.347708340900640761e-03
1.023141648325773256e-02
1.115322155973051156e-02
1.211282476200021413e-02
1.310991677355189539e-02
1.414417788723390350e-02
1.521527812546906097e-02
1.632287736306478262e-02
1.746662545257295432e-02
1.864616235214622969e-02
1.986111825584174068e-02
2.111111372632324540e-02
2.239575982990057307e-02
2.371465827386394845e-02
2.506740154605404183e-02
2.645357305661759709e-02
2.787274728189166606e-02
2.932448991036599312e-02
3.080835799066859726e-02
3.232390008151961314e-02
3.387065640359658569e-02
3.544815899326073799e-02
3.705593185808665063e-02
3.869349113414100039e-02
4.036034524495139136e-02
4.205599506211590843e-02
4.377993406749508543e-02
4.553164851692584336e-02
4.731061760540954120e-02
4.911631363371413844e-02
5.094820217633539566e-02
5.280574225075590489e-02
5.468838648795854018e-02
5.659558130412459254e-02
5.852676707347256868e-02
6.048137830216781391e-02
6.245884380326546109e-02
6.445858687261324382e-02
6.648002546567398363e-02
6.852257237519564226e-02
7.058563540969163552e-02
7.266861757266585009e-02
7.477091724252284133e-02
7.689192835312440300e-02
7.903104057492107981e-02
8.118763949661764179e-02
8.336110680730694777e-02
8.555082047902691500e-02
8.775615494968425079e-02
8.997648130629243290e-02
9.221116746846659551e-02
9.445957837212955177e-02
9.672107615336993092e-02
9.899502033241121268e-02
1.012807679976209657e-01
1.035776739895290927e-01
1.058850910847958654e-01
1.082023701800731430e-01
1.105288604757187348e-01
1.128639096593097163e-01
1.152068640889067908e-01
1.175570689760154497e-01
1.199138685682040600e-01
1.222766063313235479e-01
1.246446251312902653e-01
1.270172674153693948e-01
1.293938753929309016e-01
1.317737912156162483e-01
1.341563571568878954e-01
1.365409157908883397e-01
1.389268101705985470e-01
1.413133840052271939e-01
1.436999818367949433e-01
1.460859492158691764e-01
1.484706328764158478e-01
1.508533809097124256e-01
1.532335429372866653e-01
1.556104702828477460e-01
1.579835161431552837e-01
1.603520357578029076e-01
1.627153865778611930e-01
1.650729284333542768e-01
1.674240236995245823e-01
1.697680374618555921e-01
1.721043376798052915e-01
1.744322953492254413e-01
1.767512846634280432e-01
1.790606831728564774e-01
1.813598719433389683e-01
1.836482357128818577e-01
1.859251630469787586e-01
1.881900464923878247e-01
1.904422827293646980e-01
1.926812727223047306e-01
1.949064218687751870e-01
1.971171401468949369e-01
1.993128422610469241e-01
2.014929477858827533e-01
2.036568813086022389e-01
2.058040725694654793e-01
2.079339566005300177e-01
2.100459738625722605e-01
2.121395703801722266e-01
2.142141978749362574e-01
2.162693138968412032e-01
2.183043819536622243e-01
2.203188716384712198e-01
2.223122587551830398e-01
2.242840254421243074e-01
2.262336602936093621e-01
2.281606584794908799e-01
2.300645218626835298e-01
2.319447591146245324e-01
2.338008858286662051e-01
2.356324246313661608e-01
2.374389052916797416e-01
2.392198648280169926e-01
2.409748476131615968e-01
2.427034054770290106e-01
2.444050978072530300e-01
2.460794916475871896e-01
2.477261617941006744e-01
2.493446908891626124e-01
2.509346695131990379e-01
2.524956962742134214e-01
2.540273778950524197e-01
2.555293292984163189e-01
2.570011736895924659e-01
2.584425426369148515e-01
2.598530761499284747e-01
2.612324227552537681e-01
2.625802395701538061e-01
2.638961923737759840e-01
2.651799556760829901e-01
2.664312127844477018e-01
2.676496558679239413e-01
2.688349860191716623e-01
2.699869133140442856e-01
2.711051568688241931e-01
2.721894448951128198e-01
2.732395147523595802e-01
2.742551129980416724e-01
2.752359954354784977e-01
2.761819271592891867e-01
2.770926825984845188e-01
2.779680455571997277e-01
2.788078092530648089e-01
2.796117763532046108e-01
2.803797590078876412e-01
2.811115788818059902e-01
2.818070671830015250e-01
2.824660646894289751e-01
2.830884217731693409e-01
2.836739984222907407e-01
2.842226642603607467e-01
2.847342985636136525e-01
2.852087902757775018e-01
2.856460380205688709e-01
2.860459501118564618e-01
2.864084445614964447e-01
2.867334490848544859e-01
2.870209011040135705e-01
2.872707477486769467e-01
2.874829458547713545e-01
2.876574619607628058e-01
2.877942723016873594e-01
2.878933628009082146e-01
2.879547290596103926e-01
2.879783763440328936e-01
2.879643195704604808e-01
2.879125832879753100e-01
2.878232016589826747e-01
2.876962184375185805e-01
2.875316869453561353e-01
2.873296700459134767e-01
2.870902401159832751e-01
2.868134790152883085e-01
2.864994780538807628e-01
2.861483379573964703e-01
2.857601688301747433e-01
2.853350901162585163e-01
2.848732305582915569e-01
2.843747281543206884e-01
2.838397301125221150e-01
2.832683928038606802e-01
2.826608817127074236e-01
2.820173713854155495e-01
2.813380453768857259e-01
2.806230961951216574e-01
2.798727252438060198e-01
2.790871427629009749e-01
2.782665677672966908e-01
2.774112279835237449e-01
2.765213597845436189e-01
2.755972081226383263e-01
2.746390264604114395e-01
2.736470766999284931e-01
2.726216291099995970e-01
2.715629622516386177e-01
2.704713629017048149e-01
2.693471259747546864e-01
2.681905544431170685e-01
2.670019592552138055e-01
2.657816592521456411e-01
2.645299810825631481e-01
2.632472591158381281e-01
2.619338353535632935e-01
2.605900593393974951e-01
2.592162880672743142e-01
2.578128858879981111e-01
2.563802244142478481e-01
2.549186824240127214e-01
2.534286457624746469e-01
2.519105072423673541e-01
2.503646665428246321e-01
2.487915301067535057e-01
2.471915110367401691e-01
2.455650289895180971e-01
2.439125100690267556e-01
2.422343867180716537e-01
2.405310976086182939e-01
2.388030875307393941e-01
2.370508072802423039e-01
2.352747135449965166e-01
2.334752687899867285e-01
2.316529411411148431e-01
2.298082042677807857e-01
2.279415372642569493e-01
2.260534245298892742e-01
2.241443556481426125e-01
2.222148252645270439e-01
2.202653329634159940e-01
2.182963831437886304e-01
2.163084848939282601e-01
2.143021518650881641e-01
2.122779021441646985e-01
2.102362581253905405e-01
2.081777463810920437e-01
2.061028975315160605e-01
2.040122461137695853e-01
2.019063304498870948e-01
1.997856925140649997e-01
1.976508777990765298e-01
1.955024351819028283e-01
1.933409167886051550e-01
1.911668778584677264e-01
1.889808766074340118e-01
1.867834740908652924e-01
1.845752340656584001e-01
