0.000000000000000000e+00
9.567948242262301894e-01
1.913589648452460379e+00
2.870384472678690457e+00
3.827179296904920758e+00
4.783974121131151058e+00
5.740768945357380915e+00
6.697563769583611659e+00
7.654358593809844180e+00
8.611153418036076701e+00
9.567948242262303893e+00
1.052474306648853641e+01
1.148153789071476538e+01
1.243833271494099790e+01
1.339512753916722509e+01
1.435192236339345762e+01
1.530871718761968481e+01
1.626551201184591733e+01
1.722230683607214630e+01
1.817910166029837882e+01
1.913589648452460779e+01
2.009269130875084031e+01
2.104948613297706572e+01
2.200628095720329824e+01
2.296307578142952721e+01
2.391987060565575618e+01
2.487666542988198870e+01
2.583346025410822122e+01
2.679025507833444664e+01
2.774704990256067916e+01
2.870384472678691168e+01
2.966063955101314420e+01
3.061743437523936606e+01
3.157422919946559858e+01
3.253102402369183466e+01
