1.569206978189512103e-03
5.056526447205224664e-03
1.092194395855987030e-02
1.174686842298869500e-02
1.707449944525794502e-02
1.772035600668018032e-02
1.786387592006472708e-02
1.406946445660395978e-02
1.915526618570468145e-02
1.238230179843759216e-02
3.775489419602092583e-03
2.156052531403756817e-03
8.848354476340501013e-03
1.271646276428434370e-02
1.439304920237730913e-02
1.500060001980045056e-02
2.336946550717270907e-02
2.742405254536973633e-02
2.307728957778557022e-02
2.350573928917519886e-02
1.628085415470661643e-02
1.034739855827213062e-02
2.503575005131692018e-03
2.067407573136806950e-03
6.514862339189741135e-03
1.135710783578981059e-02
1.124449275467823313e-02
1.192999595091230949e-02
1.600894502489278934e-02
1.810882853476295309e-02
8.451583934694549549e-03
1.301376919637300261e-02
6.871079368172182400e-03
3.294170310406909288e-03
1.994176011134923343e-04
