0.000000000000000000e+00
1.054133121199183121e+00
2.108266242398366241e+00
3.162399363597549584e+00
4.216532484796734259e+00
5.270665605995914049e+00
6.324798727195097392e+00
7.378931848394280735e+00
8.433064969593463189e+00
9.487198090792647420e+00
1.054133121199182987e+01
1.159546433319101233e+01
1.264959745439019656e+01
1.370373057558937724e+01
1.475786369678856325e+01
1.581199681798774392e+01
1.686612993918692993e+01
1.792026306038611594e+01
1.897439618158530195e+01
2.002852930278448085e+01
2.108266242398366686e+01
2.213679554518284931e+01
2.319092866638203532e+01
2.424506178758121422e+01
2.529919490878040023e+01
2.635332802997958268e+01
2.740746115117876869e+01
2.846159427237794759e+01
2.951572739357713360e+01
3.056986051477631250e+01
3.162399363597549851e+01
3.267812675717468096e+01
3.373225987837386697e+01
3.478639299957304587e+01
3.584052612077223188e+01
