0.000000000000000000e+00
1.445934108913736594e-05
5.779712584608199117e-05
1.299463832812165580e-04
2.308313463597908097e-04
3.603674809603611110e-04
5.184615171955481161e-04
7.050114830856036002e-04
9.199067405750877566e-04
1.163028023882369585e-03
1.434247480170972033e-03
1.733428712532609703e-03
2.060426825269327886e-03
2.415088471463828611e-03
2.797251902825329851e-03
3.206747021798656439e-03
3.643395435922971992e-03
4.107010514427532170e-03
4.597397447050227161e-03
5.114353305064281430e-03
5.657667104500304148e-03
6.227119871546105828e-03
6.822484710111105521e-03
7.443526871539039511e-03
8.090003826452581842e-03
8.761665338712495629e-03
9.458253541477921328e-03
1.017950301534487588e-02
1.092514086855143896e-02
1.169488681922672448e-02
1.248845327966850195e-02
1.330554544262821208e-02
1.414586136958637282e-02
1.500909208099709263e-02
1.589492164848340175e-02
1.680302728896007972e-02
1.773307946066821419e-02
1.868474196109477445e-02
1.965767202676014028e-02
2.065152043484883015e-02
2.166593160666329190e-02
2.270054371287576894e-02
2.375498878055886526e-02
2.482889280196542633e-02
2.592187584504151293e-02
2.703355216564089225e-02
2.816353032142199231e-02
2.931141328739960208e-02
3.047679857312555335e-02
3.165927834147455600e-02
3.285843952900819459e-02
3.407386396788875810e-02
3.530512850931931401e-02
3.655180514848002660e-02
3.781346115093407040e-02
3.908965918047345445e-02
4.037995742838006163e-02
4.168390974406857574e-02
4.300106576708418588e-02
4.433097106042527269e-02
4.567316724516039955e-02
4.702719213631094408e-02
4.839257987996357924e-02
4.976886109158961541e-02
5.115556299552989628e-02
5.255220956562091372e-02
5.395832166692623305e-02
5.537341719854001199e-02
5.679701123743136071e-02
5.822861618329383537e-02
5.966774190436842373e-02
6.111389588420289981e-02
6.256658336931542053e-02
6.402530751772544937e-02
6.548956954831706978e-02
6.695886889099898764e-02
6.843270333762421775e-02
6.991056919363568267e-02
7.139196143039444609e-02
7.287637383816150671e-02
7.436329917968853565e-02
7.585222934438264064e-02
7.734265550300623016e-02
7.883406826287439606e-02
8.032595782350814007e-02
8.181781413270471093e-02
8.330912704298895632e-02
8.479938646839872696e-02
8.628808254157034618e-02
8.777470577107883420e-02
8.925874719899665188e-02
9.073969855862176748e-02
9.221705243234216975e-02
9.369030240959053124e-02
9.515894324484359956e-02
9.662247101563230245e-02
9.808038328050888710e-02
9.953217923693832847e-02
1.009773598790631999e-01
1.024154281553026902e-01
1.038458891257380001e-01
1.052682501192456349e-01
1.066820208903282718e-01
1.080867137756005292e-01
1.094818438498888213e-01
1.108669290818941749e-01
1.122414904893770105e-01
1.136050522938155116e-01
1.149571420744972539e-01
1.162972909219887885e-01
1.176250335909519024e-01
1.189399086522426041e-01
1.202414586442632077e-01
1.215292302235116140e-01
1.228027743142834360e-01
1.240616462574820750e-01
1.253054059584888802e-01
1.265336180340489447e-01
1.277458519581193552e-01
1.289416822066450918e-01
1.301206884012016674e-01
1.312824554514708530e-01
1.324265736964929663e-01
1.335526390446551137e-01
1.346602531123645974e-01
1.357490233613638242e-01
1.368185632346403668e-01
1.378684922908808008e-01
1.388984363374309028e-01
1.399080275617038127e-01
1.408969046610034637e-01
1.418647129707043264e-01
1.428111045907528853e-01
1.437357385104362228e-01
1.446382807313778274e-01
1.455184043887120249e-01
1.463757898703963722e-01
1.472101249346091656e-01
1.480211048251959538e-01
1.488084323851178448e-01
1.495718181678526992e-01
1.503109805467133797e-01
1.510256458220357589e-01
1.517155483261903581e-01
1.523804305263824210e-01
1.530200431251907134e-01
1.536341451588087992e-01
1.542225040929418589e-01
1.547848959163255766e-01
1.553211052318158314e-01
1.558309253450224918e-01
1.563141583504328580e-01
1.567706152150007692e-01
1.572001158591487258e-01
1.576024892351581552e-01
1.579775734028967538e-01
1.583252156028619184e-01
1.586452723264868692e-01
1.589376093836891990e-01
1.592021019676159443e-01
1.594386347165592799e-01
1.596471017730005659e-01
1.598274068397601833e-01
1.599794632332103284e-01
1.601031939335290089e-01
1.601985316319566865e-01
1.602654187750326142e-01
1.603038076057778649e-01
1.603136602017951329e-01
1.602949485102652394e-01
1.602476543798052599e-01
1.601717695891693161e-01
1.600672958727640260e-01
1.599342449429536073e-01
1.597726385091405021e-01
1.595825082935829475e-01
1.593638960439476004e-01
1.591168535425643293e-01
1.588414426123696266e-01
1.585377351195171869e-01
1.582058129726461038e-01
1.578457681187799277e-01
1.574577025358535054e-01
1.570417282218437571e-01
1.565979671805002860e-01
1.561265514036585256e-01
1.556276228501269343e-01
1.551013334211412686e-01
1.545478449323746672e-01
1.539673290824992713e-01
1.533599674182907768e-01
1.527259512962763632e-01
1.520654818409164777e-01
1.513787698993256936e-01
1.506660359925236226e-01
1.499275102632254275e-01
1.491634324201636941e-01
1.483740516789569253e-01
1.475596266995145567e-01
1.467204255199969221e-01
1.458567254873293084e-01
1.449688131842810923e-01
1.440569843531190608e-01
1.431215438158441877e-01
1.421628053910280742e-01
1.411810918072571586e-01
1.401767346132022918e-01
1.391500740843316652e-01
1.381014591262794966e-01
1.370312471748936500e-01
1.359398040929809537e-01
1.348275040637720024e-01
1.336947294811248743e-01
1.325418708364982101e-01
1.313693266027160522e-01
1.301775031145477601e-01
1.289668144461383059e-01
1.277376822853127369e-01
1.264905358047903328e-01
1.252258115303348796e-01
1.239439532058817517e-01
1.226454116556734975e-01
1.213306446434358477e-01
1.200001167286407489e-01
1.186542991198896585e-01
1.172936695254571532e-01
1.159187120010399807e-01
1.145299167947510105e-01
1.131277801894039897e-01
1.117128043421366929e-01
1.102854971214127927e-01
1.088463719414603098e-01
1.073959475941857894e-01
1.059347480786212298e-01
1.044633024279575800e-01
1.029821445342063296e-01
1.014918129705600358e-01
9.999285081149206222e-02
9.848580545066346059e-02
9.697122841668574800e-02
9.544967518680713692e-02
9.392170499857406540e-02
9.238788065953688899e-02
9.084876835505494019e-02
8.930493745426951180e-02
8.775696031430760269e-02
8.620541208278104106e-02
8.465087049864608582e-02
8.309391569149719714e-02
8.153512997935521978e-02
7.997509766502432227e-02
7.841440483108789994e-02
7.685363913361195620e-02
7.529338959463006964e-02
7.373424639348369336e-02
7.217680065708705073e-02
7.062164424919853412e-02
6.906936955876546991e-02
6.752056928742504460e-02
6.597583623623463900e-02
6.443576309170920280e-02
6.290094221124610530e-02
6.137196540801238137e-02
5.984942373537598809e-02
5.833390727096340878e-02
5.682600490041607444e-02
5.532630410093707790e-02
5.383539072469931130e-02
5.235384878220468441e-02
5.088226022567268747e-02
4.942120473254026786e-02
4.797125948915939575e-02
4.653299897477151947e-02
4.510699474584570212e-02
4.369381522086119435e-02
4.229402546562207460e-02
4.090818697918190139e-02
3.953685748047175430e-02
3.818059069570495928e-02
3.683993614665332511e-02
3.551543893987017808e-02
3.420763955695269032e-02
3.291707364591975327e-02
3.164427181379751014e-02
3.038975942048980500e-02
2.915405637402177647e-02
2.793767692723819404e-02
2.674112947604139964e-02
2.556491635924996661e-02
2.440953366016391374e-02
2.327547100991521345e-02
2.216321139268950802e-02
2.107323095289825518e-02
2.000599880438216210e-02
1.896197684172973297e-02
1.794161955378665435e-02
1.694537383944003453e-02
1.597367882575186082e-02
1.502696568852485495e-02
1.410565747537434120e-02
1.321016893138498086e-02
1.234090632742773641e-02
1.149826729121340534e-02
1.068264064115546398e-02
9.894406223117426999e-03
9.133934750116630072e-03
8.401587645055679301e-03
7.697716886554135073e-03
7.022664857947254549e-03
6.376764199523594738e-03
5.760337664066243757e-03
5.173697975766743985e-03
4.617147692574068672e-03
4.090979072045962742e-03
3.595473940762654481e-03
3.130903567366471931e-03
2.697528539286796895e-03
2.295598643209469016e-03
1.925352749348591174e-03
1.587018699576780555e-03
1.280813199468607867e-03
1.006941714310897670e-03
7.655983691318992389e-04
5.569658527991341304e-04
3.812153262359812243e-04
2.385063348029710015e-04
1.289867248909553818e-04
5.279256476917971118e-05
1.004806973165417793e-05
8.655315821565752216e-07
2.534525249738360617e-05
8.357548330565198115e-05
1.756323662169389100e-04
3.015798820383178255e-04
4.614698019071259306e-04
6.553416435720643869e-04
8.832226322514720104e-04
1.145127666094838048e-03
1.441059286273472335e-03
1.771007651722520358e-03
2.134950518556608286e-03
2.532853224177342329e-03
2.964668676091519739e-03
3.430337345454205055e-03
3.929787265351272763e-03
4.462934033832854919e-03
5.029680821707149287e-03
5.629918385102699110e-03
6.263525082804773277e-03
6.930366898369864047e-03
7.630297467019302865e-03
8.363158107313774930e-03
9.128777857603529236e-03
9.926973517253844317e-03
1.075754969263556168e-02
1.162029884787653747e-02
1.251500136035999661e-02
1.344142558096063367e-02
1.439932789900263618e-02
1.538845281192351491e-02
1.640853299962636430e-02
1.745928940349867828e-02
1.854043131007817452e-02
1.965165643933745876e-02
2.079265103756646263e-02
2.196308997481829714e-02
2.316263684689488789e-02
2.439094408183386381e-02
2.564765305086905145e-02
2.693239418382156053e-02
2.824478708889099909e-02
2.958444067679895026e-02
3.095095328925153572e-02
3.234391283166838937e-02
3.376289691014094235e-02
3.520747297256617003e-02
3.667719845390911976e-02
3.817162092554523406e-02
3.969027824862410292e-02
4.123269873140692626e-02
4.279840129051399461e-02
4.438689561603118700e-02
4.599768234040874787e-02
4.763025321109735921e-02
4.928409126685148745e-02
5.095867101764287033e-02
5.265345862810884292e-02
5.436791210447647349e-02
5.610148148488396103e-02
5.785360903303689295e-02
5.962372943511932283e-02
6.141126999988839874e-02
6.321565086188028759e-02
6.503628518764206778e-02
6.687257938492187359e-02
6.872393331472639866e-02
7.058974050617497498e-02
7.246938837405918210e-02
7.436225843903164490e-02
7.626772655033289827e-02
7.818516311097628568e-02
8.011393330529777146e-02
8.205339732878878800e-02
8.400291062011618071e-02
8.596182409524544266e-02
8.792948438357178764e-02
8.990523406596538647e-02
9.188841191464607039e-02
9.387835313478068433e-02
9.587438960772158569e-02
9.787585013577859705e-02
9.988206068843957786e-02
1.018923446499306051e-01
1.039060230680308866e-01
1.059224149040304680e-01
1.079408372837461355e-01
1.099606057494818545e-01
1.119810345128464252e-01
1.140014367083193453e-01
1.160211246474664726e-01
1.180394100737095497e-01
1.200556044175375148e-01
1.220690190520704321e-01
1.240789655488619136e-01
1.260847559338497959e-01
1.280857029433418171e-01
1.300811202799439237e-01
1.320703228683190456e-01
1.340526271106857459e-01
1.360273511419402837e-01
1.379938150843148248e-01
1.399513413014571439e-01
1.418992546518390296e-01
1.438368827413850082e-01
1.457635561752251563e-01
1.476786088084698079e-01
1.495813779959002110e-01
1.514712048404858458e-01
1.533474344406154377e-01
1.552094161359549862e-01
1.570565037518219798e-01
1.588880558419902000e-01
1.607034359298143422e-01
1.625020127475903797e-01
1.642831604740440377e-01
1.660462589698611102e-01
1.677906940111592859e-01
1.695158575208088048e-01
1.712211477975129903e-01
1.729059697425472664e-01
1.745697350840795803e-01
1.762118625989661791e-01
1.778317783319487422e-01
1.794289158121522842e-01
1.810027162668077227e-01
1.825526288321027146e-01
1.840781107610878209e-01
1.855786276285441572e-01
1.870536535327370076e-01
1.885026712939725513e-01
1.899251726498792370e-01
1.913206584473327587e-01
1.926886388309523856e-01
1.940286334280911240e-01
1.953401715302440778e-01
1.966227922708075060e-01
1.978760447991117222e-01
1.990994884506668283e-01
2.002926929135427359e-01
2.014552383908287392e-01
2.025867157590992285e-01
2.036867267228304190e-01
2.047548839646979590e-01
2.057908112917082866e-01
2.067941437770927371e-01
2.077645278979196597e-01
2.087016216683628966e-01
2.096050947685808852e-01
2.104746286691485946e-01
2.113099167510026910e-01
2.121106644208416436e-01
2.128765892219507683e-01
2.136074209403939217e-01
2.143029017065430086e-01
2.149627860918994493e-01
2.155868412011721080e-01
2.161748467595785150e-01
2.167265951953340486e-01
2.172418917172981023e-01
2.177205543877485105e-01
2.181624141902584746e-01
2.185673150926477903e-01
2.189351141049892813e-01
2.192656813326449572e-01
2.195589000243150235e-01
2.198146666150871953e-01
2.200328907644590881e-01
2.202134953893382374e-01
2.203564166919912137e-01
2.204616041829478568e-01
2.205290206988430590e-01
2.205586424151987079e-01
2.205504588541390976e-01
2.205044728870430293e-01
2.204207007321287992e-01
2.202991719469807874e-01
2.201399294160229225e-01
2.199430293329417974e-01
2.197085411780751729e-01
2.194365476907764456e-01
2.191271448367629049e-01
2.187804417704748983e-01
2.183965607924520658e-01
2.179756373017542326e-01
2.175178197434466110e-01
2.170232695511727650e-01
2.164921610848378197e-01
2.159246815634388306e-01
2.153210309930618238e-01
2.146814220900834513e-01
2.140060801996082618e-01
2.132952432091743400e-01
2.125491614577757205e-01
2.117680976402207815e-01
2.109523267068902364e-01
2.101021357589172300e-01
2.092178239388501337e-01
2.082997023168335626e-01
2.073480937723571338e-01
2.063633328716289461e-01
2.053457657406178305e-01
2.042957499338149130e-01
2.032136542987793004e-01
2.020998588365181536e-01
2.009547545577557437e-01
1.997787433351558561e-01
1.985722377515613535e-01
1.973356609443012721e-01
1.960694464456450847e-01
1.947740380194586673e-01
1.934498894941285296e-01
1.920974645918326340e-01
1.907172367542144253e-01
1.893096889645415337e-01
1.878753135664145701e-01
1.864146120791015937e-01
1.849280950095742171e-01
1.834162816613201796e-01
1.818796999400084380e-01
1.803188861560854062e-01
1.787343848243843625e-01
1.771267484608206322e-01
1.754965373762688297e-01
1.738443194676819736e-01
1.721706700065586959e-01
1.704761714248289317e-01
1.687614130982449390e-01
1.670269911273672692e-01
1.652735081162321762e-01
1.635015729487800940e-01
1.617118005631473232e-01
1.599048117238937583e-01
1.580812327922716531e-01
1.562416954946113656e-01
1.543868366889282473e-01
1.525172981298279773e-01
1.506337262318166448e-01
1.487367718310953768e-01
1.468270899459392931e-01
1.449053395357518259e-01
1.429721832588870256e-01
1.410282872293356637e-01
1.390743207723645625e-01
1.371109561792135390e-01
1.351388684609263480e-01
1.331587351014333620e-01
1.311712358099570153e-01
1.291770522728560022e-01
1.271768679049860573e-01
1.251713676006821208e-01
1.231612374844551494e-01
1.211471646614921960e-01
1.191298369680656860e-01
1.171099427219308570e-01
1.150881704728246163e-01
1.130652087531394678e-01
1.110417458288844306e-01
1.090184694510113322e-01
1.069960666072149319e-01
1.049752232742810765e-01
1.029566241710945101e-01
1.009409525123845380e-01
9.892888976330546646e-02
9.692111539494213668e-02
9.491830664083025781e-02
9.292113825458470089e-02
9.093028226871735509e-02
8.894640775474192684e-02
8.697018058464794921e-02
8.500226319383291651e-02
8.304331434557862823e-02
8.109398889716050440e-02
7.915493756766514566e-02
7.722680670761571109e-02
7.531023807047335095e-02
7.340586858610481658e-02
7.151433013629783508e-02
6.963624933239861980e-02
6.777224729515943236e-02
6.592293943686992896e-02
6.408893524584542700e-02
6.227083807335750953e-02
6.046924492307893112e-02
5.868474624310819621e-02
5.691792572066513983e-02
5.516936007950642290e-02
5.343961888015519995e-02
5.172926432299399663e-02
5.003885105430221081e-02
4.836892597529894589e-02
4.672002805426021116e-02
4.509268814176980306e-02
4.348742878917490756e-02
4.190476407029804229e-02
4.034519940647576103e-02
3.880923139497539920e-02
3.729734764084951387e-02
3.581002659228899737e-02
3.434773737951976602e-02
3.291093965730656351e-02
3.150008345110737185e-02
3.011560900693528026e-02
2.875794664497025727e-02
2.742751661697526849e-02
2.612472896755397081e-02
2.484998339930388073e-02
2.360366914189770265e-02
2.238616482514363751e-02
2.119783835605457481e-02
2.003904679997278032e-02
1.891013626578191831e-02
1.781144179523982615e-02
1.674328725647045157e-02
1.570598524164034879e-02
1.469983696885616455e-02
1.372513218830412850e-02
1.278214909266628743e-02
1.187115423183048545e-02
1.099240243192543820e-02
1.014613671869438356e-02
9.332588245236191765e-03
8.551976224124518619e-03
7.804507863927597454e-03
7.090378310140631538e-03
6.409770590545683933e-03
5.762855565010820136e-03
5.149791879737812030e-03
4.570725925969654560e-03
4.025791803160209265e-03
3.515111286617325376e-03
3.038793799617234542e-03
2.596936389996863138e-03
2.189623711221301387e-03
1.816928007927747207e-03
1.478909105940642800e-03
1.175614406756148467e-03
9.070788864874657553e-04
6.733250992654411446e-04
4.743631850838817042e-04
3.101908820793409485e-04
1.807935432329855336e-04
8.614415748041094828e-05
2.620337521425095532e-05
9.195381621069046539e-07
1.022871362166728680e-05
5.405473303269686729e-05
1.323092348643190432e-04
2.448917117947021290e-04
3.916895621582503666e-04
5.725781456347678279e-04
7.874208431523713192e-04
1.036069120976302249e-03
1.318362598952147651e-03
1.634129122872171862e-03
1.983184840932543467e-03
2.365334284244798458e-03
2.780370451368242152e-03
3.228074896823453655e-03
3.708217823551087332e-03
4.220558179273019295e-03
4.764843756718156395e-03
5.340811297667018634e-03
5.948186600774233584e-03
6.586684633122383281e-03
7.256009645461953747e-03
7.955855291089108938e-03
8.685904748314180954e-03
9.445830846470574735e-03
1.023529619541182351e-02
1.105395331844886281e-02
1.190144478866939082e-02
1.277740336859081727e-02
1.368145215308569015e-02
1.461320471553087183e-02
1.557226525711410785e-02
1.655822875925088561e-02
1.757068113904166479e-02
1.860919940771871978e-02
1.967335183201439006e-02
2.076269809839548230e-02
2.187678948009564098e-02
2.301516900688691317e-02
2.417737163752240598e-02
2.536292443478785699e-02
2.657134674309540381e-02
2.780215036855244667e-02
2.905483976143996561e-02
3.032891220102990407e-02
3.162385798267700054e-02
3.293916060711172406e-02
3.427429697186520907e-02
3.562873756476227227e-02
3.700194665939959132e-02
3.839338251254945794e-02
3.980249756340961675e-02
4.122873863463086958e-02
4.267154713504536789e-02
4.413035926402938264e-02
4.560460621741759674e-02
4.709371439490317446e-02
4.859710560884354658e-02
5.011419729440142606e-02
5.164440272094131951e-02
5.318713120461311672e-02
5.474178832203736855e-02
5.630777612502714524e-02
5.788449335626354164e-02
5.947133566584969500e-02
6.106769582867087320e-02
6.267296396247873380e-02
6.428652774662858838e-02
6.590777264138790448e-02
6.753608210774632303e-02
6.917083782764135713e-02
7.081141992453553191e-02
7.245720718425284479e-02
7.410757727601567646e-02
7.576190697358979598e-02
7.741957237647266454e-02
7.907994913104469947e-02
8.074241265160210512e-02
8.240633834121031953e-02
8.407110181228484580e-02
8.573607910683807287e-02
8.740064691630730631e-02
8.906418280090010187e-02
9.072606540836852806e-02
9.238567469215158701e-02
9.404239212880373400e-02
9.569560093464032913e-02
9.734468628152434522e-02
9.898903551172284765e-02
1.006280383517654115e-01
1.022610871252220555e-01
1.038875769643438224e-01
1.055069060204833487e-01
1.071184756732321691e-01
1.087216907382038689e-01
1.103159596733923054e-01
1.119006947840393423e-01
1.134753124259429563e-01
1.150392332071381724e-01
1.165918821878873524e-01
1.181326890789086287e-01
1.196610884377856676e-01
1.211765198634845025e-01
1.226784281889240213e-01
1.241662636715302886e-01
1.256394821817147234e-01
1.270975453892174700e-01
1.285399209472508908e-01
1.299660826743890552e-01
1.313755107341385009e-01
1.327676918121385996e-01
1.341421192909302562e-01
1.354982934222382640e-01
1.368357214967142466e-01
1.381539180110807619e-01
1.394524048326284682e-01
1.407307113610140603e-01
1.419883746873010499e-01
1.432249397502027288e-01
1.444399594894711925e-01
1.456329949963834081e-01
1.468036156612856635e-01
1.479513993181368892e-01
1.490759323860194607e-01
1.501768100075623891e-01
1.512536361842412580e-01
1.523060239085070600e-01
1.533335952927093737e-01
1.543359816947667829e-01
1.553128238405552808e-01
1.562637719429662286e-01
1.571884858176062771e-01
1.580866349951004501e-01
1.589578988299655549e-01
1.598019666060175592e-01
1.606185376382865959e-01
1.614073213714068977e-01
1.621680374744469133e-01
1.629004159321660872e-01
1.636041971326499256e-01
1.642791319513204340e-01
1.649249818312771565e-01
1.655415188599643483e-01
1.661285258421228428e-01
1.666857963690245026e-01
1.672131348839559495e-01
1.677103567439392762e-01
1.681772882776723099e-01
1.686137668396729961e-01
1.690196408606076117e-01
1.693947698938015611e-01
1.697390246579063566e-01
1.700522870757228966e-01
1.703344503091655526e-01
1.705854187903636798e-01
1.708051082488860062e-01
1.709934457350904546e-01
1.711503696395897944e-01
1.712758297088307069e-01
1.713697870567863213e-01
1.714322141727595283e-01
1.714630949252949621e-01
1.714624245622121124e-01
1.714302097067442465e-01
1.713664683498091756e-01
1.712712298384002907e-01
1.711445348601106087e-01
1.709864354238009587e-01
1.707969948364195523e-01
1.705762876759759905e-01
1.703243997606969651e-01
1.700414281143626805e-01
1.697274809278417618e-01
1.693826775168492116e-01
1.690071482759245847e-01
1.686010346286727080e-01
1.681644889742628934e-01
1.676976746302236143e-01
1.672007657715440798e-01
1.666739473661093540e-01
1.661174151064951088e-01
1.655313753381376374e-01
1.649160449839181530e-01
1.642716514651762494e-01
1.635984326191878835e-01
1.628966366131396892e-01
1.621665218546181897e-01
1.614083568986586503e-01
1.606224203513808013e-01
1.598090007702432647e-01
1.589683965609550720e-01
1.581009158710766360e-01
1.572068764803506158e-01
1.562866056878015886e-01
1.553404401956346437e-01
1.543687259899828856e-01
1.533718182185444256e-01
1.523500810651392257e-01
1.513038876212465522e-01
1.502336197545474927e-01
1.491396679745356224e-01
1.480224312952280186e-01
1.468823170950308288e-01
1.457197409738006655e-01
1.445351266071586704e-01
1.433289055981002980e-01
1.421015173259491393e-01
1.408534087927109379e-01
1.395850344668822518e-01
1.382968561247529815e-01
1.369893426892724586e-01
1.356629700665189509e-01
1.343182209798411963e-01
1.329555848017115738e-01
1.315755573833669589e-01
1.301786408822714902e-01
1.287653435874806240e-01
1.273361797429480857e-01
1.258916693688468258e-01
1.244323380809524843e-01
1.229587169081622633e-01
1.214713421081983352e-01
1.199707549815622332e-01
1.184575016838054912e-01
1.169321330361708933e-01
1.153952043346769540e-01
1.138472751576972281e-01
1.122889091721136351e-01
1.107206739380925814e-01
1.091431407125585396e-01
1.075568842514295215e-01
1.059624826106763673e-01
1.043605169462711035e-01
1.027515713131006286e-01
1.011362324628972131e-01
9.951508964126545842e-02
9.788873438386880288e-02
9.625776031183876091e-02
9.462276292648195974e-02
9.298433940334935310e-02
9.134308838573562683e-02
8.969960977767672816e-02
8.805450453651722520e-02
8.640837446511442921e-02
8.476182200374555997e-02
8.311545002179120123e-02
8.146986160926319998e-02
7.982565986824242954e-02
7.818344770430109281e-02
7.654382761797427770e-02
7.490740149635163880e-02
7.327477040486153614e-02
7.164653437930709745e-02
7.002329221823762329e-02
6.840564127570851471e-02
6.679417725451348986e-02
6.518949399994453109e-02
6.359218329415865234e-02
6.200283465121175092e-02
6.042203511283629480e-02
5.885036904501875915e-02
5.728841793545831618e-02
5.573676019196290021e-02
5.419597094185675534e-02
5.266662183246231116e-02
5.114928083272520659e-02
4.964451203604811069e-02
4.815287546439733085e-02
4.667492687375286720e-02
4.521121756095589778e-02
4.376229417203537225e-02
4.232869851205847689e-02
4.091096735658541345e-02
3.950963226477913204e-02
3.812521939424179385e-02
3.675824931763306547e-02
3.540923684113722603e-02
3.407869082483531986e-02
3.276711400504843386e-02
3.147500281870429378e-02
3.020284722979425795e-02
2.895113055797454010e-02
2.772032930936851186e-02
2.651091300963230590e-02
2.532334403933487327e-02
2.415807747171053524e-02
2.301556091284038749e-02
2.189623434431363022e-02
2.080052996842384622e-02
1.972887205595415597e-02
1.868167679660030084e-02
1.765935215208545503e-02
1.666229771201360385e-02
1.569090455251526822e-02
1.474555509772918806e-02
1.382662298417011368e-02
1.293447292803056974e-02
1.206946059545766815e-02
1.123193247585487810e-02
1.042222575824898120e-02
9.640668210766624446e-03
8.887578063260731867e-03
8.163263893130946400e-03
7.468024514372186527e-03
6.802148869896442254e-03
6.165915927160404118e-03
5.559594577138814338e-03
4.983443536676388820e-03
4.437711254256168636e-03
3.922635819213775646e-03
3.438444874433040001e-03
2.985355532552667196e-03
2.563574295713363406e-03
2.173296978876544400e-03
1.814708636739227913e-03
1.487983494274927642e-03
1.193284880922873895e-03
9.307651684523399237e-04
7.005657125231618898e-04
5.028167979655600618e-04
3.376375877987347683e-04
2.051360760089361200e-04
1.054090441036148912e-04
3.854202145992631571e-05
4.609249482453801697e-06
3.673649584801694394e-06
3.578679500829896518e-05
