9.876543209876571632e-04
1.036328111530981748e-02
5.084121601731684398e-02
5.740499469678769090e-02
1.023985902489356753e-01
9.683798864228859715e-02
8.410439917014256306e-02
4.718525265322195267e-02
8.689575609016324254e-02
3.728292738682024987e-02
3.657761779607326003e-03
1.309351691500335773e-03
2.472351672664666739e-02
5.326190126090368099e-02
6.877556402194970331e-02
7.366622448391427214e-02
1.506255781109577530e-01
1.981918423055692435e-01
1.303281518499556646e-01
1.338101383882457640e-01
6.467990407029670930e-02
2.858870312818975398e-02
1.709635571941242127e-03
1.281029411054059215e-03
1.328039351752047063e-02
3.994907457674813644e-02
3.826326969416573437e-02
4.076591551197501773e-02
6.592004822919010631e-02
7.988886734198957784e-02
1.627936615196232811e-02
3.888596776715208536e-02
1.084863879598122090e-02
2.614995424274328944e-03
9.876543209875682721e-06
