0.000000000000000000e+00
3.587640252329572788e-02
7.175280504659145575e-02
1.076292075698871697e-01
1.435056100931814682e-01
1.793820126164772100e-01
2.152584151397729240e-01
2.511348176630686657e-01
2.870112201863643797e-01
3.228876227096600937e-01
3.587640252329558077e-01
3.946404277562515217e-01
4.305168302795458479e-01
4.663932328028415619e-01
5.022696353261373314e-01
5.381460378494330454e-01
5.740224403727287594e-01
6.098988428960244734e-01
6.457752454193201874e-01
6.816516479426144581e-01
7.175280504659101721e-01
7.534044529892058861e-01
7.892808555125017111e-01
8.251572580357974251e-01
8.610336605590931391e-01
8.969100630823888531e-01
9.327864656056845671e-01
9.686628681289788378e-01
1.004539270652274663e+00
1.040415673175570266e+00
1.076292075698866091e+00
1.112168478222161694e+00
1.148044880745457519e+00
1.183921283268751790e+00
1.219797685792047615e+00
1.255674088315343218e+00
1.291550490838639043e+00
1.327426893361934646e+00
1.363303295885230471e+00
1.399179698408526074e+00
1.435056100931821899e+00
1.470932503455116169e+00
1.506808905978411772e+00
1.542685308501707597e+00
1.578561711025003422e+00
1.614438113548299025e+00
1.650314516071594850e+00
1.686190918594889121e+00
1.722067321118184724e+00
1.757943723641480549e+00
1.793820126164776152e+00
1.829696528688071977e+00
1.865572931211367802e+00
1.901449333734663405e+00
1.937325736257959230e+00
1.973202138781254833e+00
2.009078541304549326e+00
2.044954943827844929e+00
2.080831346351140532e+00
2.116707748874436135e+00
2.152584151397732182e+00
2.188460553921027785e+00
2.224336956444322055e+00
2.260213358967617658e+00
2.296089761490913705e+00
2.331966164014209308e+00
2.367842566537504911e+00
2.403718969060800514e+00
2.439595371584096561e+00
2.475471774107392164e+00
2.511348176630687767e+00
2.547224579153982038e+00
2.583100981677278085e+00
2.618977384200573688e+00
2.654853786723869291e+00
2.690730189247164894e+00
2.726606591770459609e+00
2.762482994293755212e+00
2.798359396817050815e+00
2.834235799340346418e+00
2.870112201863642465e+00
2.905988604386938068e+00
2.941865006910233671e+00
2.977741409433529274e+00
3.013617811956825321e+00
3.049494214480120924e+00
3.085370617003415195e+00
3.121247019526710798e+00
3.157123422050006845e+00
3.192999824573302448e+00
3.228876227096596718e+00
3.264752629619892321e+00
3.300629032143187924e+00
3.336505434666483971e+00
3.372381837189779574e+00
3.408258239713075177e+00
3.444134642236371224e+00
3.480011044759666827e+00
3.515887447282962430e+00
3.551763849806258033e+00
3.587640252329554080e+00
3.623516654852848351e+00
3.659393057376143954e+00
3.695269459899439557e+00
3.731145862422735604e+00
3.767022264946029875e+00
3.802898667469325478e+00
3.838775069992621081e+00
3.874651472515916684e+00
3.910527875039212731e+00
3.946404277562508334e+00
3.982280680085803937e+00
4.018157082609099540e+00
4.054033485132395143e+00
4.089909887655691634e+00
4.125786290178987237e+00
4.161662692702280175e+00
4.197539095225578443e+00
4.233415497748871381e+00
4.269291900272166984e+00
4.305168302795462587e+00
4.341044705318758190e+00
4.376921107842053793e+00
4.412797510365350284e+00
4.448673912888645887e+00
4.484550315411941490e+00
4.520426717935237093e+00
4.556303120458532696e+00
4.592179522981828299e+00
4.628055925505123902e+00
4.663932328028420393e+00
4.699808730551712443e+00
4.735685133075011599e+00
4.771561535598304538e+00
4.807437938121600141e+00
4.843314340644895744e+00
4.879190743168191347e+00
4.915067145691486949e+00
4.950943548214782552e+00
4.986819950738079044e+00
5.022696353261374647e+00
5.058572755784670250e+00
5.094449158307965853e+00
5.130325560831261456e+00
5.166201963354557058e+00
5.202078365877852661e+00
5.237954768401145600e+00
5.273831170924444756e+00
5.309707573447737694e+00
5.345583975971033297e+00
5.381460378494328900e+00
5.417336781017624503e+00
5.453213183540920106e+00
5.489089586064215709e+00
5.524965988587511312e+00
5.560842391110807803e+00
5.596718793634103406e+00
5.632595196157399009e+00
5.668471598680694612e+00
5.704348001203990215e+00
5.740224403727285818e+00
5.776100806250578756e+00
5.811977208773877024e+00
5.847853611297169962e+00
5.883730013820466453e+00
5.919606416343762056e+00
5.955482818867057659e+00
5.991359221390353262e+00
6.027235623913648865e+00
6.063112026436944468e+00
6.098988428960240071e+00
6.134864831483536562e+00
6.170741234006832165e+00
6.206617636530127768e+00
6.242494039053420707e+00
6.278370441576718974e+00
6.314246844100011913e+00
6.350123246623310180e+00
6.385999649146603119e+00
6.421876051669898722e+00
6.457752454193195213e+00
6.493628856716490816e+00
6.529505259239786419e+00
6.565381661763082022e+00
6.601258064286377625e+00
6.637134466809673228e+00
6.673010869332968831e+00
6.708887271856261769e+00
6.744763674379560925e+00
6.780640076902853863e+00
6.816516479426152131e+00
6.852392881949445069e+00
6.888269284472743337e+00
6.924145686996036275e+00
6.960022089519331878e+00
6.995898492042627481e+00
7.031774894565923972e+00
7.067651297089219575e+00
7.103527699612515178e+00
7.139404102135810781e+00
7.175280504659106384e+00
7.211156907182401987e+00
7.247033309705694926e+00
7.282909712228993193e+00
7.318786114752286132e+00
7.354662517275585287e+00
7.390538919798878226e+00
7.426415322322176493e+00
7.462291724845469432e+00
7.498168127368765035e+00
7.534044529892060638e+00
7.569920932415356241e+00
7.605797334938651844e+00
7.641673737461948335e+00
7.677550139985243938e+00
7.713426542508539541e+00
7.749302945031835144e+00
7.785179347555128082e+00
7.821055750078426350e+00
7.856932152601719288e+00
7.892808555125018444e+00
7.928684957648311382e+00
7.964561360171609650e+00
8.000437762694902588e+00
8.036314165218197303e+00
8.072190567741493794e+00
8.108066970264790285e+00
8.143943372788085000e+00
8.179819775311381491e+00
8.215696177834676206e+00
8.251572580357972697e+00
8.287448982881267412e+00
8.323325385404560350e+00
8.359201787927860394e+00
8.395078190451153333e+00
8.430954592974451600e+00
8.466830995497744539e+00
8.502707398021042806e+00
8.538583800544335745e+00
8.574460203067630459e+00
8.610336605590926951e+00
8.646213008114223442e+00
8.682089410637518156e+00
8.717965813160814648e+00
8.753842215684109362e+00
8.789718618207405854e+00
8.825595020730700568e+00
8.861471423253993507e+00
8.897347825777293551e+00
8.933224228300584713e+00
8.969100630823884757e+00
9.004977033347177695e+00
9.040853435870475963e+00
9.076729838393768901e+00
9.112606240917063616e+00
9.148482643440360107e+00
9.184359045963654822e+00
9.220235448486951313e+00
9.256111851010247804e+00
9.291988253533542519e+00
9.327864656056835457e+00
9.363741058580133725e+00
9.399617461103426663e+00
9.435493863626724931e+00
9.471370266150017869e+00
9.507246668673317913e+00
9.543123071196610852e+00
9.578999473719905566e+00
9.614875876243202057e+00
9.650752278766496772e+00
9.686628681289793263e+00
9.722505083813087978e+00
9.758381486336384469e+00
9.794257888859680961e+00
9.830134291382975675e+00
9.866010693906268614e+00
9.901887096429566881e+00
9.937763498952859820e+00
9.973639901476158087e+00
1.000951630399945103e+01
1.004539270652274929e+01
1.008126910904604223e+01
1.011714551156933872e+01
1.015302191409263521e+01
1.018889831661592993e+01
1.022477471913922642e+01
1.026065112166252113e+01
1.029652752418581763e+01
1.033240392670911234e+01
1.036828032923240883e+01
1.040415673175570177e+01
1.044003313427900004e+01
1.047590953680229298e+01
1.051178593932559124e+01
1.054766234184888418e+01
1.058353874437218245e+01
1.061941514689547539e+01
1.065529154941877188e+01
1.069116795194206837e+01
1.072704435446536309e+01
1.076292075698865958e+01
1.079879715951195429e+01
1.083467356203525078e+01
1.087054996455854550e+01
1.090642636708184199e+01
1.094230276960513493e+01
1.097817917212843319e+01
1.101405557465172613e+01
1.104993197717502440e+01
1.108580837969831734e+01
1.112168478222161561e+01
1.115756118474490854e+01
1.119343758726820504e+01
1.122931398979149975e+01
1.126519039231479624e+01
1.130106679483809273e+01
1.133694319736138745e+01
1.137281959988468394e+01
1.140869600240797865e+01
1.144457240493127514e+01
1.148044880745456808e+01
1.151632520997786635e+01
1.155220161250115929e+01
1.158807801502445756e+01
1.162395441754775050e+01
1.165983082007104876e+01
1.169570722259434170e+01
1.173158362511763819e+01
1.176746002764093291e+01
1.180333643016422940e+01
1.183921283268752411e+01
1.187508923521082060e+01
1.191096563773411710e+01
1.194684204025741003e+01
1.198271844278070830e+01
1.201859484530400124e+01
1.205447124782729951e+01
1.209034765035059245e+01
1.212622405287389071e+01
1.216210045539718365e+01
1.219797685792048192e+01
1.223385326044377486e+01
1.226972966296707135e+01
1.230560606549036606e+01
1.234148246801366255e+01
1.237735887053695727e+01
1.241323527306025376e+01
1.244911167558355025e+01
1.248498807810684319e+01
1.252086448063014146e+01
1.255674088315343440e+01
1.259261728567673266e+01
1.262849368820002560e+01
1.266437009072332387e+01
1.270024649324661681e+01
1.273612289576991152e+01
1.277199929829320801e+01
1.280787570081650451e+01
1.284375210333979922e+01
1.287962850586309393e+01
1.291550490838639220e+01
1.295138131090968514e+01
1.298725771343298341e+01
1.302313411595627635e+01
1.305901051847957461e+01
1.309488692100286755e+01
1.313076332352616760e+01
1.316663972604946053e+01
1.320251612857275880e+01
1.323839253109605174e+01
1.327426893361935001e+01
1.331014533614264295e+01
1.334602173866594121e+01
1.338189814118923415e+01
1.341777454371252709e+01
1.345365094623582536e+01
1.348952734875911830e+01
1.352540375128241656e+01
1.356128015380570950e+01
1.359715655632900777e+01
1.363303295885230071e+01
1.366890936137559898e+01
1.370478576389889191e+01
1.374066216642219196e+01
1.377653856894548490e+01
1.381241497146878316e+01
1.384829137399207610e+01
1.388416777651537437e+01
1.392004417903866731e+01
1.395592058156196025e+01
1.399179698408525852e+01
1.402767338660855145e+01
1.406354978913184972e+01
1.409942619165514266e+01
1.413530259417844093e+01
1.417117899670173387e+01
1.420705539922503213e+01
1.424293180174832507e+01
1.427880820427162512e+01
1.431468460679491628e+01
1.435056100931821632e+01
1.438643741184150926e+01
1.442231381436480753e+01
1.445819021688810047e+01
1.449406661941139340e+01
1.452994302193469167e+01
1.456581942445798461e+01
1.460169582698128288e+01
1.463757222950457582e+01
1.467344863202787408e+01
1.470932503455116702e+01
1.474520143707446529e+01
1.478107783959775823e+01
1.481695424212105650e+01
1.485283064464434943e+01
1.488870704716764948e+01
1.492458344969094242e+01
1.496045985221423535e+01
1.499633625473753362e+01
1.503221265726082656e+01
1.506808905978412483e+01
1.510396546230741777e+01
1.513984186483071603e+01
1.517571826735400897e+01
1.521159466987730724e+01
1.524747107240060018e+01
1.528334747492389845e+01
1.531922387744719138e+01
1.535510027997048965e+01
1.539097668249378259e+01
1.542685308501708263e+01
1.546272948754037380e+01
1.549860589006366673e+01
1.553448229258696678e+01
1.557035869511025972e+01
1.560623509763355798e+01
1.564211150015685092e+01
1.567798790268014919e+01
1.571386430520344213e+01
1.574974070772674040e+01
1.578561711025003333e+01
1.582149351277333160e+01
1.585736991529662454e+01
1.589324631781992281e+01
1.592912272034321575e+01
1.596499912286651401e+01
1.600087552538980873e+01
1.603675192791310167e+01
1.607262833043639816e+01
1.610850473295969110e+01
1.614438113548299114e+01
1.618025753800628408e+01
1.621613394052958057e+01
1.625201034305287351e+01
1.628788674557617355e+01
1.632376314809946649e+01
1.635963955062276654e+01
1.639551595314605947e+01
1.643139235566935596e+01
1.646726875819264890e+01
1.650314516071594895e+01
1.653902156323924189e+01
1.657489796576253482e+01
1.661077436828583132e+01
1.664665077080912425e+01
1.668252717333242430e+01
1.671840357585571724e+01
1.675427997837901373e+01
1.679015638090230667e+01
1.682603278342560671e+01
1.686190918594889965e+01
1.689778558847219969e+01
1.693366199099548908e+01
1.696953839351878912e+01
1.700541479604208206e+01
1.704129119856538210e+01
1.707716760108867504e+01
1.711304400361196798e+01
1.714892040613526447e+01
1.718479680865855741e+01
1.722067321118185745e+01
1.725654961370515039e+01
1.729242601622844688e+01
1.732830241875173982e+01
1.736417882127503987e+01
1.740005522379833280e+01
1.743593162632162930e+01
1.747180802884492223e+01
1.750768443136822228e+01
1.754356083389151522e+01
1.757943723641481526e+01
1.761531363893810820e+01
1.765119004146140114e+01
1.768706644398469763e+01
1.772294284650799057e+01
1.775881924903129061e+01
1.779469565155458355e+01
1.783057205407788004e+01
1.786644845660117298e+01
1.790232485912447302e+01
1.793820126164776596e+01
1.797407766417106245e+01
1.800995406669435539e+01
1.804583046921765543e+01
1.808170687174094837e+01
1.811758327426424131e+01
1.815345967678754135e+01
1.818933607931083429e+01
1.822521248183413078e+01
1.826108888435742372e+01
1.829696528688072377e+01
1.833284168940401671e+01
1.836871809192731320e+01
1.840459449445060613e+01
1.844047089697390618e+01
1.847634729949719912e+01
1.851222370202049561e+01
1.854810010454378855e+01
1.858397650706708859e+01
1.861985290959038153e+01
1.865572931211367447e+01
1.869160571463697451e+01
1.872748211716026390e+01
1.876335851968356394e+01
1.879923492220685688e+01
1.883511132473015692e+01
1.887098772725344986e+01
1.890686412977674635e+01
1.894274053230003929e+01
1.897861693482333934e+01
1.901449333734663227e+01
1.905036973986992876e+01
1.908624614239322170e+01
1.912212254491652175e+01
1.915799894743981469e+01
1.919387534996310762e+01
1.922975175248640411e+01
1.926562815500969705e+01
1.930150455753299710e+01
1.933738096005629004e+01
1.937325736257959008e+01
1.940913376510288302e+01
1.944501016762617951e+01
1.948088657014947245e+01
1.951676297267277249e+01
1.955263937519606543e+01
1.958851577771936192e+01
1.962439218024265486e+01
1.966026858276595490e+01
1.969614498528924784e+01
1.973202138781254078e+01
1.976789779033583727e+01
1.980377419285913021e+01
1.983965059538243025e+01
1.987552699790572319e+01
1.991140340042902324e+01
1.994727980295231617e+01
1.998315620547561267e+01
2.001903260799890560e+01
2.005490901052220565e+01
2.009078541304549859e+01
2.012666181556879508e+01
2.016253821809208802e+01
2.019841462061538806e+01
2.023429102313868100e+01
2.027016742566197394e+01
2.030604382818527043e+01
2.034192023070856337e+01
2.037779663323186341e+01
2.041367303575515635e+01
2.044954943827845639e+01
2.048542584080174933e+01
2.052130224332504582e+01
2.055717864584833876e+01
2.059305504837163880e+01
2.062893145089493174e+01
2.066480785341822823e+01
2.070068425594152117e+01
2.073656065846481411e+01
2.077243706098811415e+01
2.080831346351140709e+01
2.084418986603470358e+01
2.088006626855799652e+01
2.091594267108129657e+01
2.095181907360458951e+01
2.098769547612788600e+01
2.102357187865117893e+01
2.105944828117447898e+01
2.109532468369777192e+01
2.113120108622107196e+01
2.116707748874436490e+01
2.120295389126766139e+01
2.123883029379095433e+01
2.127470669631424727e+01
2.131058309883754731e+01
2.134645950136084025e+01
2.138233590388413674e+01
2.141821230640742968e+01
2.145408870893072972e+01
2.148996511145402266e+01
2.152584151397731915e+01
2.156171791650061209e+01
2.159759431902391213e+01
2.163347072154720507e+01
2.166934712407050512e+01
2.170522352659379806e+01
2.174109992911709455e+01
2.177697633164038749e+01
2.181285273416368042e+01
2.184872913668698047e+01
2.188460553921027341e+01
2.192048194173356990e+01
2.195635834425686284e+01
2.199223474678016288e+01
2.202811114930345582e+01
2.206398755182675231e+01
2.209986395435004525e+01
2.213574035687334529e+01
2.217161675939663823e+01
2.220749316191993827e+01
2.224336956444323121e+01
2.227924596696652770e+01
2.231512236948982064e+01
2.235099877201311358e+01
2.238687517453641362e+01
2.242275157705970656e+01
2.245862797958300305e+01
2.249450438210629599e+01
2.253038078462959604e+01
2.256625718715288897e+01
2.260213358967618547e+01
2.263800999219947840e+01
2.267388639472277845e+01
2.270976279724607139e+01
2.274563919976937143e+01
2.278151560229266082e+01
2.281739200481596086e+01
2.285326840733925380e+01
2.288914480986254674e+01
2.292502121238584678e+01
2.296089761490913972e+01
2.299677401743243621e+01
2.303265041995572915e+01
2.306852682247902919e+01
2.310440322500232213e+01
2.314027962752561862e+01
2.317615603004891156e+01
2.321203243257221160e+01
2.324790883509550454e+01
2.328378523761880103e+01
2.331966164014209397e+01
2.335553804266538691e+01
2.339141444518868695e+01
2.342729084771197989e+01
2.346316725023527994e+01
2.349904365275857288e+01
2.353492005528186937e+01
2.357079645780516231e+01
2.360667286032846235e+01
2.364254926285175529e+01
2.367842566537505178e+01
2.371430206789834472e+01
2.375017847042164476e+01
2.378605487294493770e+01
2.382193127546823419e+01
2.385780767799152713e+01
2.389368408051482007e+01
2.392956048303812011e+01
2.396543688556141305e+01
2.400131328808471309e+01
2.403718969060800603e+01
2.407306609313130252e+01
2.410894249565459546e+01
2.414481889817789551e+01
2.418069530070118844e+01
2.421657170322448493e+01
2.425244810574777787e+01
2.428832450827107792e+01
2.432420091079437086e+01
2.436007731331766735e+01
2.439595371584096029e+01
2.443183011836425322e+01
2.446770652088755327e+01
2.450358292341084621e+01
2.453945932593414625e+01
2.457533572845743564e+01
2.461121213098073568e+01
2.464708853350402862e+01
2.468296493602732866e+01
2.471884133855062160e+01
2.475471774107391809e+01
2.479059414359721103e+01
2.482647054612051107e+01
2.486234694864380401e+01
2.489822335116710050e+01
2.493409975369039344e+01
2.496997615621368638e+01
2.500585255873698642e+01
2.504172896126027936e+01
2.507760536378357585e+01
2.511348176630686879e+01
2.514935816883016884e+01
2.518523457135346177e+01
2.522111097387676182e+01
2.525698737640005476e+01
2.529286377892335125e+01
2.532874018144664419e+01
2.536461658396994423e+01
2.540049298649323717e+01
2.543636938901653366e+01
2.547224579153982660e+01
2.550812219406311954e+01
2.554399859658641958e+01
2.557987499910971252e+01
2.561575140163300901e+01
2.565162780415630195e+01
2.568750420667960199e+01
2.572338060920289493e+01
2.575925701172618787e+01
2.579513341424948791e+01
2.583100981677278085e+01
2.586688621929607734e+01
2.590276262181937028e+01
2.593863902434267033e+01
2.597451542686596326e+01
2.601039182938925975e+01
2.604626823191255269e+01
2.608214463443585274e+01
2.611802103695914568e+01
2.615389743948244217e+01
2.618977384200573510e+01
2.622565024452903515e+01
2.626152664705232809e+01
2.629740304957562103e+01
2.633327945209892107e+01
2.636915585462221046e+01
2.640503225714551050e+01
2.644090865966880344e+01
2.647678506219210348e+01
2.651266146471539642e+01
2.654853786723869291e+01
2.658441426976198585e+01
2.662029067228528589e+01
2.665616707480857883e+01
2.669204347733187532e+01
2.672791987985516826e+01
2.676379628237846831e+01
2.679967268490176124e+01
2.683554908742505418e+01
2.687142548994835067e+01
2.690730189247164361e+01
2.694317829499494366e+01
2.697905469751823659e+01
2.701493110004153664e+01
2.705080750256482958e+01
2.708668390508812607e+01
2.712256030761141901e+01
2.715843671013471905e+01
2.719431311265801199e+01
2.723018951518130848e+01
2.726606591770460142e+01
2.730194232022789436e+01
2.733781872275119440e+01
2.737369512527448734e+01
2.740957152779778383e+01
2.744544793032107677e+01
2.748132433284437681e+01
2.751720073536766975e+01
2.755307713789096979e+01
2.758895354041426273e+01
2.762482994293755922e+01
2.766070634546085216e+01
2.769658274798415221e+01
2.773245915050744514e+01
2.776833555303074164e+01
2.780421195555403457e+01
2.784008835807732751e+01
2.787596476060062756e+01
2.791184116312392050e+01
2.794771756564721699e+01
2.798359396817050992e+01
2.801947037069380997e+01
2.805534677321710291e+01
2.809122317574040295e+01
2.812709957826369589e+01
2.816297598078699238e+01
2.819885238331028532e+01
2.823472878583358536e+01
2.827060518835687830e+01
2.830648159088017479e+01
2.834235799340346773e+01
2.837823439592676067e+01
2.841411079845006071e+01
2.844998720097335365e+01
2.848586360349665014e+01
2.852174000601994308e+01
2.855761640854324312e+01
2.859349281106653606e+01
2.862936921358983255e+01
2.866524561611312549e+01
2.870112201863642554e+01
2.873699842115971848e+01
2.877287482368301852e+01
2.880875122620631146e+01
2.884462762872960795e+01
2.888050403125290089e+01
2.891638043377619383e+01
2.895225683629949387e+01
2.898813323882278681e+01
2.902400964134608330e+01
2.905988604386937624e+01
2.909576244639267628e+01
2.913163884891596922e+01
2.916751525143926571e+01
2.920339165396255865e+01
2.923926805648585869e+01
2.927514445900915163e+01
2.931102086153245168e+01
2.934689726405574461e+01
2.938277366657904111e+01
2.941865006910233404e+01
2.945452647162562698e+01
2.949040287414892703e+01
2.952627927667221996e+01
2.956215567919551646e+01
2.959803208171880939e+01
2.963390848424210944e+01
2.966978488676540238e+01
2.970566128928869887e+01
2.974153769181199181e+01
2.977741409433529185e+01
2.981329049685858479e+01
2.984916689938188483e+01
2.988504330190517777e+01
2.992091970442847071e+01
2.995679610695176720e+01
2.999267250947506014e+01
3.002854891199836018e+01
3.006442531452165312e+01
3.010030171704494961e+01
3.013617811956824255e+01
3.017205452209154259e+01
3.020793092461483553e+01
3.024380732713813202e+01
3.027968372966142496e+01
3.031556013218472501e+01
3.035143653470801794e+01
3.038731293723131799e+01
3.042318933975460737e+01
3.045906574227790031e+01
3.049494214480120036e+01
3.053081854732449330e+01
3.056669494984779334e+01
3.060257135237108628e+01
3.063844775489438277e+01
3.067432415741767571e+01
3.071020055994097575e+01
3.074607696246426869e+01
3.078195336498756518e+01
3.081782976751085812e+01
3.085370617003415816e+01
3.088958257255745110e+01
3.092545897508074759e+01
3.096133537760404053e+01
3.099721178012733347e+01
3.103308818265063351e+01
3.106896458517392645e+01
3.110484098769722650e+01
3.114071739022051943e+01
3.117659379274381592e+01
3.121247019526710886e+01
3.124834659779040891e+01
3.128422300031370185e+01
3.132009940283699834e+01
3.135597580536029128e+01
3.139185220788359132e+01
3.142772861040688426e+01
3.146360501293018075e+01
3.149948141545347369e+01
3.153535781797676663e+01
3.157123422050006667e+01
3.160711062302335961e+01
3.164298702554665965e+01
3.167886342806995259e+01
3.171473983059324908e+01
3.175061623311654202e+01
3.178649263563984206e+01
3.182236903816313500e+01
3.185824544068643149e+01
3.189412184320972443e+01
3.192999824573302448e+01
3.196587464825631741e+01
3.200175105077961746e+01
3.203762745330291040e+01
3.207350385582620333e+01
3.210938025834949627e+01
3.214525666087278921e+01
3.218113306339608926e+01
3.221700946591938219e+01
3.225288586844268224e+01
3.228876227096597518e+01
3.232463867348927522e+01
3.236051507601256816e+01
3.239639147853586820e+01
3.243226788105916114e+01
3.246814428358245408e+01
3.250402068610574702e+01
3.253989708862903996e+01
3.257577349115234000e+01
3.261164989367563294e+01
3.264752629619893298e+01
3.268340269872222592e+01
3.271927910124552596e+01
3.275515550376881890e+01
3.279103190629211895e+01
3.282690830881541189e+01
3.286278471133870482e+01
3.289866111386199776e+01
3.293453751638529781e+01
3.297041391890859074e+01
3.300629032143189079e+01
3.304216672395518373e+01
3.307804312647847667e+01
3.311391952900177671e+01
3.314979593152506965e+01
3.318567233404836259e+01
3.322154873657165552e+01
3.325742513909495557e+01
3.329330154161824851e+01
3.332917794414154855e+01
3.336505434666484149e+01
3.340093074918814153e+01
3.343680715171143447e+01
3.347268355423473452e+01
3.350855995675802745e+01
3.354443635928132039e+01
3.358031276180461333e+01
3.361618916432790627e+01
3.365206556685120631e+01
3.368794196937449925e+01
3.372381837189779930e+01
3.375969477442109223e+01
3.379557117694439228e+01
3.383144757946768522e+01
3.386732398199097815e+01
3.390320038451427109e+01
3.393907678703757114e+01
3.397495318956086408e+01
3.401082959208416412e+01
3.404670599460745706e+01
3.408258239713075710e+01
3.411845879965405004e+01
3.415433520217734298e+01
3.419021160470064302e+01
3.422608800722393596e+01
3.426196440974722890e+01
3.429784081227052184e+01
3.433371721479382188e+01
3.436959361731711482e+01
3.440547001984041486e+01
3.444134642236370780e+01
3.447722282488700785e+01
3.451309922741030078e+01
3.454897562993360083e+01
3.458485203245689377e+01
3.462072843498018671e+01
3.465660483750347964e+01
3.469248124002677258e+01
3.472835764255007263e+01
3.476423404507336556e+01
3.480011044759666561e+01
3.483598685011995855e+01
3.487186325264325859e+01
3.490773965516655153e+01
3.494361605768984447e+01
3.497949246021313741e+01
3.501536886273643745e+01
3.505124526525973039e+01
3.508712166778303043e+01
3.512299807030632337e+01
3.515887447282962341e+01
3.519475087535291635e+01
3.523062727787620929e+01
3.526650368039950934e+01
3.530238008292280227e+01
3.533825648544609521e+01
3.537413288796938815e+01
3.541000929049268819e+01
3.544588569301598113e+01
3.548176209553928118e+01
3.551763849806257412e+01
3.555351490058587416e+01
3.558939130310916710e+01
3.562526770563246004e+01
3.566114410815575297e+01
3.569702051067904591e+01
3.573289691320234596e+01
3.576877331572563889e+01
3.580464971824893894e+01
3.584052612077223188e+01
