0.000000000000000000e+00
8.397737411230555837e-01
1.679547482246111167e+00
2.519321223369166862e+00
3.359094964492222335e+00
4.198868705615278252e+00
5.038642446738333724e+00
5.878416187861389197e+00
6.718189928984444670e+00
7.557963670107500143e+00
8.397737411230556503e+00
9.237511152353611976e+00
1.007728489347666745e+01
1.091705863459972292e+01
1.175683237572277839e+01
1.259660611684583387e+01
1.343637985796888934e+01
1.427615359909194481e+01
1.511592734021500029e+01
1.595570108133805931e+01
1.679547482246111656e+01
1.763524856358417026e+01
1.847502230470722751e+01
1.931479604583028120e+01
2.015456978695333845e+01
2.099434352807639215e+01
2.183411726919944940e+01
2.267389101032250309e+01
2.351366475144556034e+01
2.435343849256861404e+01
2.519321223369167129e+01
