0.000000000000000000e+00
2.521843066435596609e-02
5.043686132871193217e-02
7.565529199306789132e-02
1.008737226574238643e-01
1.260921533217798374e-01
1.513105839861357826e-01
1.765290146504917557e-01
2.017474453148477287e-01
2.269658759792048397e-01
2.521843066435607850e-01
2.774027373079167580e-01
3.026211679722727310e-01
3.278395986366287040e-01
3.530580293009846771e-01
3.782764599653405946e-01
4.034948906296965676e-01
4.287133212940525406e-01
4.539317519584085137e-01
4.791501826227644867e-01
5.043686132871204597e-01
5.295870439514763772e-01
5.548054746158324058e-01
5.800239052801883233e-01
6.052423359445443518e-01
6.304607666089002693e-01
6.556791972732561868e-01
6.808976279376122154e-01
7.061160586019693541e-01
7.313344892663252717e-01
7.565529199306811892e-01
7.817713505950372177e-01
8.069897812593931352e-01
8.322082119237491638e-01
8.574266425881050813e-01
8.826450732524611098e-01
9.078635039168170273e-01
9.330819345811730559e-01
9.583003652455289734e-01
9.835187959098848909e-01
1.008737226574240919e+00
1.033955657238596837e+00
1.059174087902952754e+00
1.084392518567308894e+00
1.109610949231664812e+00
1.134829379896021839e+00
1.160047810560376647e+00
1.185266241224733896e+00
1.210484671889089814e+00
1.235703102553445731e+00
1.260921533217801649e+00
1.286139963882157566e+00
1.311358394546513706e+00
1.336576825210869623e+00
1.361795255875225541e+00
1.387013686539581458e+00
1.412232117203937376e+00
1.437450547868293516e+00
1.462668978532649433e+00
1.487887409197005351e+00
1.513105839861361268e+00
1.538324270525717408e+00
1.563542701190074435e+00
1.588761131854429243e+00
1.613979562518786270e+00
1.639197993183141078e+00
1.664416423847498328e+00
1.689634854511854245e+00
1.714853285176210163e+00
1.740071715840566080e+00
1.765290146504922220e+00
1.790508577169278137e+00
1.815727007833634055e+00
1.840945438497989972e+00
1.866163869162346112e+00
1.891382299826702029e+00
1.916600730491057947e+00
1.941819161155413864e+00
1.967037591819769782e+00
1.992256022484125921e+00
2.017474453148481839e+00
2.042692883812839089e+00
2.067911314477193674e+00
2.093129745141550924e+00
2.118348175805905509e+00
2.143566606470262759e+00
2.168785037134618676e+00
2.194003467798974594e+00
2.219221898463330511e+00
2.244440329127686429e+00
2.269658759792042790e+00
2.294877190456398708e+00
2.320095621120754625e+00
2.345314051785110543e+00
2.370532482449466460e+00
2.395750913113822378e+00
2.420969343778178295e+00
2.446187774442534213e+00
2.471406205106890130e+00
2.496624635771246492e+00
2.521843066435603298e+00
2.547061497099958327e+00
2.572279927764315133e+00
2.597498358428670162e+00
2.622716789093027412e+00
2.647935219757381997e+00
2.673153650421739247e+00
2.698372081086095164e+00
2.723590511750451082e+00
2.748808942414806999e+00
2.774027373079162917e+00
2.799245803743518834e+00
2.824464234407874752e+00
2.849682665072231114e+00
2.874901095736587031e+00
2.900119526400943837e+00
2.925337957065298866e+00
2.950556387729656116e+00
2.975774818394010701e+00
3.000993249058367951e+00
3.026211679722722536e+00
3.051430110387079786e+00
3.076648541051434815e+00
3.101866971715791621e+00
3.127085402380147539e+00
3.152303833044503456e+00
3.177522263708859818e+00
3.202740694373215735e+00
3.227959125037571653e+00
3.253177555701927570e+00
3.278395986366283488e+00
3.303614417030639405e+00
3.328832847694995323e+00
3.354051278359351240e+00
3.379269709023708490e+00
3.404488139688063519e+00
3.429706570352420325e+00
3.454925001016775354e+00
3.480143431681132160e+00
3.505361862345487189e+00
3.530580293009844439e+00
3.555798723674199024e+00
3.581017154338556274e+00
3.606235585002912192e+00
3.631454015667268109e+00
3.656672446331624027e+00
3.681890876995979944e+00
3.707109307660335862e+00
3.732327738324692223e+00
3.757546168989048141e+00
3.782764599653404058e+00
3.807983030317760864e+00
3.833201460982115893e+00
3.858419891646473143e+00
3.883638322310827729e+00
3.908856752975184978e+00
3.934075183639539564e+00
3.959293614303896813e+00
3.984512044968251843e+00
4.009730475632609092e+00
4.034948906296964566e+00
4.060167336961320927e+00
4.085385767625676401e+00
4.110604198290032762e+00
4.135822628954388236e+00
4.161041059618744598e+00
4.186259490283100959e+00
4.211477920947456433e+00
4.236696351611812794e+00
4.261914782276168268e+00
4.287133212940525517e+00
4.312351643604880103e+00
4.337570074269237352e+00
4.362788504933591938e+00
4.388006935597949187e+00
4.413225366262303773e+00
4.438443796926661022e+00
4.463662227591016496e+00
4.488880658255372857e+00
4.514099088919729219e+00
4.539317519584085581e+00
4.564535950248441054e+00
4.589754380912797416e+00
4.614972811577152889e+00
4.640191242241509251e+00
4.665409672905864724e+00
4.690628103570221086e+00
4.715846534234576559e+00
4.741064964898932921e+00
4.766283395563290171e+00
4.791501826227644756e+00
4.816720256892002006e+00
4.841938687556356591e+00
4.867157118220713841e+00
4.892375548885068426e+00
4.917593979549425676e+00
4.942812410213780261e+00
4.968030840878137511e+00
4.993249271542492984e+00
5.018467702206849346e+00
5.043686132871206595e+00
5.068904563535561181e+00
5.094122994199916654e+00
5.119341424864273904e+00
5.144559855528630266e+00
5.169778286192985739e+00
5.194996716857340324e+00
5.220215147521697574e+00
5.245433578186054824e+00
5.270652008850409409e+00
5.295870439514763994e+00
5.321088870179121244e+00
5.346307300843478494e+00
5.371525731507835744e+00
5.396744162172190329e+00
5.421962592836544914e+00
5.447181023500902164e+00
5.472399454165259414e+00
5.497617884829613999e+00
5.522836315493968584e+00
5.548054746158325834e+00
5.573273176822683084e+00
5.598491607487037669e+00
5.623710038151393142e+00
5.648928468815749504e+00
5.674146899480106754e+00
5.699365330144462227e+00
5.724583760808816812e+00
5.749802191473174062e+00
5.775020622137531312e+00
5.800239052801887674e+00
5.825457483466243147e+00
5.850675914130597732e+00
5.875894344794954982e+00
5.901112775459312232e+00
5.926331206123666817e+00
5.951549636788021402e+00
5.976768067452378652e+00
6.001986498116735902e+00
6.027204928781090487e+00
6.052423359445445072e+00
6.077641790109802322e+00
6.102860220774159572e+00
6.128078651438514157e+00
6.153297082102869631e+00
6.178515512767225992e+00
6.203733943431583242e+00
6.228952374095940492e+00
6.254170804760295077e+00
6.279389235424650550e+00
6.304607666089006912e+00
6.329826096753364162e+00
6.355044527417719635e+00
6.380262958082074221e+00
6.405481388746431470e+00
6.430699819410788720e+00
6.455918250075143305e+00
6.481136680739497891e+00
6.506355111403855140e+00
6.531573542068212390e+00
6.556791972732566975e+00
6.582010403396921561e+00
6.607228834061278810e+00
6.632447264725636060e+00
6.657665695389990645e+00
6.682884126054345231e+00
6.708102556718702481e+00
6.733320987383059730e+00
6.758539418047416980e+00
6.783757848711771565e+00
6.808976279376127039e+00
6.834194710040483400e+00
6.859413140704840650e+00
6.884631571369195235e+00
6.909850002033550709e+00
6.935068432697907959e+00
6.960286863362264320e+00
6.985505294026619794e+00
7.010723724690974379e+00
7.035942155355331629e+00
7.061160586019688878e+00
7.086379016684043464e+00
7.111597447348398049e+00
7.136815878012755299e+00
7.162034308677112548e+00
7.187252739341469798e+00
7.212471170005824384e+00
7.237689600670178969e+00
7.262908031334536219e+00
7.288126461998893468e+00
7.313344892663248054e+00
7.338563323327602639e+00
7.363781753991959889e+00
7.389000184656317138e+00
7.414218615320671724e+00
7.439437045985027197e+00
7.464655476649384447e+00
7.489873907313740808e+00
7.515092337978096282e+00
7.540310768642450867e+00
7.565529199306808117e+00
7.590747629971165367e+00
7.615966060635521728e+00
7.641184491299877202e+00
7.666402921964231787e+00
7.691621352628589037e+00
7.716839783292946287e+00
7.742058213957300872e+00
7.767276644621655457e+00
7.792495075286012707e+00
7.817713505950369957e+00
7.842931936614724542e+00
7.868150367279079127e+00
7.893368797943436377e+00
7.918587228607793627e+00
7.943805659272148212e+00
7.969024089936503685e+00
7.994242520600860047e+00
8.019460951265218185e+00
8.044679381929572770e+00
8.069897812593929132e+00
8.095116243258283717e+00
8.120334673922641855e+00
8.145553104586998217e+00
8.170771535251352802e+00
8.195989965915707387e+00
8.221208396580065525e+00
8.246426827244421887e+00
8.271645257908776472e+00
8.296863688573132833e+00
8.322082119237489195e+00
8.347300549901845557e+00
8.372518980566201918e+00
8.397737411230556503e+00
8.422955841894912865e+00
8.448174272559269227e+00
8.473392703223625588e+00
8.498611133887980174e+00
8.523829564552336535e+00
8.549047995216694673e+00
8.574266425881051035e+00
8.599484856545405620e+00
8.624703287209760205e+00
8.649921717874118343e+00
8.675140148538474705e+00
8.700358579202829290e+00
8.725577009867183875e+00
8.750795440531542013e+00
8.776013871195898375e+00
8.801232301860252960e+00
8.826450732524607545e+00
8.851669163188965683e+00
8.876887593853322045e+00
8.902106024517676630e+00
8.927324455182032992e+00
8.952542885846389353e+00
8.977761316510745715e+00
9.002979747175103853e+00
9.028198177839458438e+00
9.053416608503813023e+00
9.078635039168171161e+00
9.103853469832527523e+00
9.129071900496882108e+00
9.154290331161236693e+00
9.179508761825594831e+00
9.204727192489951193e+00
9.229945623154305778e+00
9.255164053818660364e+00
9.280382484483018501e+00
9.305600915147374863e+00
9.330819345811729448e+00
9.356037776476084034e+00
9.381256207140442172e+00
9.406474637804798533e+00
9.431693068469153118e+00
9.456911499133511256e+00
9.482129929797865842e+00
9.507348360462222203e+00
9.532566791126580341e+00
9.557785221790934926e+00
9.583003652455289512e+00
9.608222083119647650e+00
9.633440513784004011e+00
9.658658944448358596e+00
9.683877375112713182e+00
9.709095805777071320e+00
9.734314236441427681e+00
9.759532667105782267e+00
9.784751097770136852e+00
9.809969528434494990e+00
9.835187959098851351e+00
9.860406389763205937e+00
9.885624820427560522e+00
9.910843251091918660e+00
9.936061681756275021e+00
9.961280112420633159e+00
9.986498543084987745e+00
1.001171697374934233e+01
1.003693540441369869e+01
1.006215383507805683e+01
1.008737226574241141e+01
1.011259069640676600e+01
1.013780912707112236e+01
1.016302755773548050e+01
1.018824598839983508e+01
1.021346441906418967e+01
1.023868284972854781e+01
1.026390128039290417e+01
1.028911971105725875e+01
1.031433814172161689e+01
1.033955657238597148e+01
1.036477500305032784e+01
1.038999343371468242e+01
1.041521186437904056e+01
1.044043029504339515e+01
1.046564872570775151e+01
1.049086715637210609e+01
1.051608558703646423e+01
1.054130401770081882e+01
1.056652244836517518e+01
1.059174087902952976e+01
1.061695930969388790e+01
1.064217774035824426e+01
1.066739617102259885e+01
1.069261460168695699e+01
1.071783303235131157e+01
1.074305146301566793e+01
1.076826989368002430e+01
1.079348832434438066e+01
1.081870675500873524e+01
1.084392518567309338e+01
1.086914361633744797e+01
1.089436204700180433e+01
1.091958047766615891e+01
1.094479890833051705e+01
1.097001733899487164e+01
1.099523576965922800e+01
1.102045420032358258e+01
1.104567263098794072e+01
1.107089106165229708e+01
1.109610949231665167e+01
1.112132792298100981e+01
1.114654635364536439e+01
1.117176478430972075e+01
1.119698321497407534e+01
1.122220164563843348e+01
1.124742007630278806e+01
1.127263850696714442e+01
1.129785693763149901e+01
1.132307536829585715e+01
1.134829379896021173e+01
1.137351222962456809e+01
1.139873066028892445e+01
1.142394909095328082e+01
1.144916752161763540e+01
1.147438595228199354e+01
1.149960438294634812e+01
1.152482281361070449e+01
1.155004124427506262e+01
1.157525967493941721e+01
1.160047810560377357e+01
1.162569653626812816e+01
1.165091496693248629e+01
1.167613339759684088e+01
1.170135182826119724e+01
1.172657025892555183e+01
1.175178868958990996e+01
1.177700712025426455e+01
1.180222555091862091e+01
1.182744398158297550e+01
1.185266241224733363e+01
1.187788084291168822e+01
1.190309927357604458e+01
1.192831770424040094e+01
1.195353613490475730e+01
1.197875456556911189e+01
1.200397299623347003e+01
1.202919142689782639e+01
1.205440985756218097e+01
1.207962828822653734e+01
1.210484671889089370e+01
1.213006514955525006e+01
1.215528358021960464e+01
1.218050201088396278e+01
1.220572044154831737e+01
1.223093887221267373e+01
1.225615730287702831e+01
1.228137573354138645e+01
1.230659416420574104e+01
1.233181259487009740e+01
1.235703102553445198e+01
1.238224945619881012e+01
1.240746788686316471e+01
1.243268631752752107e+01
1.245790474819187921e+01
1.248312317885623379e+01
1.250834160952059015e+01
1.253356004018494474e+01
1.255877847084930288e+01
1.258399690151365746e+01
1.260921533217801382e+01
1.263443376284237019e+01
1.265965219350672655e+01
1.268487062417108113e+01
1.271008905483543927e+01
1.273530748549979386e+01
1.276052591616415022e+01
1.278574434682850480e+01
1.281096277749286294e+01
1.283618120815721753e+01
1.286139963882157389e+01
1.288661806948592847e+01
1.291183650015028661e+01
1.293705493081464297e+01
1.296227336147899756e+01
1.298749179214335570e+01
1.301271022280771028e+01
1.303792865347206664e+01
1.306314708413642123e+01
1.308836551480077937e+01
1.311358394546513395e+01
1.313880237612949031e+01
1.316402080679384667e+01
1.318923923745820304e+01
1.321445766812255762e+01
1.323967609878691576e+01
1.326489452945127034e+01
1.329011296011562671e+01
1.331533139077998129e+01
1.334054982144433943e+01
1.336576825210869401e+01
1.339098668277305038e+01
1.341620511343740851e+01
1.344142354410176310e+01
1.346664197476611946e+01
1.349186040543047405e+01
1.351707883609483218e+01
1.354229726675918677e+01
1.356751569742354313e+01
1.359273412808789772e+01
1.361795255875225585e+01
1.364317098941661044e+01
1.366838942008096680e+01
1.369360785074532316e+01
1.371882628140967952e+01
1.374404471207403411e+01
1.376926314273839047e+01
1.379448157340274683e+01
1.381970000406710319e+01
1.384491843473145956e+01
1.387013686539581592e+01
1.389535529606017228e+01
1.392057372672452686e+01
1.394579215738888500e+01
1.397101058805323959e+01
1.399622901871759595e+01
1.402144744938195053e+01
1.404666588004630867e+01
1.407188431071066326e+01
1.409710274137501962e+01
1.412232117203937420e+01
1.414753960270373234e+01
1.417275803336808693e+01
1.419797646403244329e+01
1.422319489469679787e+01
1.424841332536115601e+01
1.427363175602551060e+01
1.429885018668986696e+01
1.432406861735422510e+01
1.434928704801857968e+01
1.437450547868293604e+01
1.439972390934729241e+01
1.442494234001164877e+01
1.445016077067600335e+01
1.447537920134036149e+01
1.450059763200471608e+01
1.452581606266907244e+01
1.455103449333342702e+01
1.457625292399778516e+01
1.460147135466213975e+01
1.462668978532649611e+01
1.465190821599085069e+01
1.467712664665520883e+01
1.470234507731956342e+01
1.472756350798391978e+01
1.475278193864827436e+01
1.477800036931263250e+01
1.480321879997698886e+01
1.482843723064134345e+01
1.485365566130570159e+01
1.487887409197005617e+01
1.490409252263441253e+01
1.492931095329876889e+01
1.495452938396312526e+01
1.497974781462747984e+01
1.500496624529183620e+01
1.503018467595619256e+01
1.505540310662054893e+01
1.508062153728490351e+01
1.510583996794926165e+01
1.513105839861361623e+01
1.515627682927797260e+01
1.518149525994232718e+01
1.520671369060668532e+01
1.523193212127104168e+01
1.525715055193539627e+01
1.528236898259975440e+01
1.530758741326411076e+01
1.533280584392846890e+01
1.535802427459281994e+01
1.538324270525717807e+01
1.540846113592153088e+01
1.543367956658588724e+01
1.545889799725024361e+01
1.548411642791460174e+01
1.550933485857895811e+01
1.553455328924331624e+01
1.555977171990766905e+01
1.558499015057202541e+01
1.561020858123637822e+01
1.563542701190073458e+01
1.566064544256509272e+01
1.568586387322944908e+01
1.571108230389380722e+01
1.573630073455816358e+01
1.576151916522251994e+01
1.578673759588687275e+01
1.581195602655123089e+01
1.583717445721558192e+01
1.586239288787994006e+01
1.588761131854429642e+01
1.591282974920865456e+01
1.593804817987301092e+01
1.596326661053736906e+01
1.598848504120172009e+01
1.601370347186607646e+01
1.603892190253042926e+01
1.606414033319478918e+01
1.608935876385914554e+01
1.611457719452350190e+01
1.613979562518785826e+01
1.616501405585221463e+01
1.619023248651657454e+01
1.621545091718092735e+01
1.624066934784528371e+01
1.626588777850963652e+01
1.629110620917399288e+01
1.631632463983834924e+01
1.634154307050270560e+01
1.636676150116706552e+01
1.639197993183142188e+01
1.641719836249577469e+01
1.644241679316013105e+01
1.646763522382448386e+01
1.649285365448884022e+01
1.651807208515319658e+01
1.654329051581755294e+01
1.656850894648191286e+01
1.659372737714626922e+01
1.661894580781062558e+01
1.664416423847497839e+01
1.666938266913933475e+01
1.669460109980368756e+01
1.671981953046804392e+01
1.674503796113240384e+01
1.677025639179676020e+01
1.679547482246111656e+01
1.682069325312547292e+01
1.684591168378982573e+01
1.687113011445418209e+01
1.689634854511853490e+01
1.692156697578289126e+01
1.694678540644725118e+01
1.697200383711160754e+01
1.699722226777596390e+01
1.702244069844032026e+01
1.704765912910467307e+01
1.707287755976902943e+01
1.709809599043338935e+01
1.712331442109774216e+01
1.714853285176209852e+01
1.717375128242645488e+01
1.719896971309081124e+01
1.722418814375516760e+01
1.724940657441952752e+01
1.727462500508387677e+01
1.729984343574823669e+01
1.732506186641258950e+01
1.735028029707694586e+01
1.737549872774130222e+01
1.740071715840565858e+01
1.742593558907001494e+01
1.745115401973437486e+01
1.747637245039872766e+01
1.750159088106308403e+01
1.752680931172744039e+01
1.755202774239179320e+01
1.757724617305614956e+01
1.760246460372050592e+01
1.762768303438486583e+01
1.765290146504922220e+01
1.767811989571357856e+01
1.770333832637793137e+01
1.772855675704228773e+01
1.775377518770664054e+01
1.777899361837099690e+01
1.780421204903535326e+01
1.782943047969971317e+01
1.785464891036406954e+01
1.787986734102842590e+01
1.790508577169277871e+01
1.793030420235713507e+01
1.795552263302148788e+01
1.798074106368584424e+01
1.800595949435020415e+01
1.803117792501456051e+01
1.805639635567891688e+01
1.808161478634327324e+01
1.810683321700762960e+01
1.813205164767198241e+01
1.815727007833634232e+01
1.818248850900069158e+01
1.820770693966505149e+01
1.823292537032940785e+01
1.825814380099376422e+01
1.828336223165812058e+01
1.830858066232248049e+01
1.833379909298682975e+01
1.835901752365118966e+01
1.838423595431554247e+01
1.840945438497989883e+01
1.843467281564425519e+01
1.845989124630861156e+01
1.848510967697296792e+01
1.851032810763732783e+01
1.853554653830168419e+01
1.856076496896603700e+01
1.858598339963039336e+01
1.861120183029474617e+01
1.863642026095910254e+01
1.866163869162345890e+01
1.868685712228781881e+01
1.871207555295217517e+01
1.873729398361653153e+01
1.876251241428088434e+01
1.878773084494524070e+01
1.881294927560959351e+01
1.883816770627394988e+01
1.886338613693830624e+01
1.888860456760266615e+01
1.891382299826702251e+01
1.893904142893137887e+01
1.896425985959573524e+01
1.898947829026008804e+01
1.901469672092444441e+01
1.903991515158879722e+01
1.906513358225315713e+01
1.909035201291751349e+01
1.911557044358186985e+01
1.914078887424622621e+01
1.916600730491058258e+01
1.919122573557493538e+01
1.921644416623929530e+01
1.924166259690364456e+01
1.926688102756800447e+01
1.929209945823236083e+01
1.931731788889671719e+01
1.934253631956107355e+01
1.936775475022542992e+01
1.939297318088978983e+01
1.941819161155414264e+01
1.944341004221849900e+01
1.946862847288285181e+01
1.949384690354720817e+01
1.951906533421156453e+01
1.954428376487592089e+01
1.956950219554028081e+01
1.959472062620463717e+01
1.961993905686898998e+01
1.964515748753334634e+01
1.967037591819769915e+01
1.969559434886205551e+01
1.972081277952641187e+01
1.974603121019076823e+01
1.977124964085512815e+01
1.979646807151948451e+01
1.982168650218383732e+01
1.984690493284819368e+01
1.987212336351255004e+01
1.989734179417690285e+01
1.992256022484125921e+01
1.994777865550561913e+01
1.997299708616997549e+01
1.999821551683433185e+01
2.002343394749868821e+01
2.004865237816304102e+01
2.007387080882739738e+01
2.009908923949175019e+01
2.012430767015610655e+01
2.014952610082046647e+01
2.017474453148482283e+01
2.019996296214917919e+01
2.022518139281353555e+01
2.025039982347788836e+01
2.027561825414224472e+01
2.030083668480660464e+01
2.032605511547095745e+01
2.035127354613531381e+01
2.037649197679967017e+01
2.040171040746402653e+01
2.042692883812838289e+01
2.045214726879274281e+01
2.047736569945709562e+01
2.050258413012145198e+01
2.052780256078580834e+01
2.055302099145016115e+01
2.057823942211451751e+01
2.060345785277887387e+01
2.062867628344323379e+01
2.065389471410758304e+01
2.067911314477194296e+01
2.070433157543629932e+01
2.072955000610065568e+01
2.075476843676501204e+01
2.077998686742936485e+01
2.080520529809372121e+01
2.083042372875808113e+01
2.085564215942243749e+01
2.088086059008679030e+01
2.090607902075114666e+01
2.093129745141550302e+01
2.095651588207985938e+01
2.098173431274421219e+01
2.100695274340857210e+01
2.103217117407292847e+01
2.105738960473728483e+01
2.108260803540163764e+01
2.110782646606599400e+01
2.113304489673035036e+01
2.115826332739471027e+01
2.118348175805905953e+01
2.120870018872341944e+01
2.123391861938777581e+01
2.125913705005213217e+01
2.128435548071648853e+01
2.130957391138084134e+01
2.133479234204519770e+01
2.136001077270955761e+01
2.138522920337391398e+01
2.141044763403826678e+01
2.143566606470262315e+01
2.146088449536697951e+01
2.148610292603133587e+01
2.151132135669568868e+01
2.153653978736004859e+01
2.156175821802440495e+01
2.158697664868876132e+01
2.161219507935311412e+01
2.163741351001747049e+01
2.166263194068182685e+01
2.168785037134618676e+01
2.171306880201054312e+01
2.173828723267489593e+01
2.176350566333925229e+01
2.178872409400360866e+01
2.181394252466796502e+01
2.183916095533231783e+01
2.186437938599667419e+01
2.188959781666103410e+01
2.191481624732539046e+01
2.194003467798974327e+01
2.196525310865409963e+01
2.199047153931845600e+01
2.201568996998281236e+01
2.204090840064716517e+01
2.206612683131152508e+01
2.209134526197588144e+01
2.211656369264023780e+01
2.214178212330459417e+01
2.216700055396894697e+01
2.219221898463330334e+01
2.221743741529765970e+01
2.224265584596201961e+01
2.226787427662637242e+01
2.229309270729072878e+01
2.231831113795508514e+01
2.234352956861944151e+01
2.236874799928379431e+01
2.239396642994815068e+01
2.241918486061251059e+01
2.244440329127686695e+01
2.246962172194121976e+01
2.249484015260557612e+01
2.252005858326993248e+01
2.254527701393428885e+01
2.257049544459864165e+01
2.259571387526299802e+01
2.262093230592735793e+01
2.264615073659171429e+01
2.267136916725607065e+01
2.269658759792042346e+01
2.272180602858477982e+01
2.274702445924913619e+01
2.277224288991349610e+01
2.279746132057784891e+01
2.282267975124220527e+01
2.284789818190656163e+01
2.287311661257091799e+01
2.289833504323527080e+01
2.292355347389962716e+01
2.294877190456398708e+01
2.297399033522834344e+01
2.299920876589269625e+01
2.302442719655705261e+01
2.304964562722140897e+01
2.307486405788576533e+01
2.310008248855012525e+01
2.312530091921447450e+01
2.315051934987883442e+01
2.317573778054319078e+01
2.320095621120754714e+01
2.322617464187189995e+01
2.325139307253625631e+01
2.327661150320061267e+01
2.330182993386497259e+01
2.332704836452932540e+01
2.335226679519368176e+01
2.337748522585803812e+01
2.340270365652239448e+01
2.342792208718674729e+01
2.345314051785110365e+01
2.347835894851546357e+01
2.350357737917981993e+01
2.352879580984417629e+01
2.355401424050852910e+01
2.357923267117288546e+01
2.360445110183724182e+01
2.362966953250160174e+01
2.365488796316595099e+01
2.368010639383031091e+01
2.370532482449466727e+01
2.373054325515902363e+01
2.375576168582337644e+01
2.378098011648773280e+01
2.380619854715208916e+01
2.383141697781644908e+01
2.385663540848080189e+01
2.388185383914515825e+01
2.390707226980951461e+01
2.393229070047387097e+01
2.395750913113822378e+01
2.398272756180258014e+01
2.400794599246694006e+01
2.403316442313129642e+01
2.405838285379565278e+01
2.408360128446000559e+01
2.410881971512436195e+01
2.413403814578871831e+01
2.415925657645307467e+01
2.418447500711742748e+01
2.420969343778178740e+01
2.423491186844614376e+01
2.426013029911050012e+01
2.428534872977485293e+01
2.431056716043920929e+01
2.433578559110356565e+01
2.436100402176792556e+01
2.438622245243227837e+01
2.441144088309663474e+01
2.443665931376099110e+01
2.446187774442534746e+01
2.448709617508970382e+01
2.451231460575405663e+01
2.453753303641841654e+01
2.456275146708277290e+01
2.458796989774712927e+01
2.461318832841148208e+01
2.463840675907583844e+01
2.466362518974019480e+01
2.468884362040455116e+01
2.471406205106890397e+01
2.473928048173326388e+01
2.476449891239762024e+01
2.478971734306197661e+01
2.481493577372632942e+01
2.484015420439068578e+01
2.486537263505504214e+01
2.489059106571940205e+01
2.491580949638375841e+01
2.494102792704811122e+01
2.496624635771246759e+01
2.499146478837682395e+01
2.501668321904118031e+01
2.504190164970553312e+01
2.506712008036988948e+01
2.509233851103424939e+01
2.511755694169860575e+01
2.514277537236295856e+01
2.516799380302731493e+01
2.519321223369167129e+01
