0.000000000000000000e+00
2.197842488370931648e-05
8.789774970190544366e-05
1.977270375983409439e-04
3.514260087571842201e-04
5.489450503042848364e-04
7.902252283135273491e-04
1.075198301915304688e-03
1.403786739503729269e-03
1.775903737038442764e-03
2.191453238436549909e-03
2.650329958049946547e-03
3.152419405222132813e-03
3.697597910918809950e-03
4.285732656425370220e-03
4.916681704104840407e-03
5.590294030208054800e-03
6.306409559728528083e-03
7.064859203293212715e-03
7.865464896080547400e-03
8.708039638755434714e-03
9.592387540412082234e-03
1.051830386351368385e-02
1.148557507081789629e-02
1.249397887427667470e-02
1.354328428590003720e-02
1.463325167056714685e-02
1.576363280077773890e-02
1.693417091332481694e-02
1.814460076787952764e-02
1.939464870746995806e-02
2.068403272084225544e-02
2.201246250668649485e-02
2.337963953971368414e-02
2.478525713856556678e-02
2.622900053554312605e-02
2.771054694813487526e-02
2.922956565232780884e-02
3.078571805768499578e-02
3.237865778416840895e-02
3.400803074069068399e-02
3.567347520537711425e-02
3.737462190751569130e-02
3.911109411117695556e-02
4.088250770048471733e-02
4.268847126651385132e-02
4.452858619579620758e-02
4.640244676041422461e-02
4.830964020965481526e-02
5.024974686321019568e-02
5.222234020589431452e-02
5.422698698385819416e-02
5.626324730227644927e-02
5.833067472448490859e-02
6.042881637254364502e-02
6.255721302919985127e-02
6.471539924122883536e-02
6.690290342412655300e-02
6.911924796812619898e-02
7.136394934551901215e-02
7.363651821924614704e-02
7.593645955274315462e-02
7.826327272100221111e-02
8.061645162283373467e-02
8.299548479429404158e-02
8.539985552325288221e-02
8.782904196507901329e-02
9.028251725940536487e-02
9.275974964795703770e-02
9.526020259340510499e-02
9.778333489922248767e-02
1.003286008305134674e-01
1.028954502357806999e-01
1.054833286696142541e-01
1.080916775162574228e-01
1.107199341140321924e-01
1.133675318805880960e-01
1.160339004389466522e-01
1.187184657443110664e-01
1.214206502116087633e-01
1.241398728437433374e-01
1.268755493605143725e-01
1.296270923281837850e-01
1.323939112896555526e-01
1.351754128952327438e-01
1.379710010339296744e-01
1.407800769652988448e-01
1.436020394517487642e-01
1.464362848913175752e-01
1.492822074508710350e-01
1.521391991996940973e-01
1.550066502434454541e-01
1.578839488584412865e-01
1.607704816262393588e-01
1.636656335684869290e-01
1.665687882820069965e-01
1.694793280740860830e-01
1.723966340979339318e-01
1.753200864882849264e-01
1.782490644971013449e-01
1.811829466293612134e-01
1.841211107788844059e-01
1.870629343641726228e-01
1.900077944642308003e-01
1.929550679543394487e-01
1.959041316417377832e-01
1.988543624012023003e-01
2.018051373104703117e-01
2.047558337854949173e-01
2.077058297154829314e-01
2.106545035977002711e-01
2.136012346720010946e-01
2.165454030550587328e-01
2.194863898742598629e-01
2.224235774012381373e-01
2.253563491850098799e-01
2.282840901846867054e-01
2.312061869017314475e-01
2.341220275117278649e-01
2.370310019956347880e-01
2.399325022704908716e-01
2.428259223195505800e-01
2.457106583218024720e-01
2.485861087808655667e-01
2.514516746532119429e-01
2.543067594756965866e-01
2.571507694923713117e-01
2.599831137805381220e-01
2.628032043760310521e-01
2.656104563976851574e-01
2.684042881709725603e-01
2.711841213507729109e-01
2.739493810432547249e-01
2.766994959268376797e-01
2.794338983722106096e-01
2.821520245613737821e-01
2.848533146056905219e-01
2.875372126629064384e-01
2.902031670531242113e-01
2.928506303736981287e-01
2.954790596130325575e-01
2.980879162632469326e-01
3.006766664317002125e-01
3.032447809513312276e-01
3.057917354898032625e-01
3.083170106574284475e-01
3.108200921138419281e-01
3.133004706734106581e-01
3.157576424093458400e-01
3.181911087565080232e-01
3.206003766128689425e-01
3.229849584396211060e-01
3.253443723599063753e-01
3.276781422561438895e-01
3.299857978659400670e-01
3.322668748765577607e-01
3.345209150179219715e-01
3.367474661541513536e-01
3.389460823735878092e-01
3.411163240773101846e-01
3.432577580661111960e-01
3.453699576259267046e-01
3.474525026116864201e-01
3.495049795295848138e-01
3.515269816177452045e-01
3.535181089252613096e-01
3.554779683896108766e-01
3.574061739124076431e-01
3.593023464334980099e-01
3.611661140033716744e-01
3.629971118538780073e-01
3.647949824672395702e-01
3.665593756433370154e-01
3.682899485652675886e-01
3.699863658631563079e-01
3.716482996762042745e-01
3.732754297129777799e-01
3.748674433099072889e-01
3.764240354880048489e-01
3.779449090077745543e-01
3.794297744223190105e-01
3.808783501286213125e-01
3.822903624170053694e-01
3.836655455187560348e-01
3.850036416518969884e-01
3.863044010651190963e-01
3.875675820798515359e-01
3.887929511304669128e-01
3.899802828026186496e-01
3.911293598697048735e-01
3.922399733274462008e-01
3.933119224265868019e-01
3.943450147037028675e-01
3.953390660101179788e-01
3.962939005389254921e-01
3.972093508501131631e-01
3.980852578937888464e-01
3.989214710314991641e-01
3.997178480556519142e-01
4.004742552070313377e-01
4.011905671904086867e-01
4.018666671882536456e-01
4.025024468725350024e-01
4.030978064146259476e-01
4.036526544933057847e-01
4.041669083008611607e-01
4.046404935472940334e-01
4.050733444626355428e-01
4.054654037973663971e-01
4.058166228209570403e-01
4.061269613185187755e-01
4.063963875855818864e-01
4.066248784209989253e-01
4.068124191179831040e-01
4.069590034532840628e-01
4.070646336745065152e-01
4.071293204855880310e-01
4.071530830304294635e-01
4.071359488746948974e-01
4.070779539857876106e-01
4.069791427110081017e-01
4.068395677539058952e-01
4.066592901488326195e-01
4.064383792337064594e-01
4.061769126210012515e-01
4.058749761669613876e-01
4.055326639390670063e-01
4.051500781817526931e-01
4.047273292803867939e-01
4.042645357235361558e-01
4.037618240635185707e-01
4.032193288752592419e-01
4.026371927134652084e-01
4.020155660681312693e-01
4.013546073183864027e-01
4.006544826847064922e-01
3.999153661794925818e-01
3.991374395560467470e-01
3.983208922559434706e-01
3.974659213548281667e-01
3.965727315066494008e-01
3.956415348863389081e-01
3.946725511309704393e-01
3.936660072793964349e-01
3.926221377103924493e-01
3.915411840793223130e-01
3.904233952533422425e-01
3.892690272451627131e-01
3.880783431453871390e-01
3.868516130534445097e-01
3.855891140071390222e-01
3.842911299108298095e-01
3.829579514622664660e-01
3.815898760780988552e-01
3.801872078180764669e-01
3.787502573079687407e-01
3.772793416612131856e-01
3.757747843993257120e-01
3.742369153710830010e-01
3.726660706705073323e-01
3.710625925536692460e-01
3.694268293543349624e-01
3.677591353984760447e-01
3.660598709176660082e-01
3.643294019613884105e-01
3.625681003082750764e-01
3.607763433762971039e-01
3.589545141319406274e-01
3.571030009983757192e-01
3.552221977626577321e-01
3.533125034819687427e-01
3.513743223889404521e-01
3.494080637960656488e-01
3.474141419992327617e-01
3.453929761804067633e-01
3.433449903094715761e-01
3.412706130452771713e-01
3.391702776358929139e-01
3.370444218181098961e-01
3.348934877162093038e-01
3.327179217400208500e-01
3.305181744823014744e-01
3.282947006154525171e-01
3.260479587876076168e-01
3.237784115181127076e-01
3.214865250924187068e-01
3.191727694564269746e-01
3.168376181102933176e-01
3.144815480017312259e-01
3.121050394188368826e-01
3.097085758824533186e-01
3.072926440381090196e-01
3.048577335475512462e-01
3.024043369799033210e-01
2.999329497024653679e-01
2.974440697711918657e-01
2.949381978208651112e-01
2.924158369549947900e-01
2.898774926354668602e-01
2.873236725719641171e-01
2.847548866111943022e-01
2.821716466259387990e-01
2.795744664039558902e-01
2.769638615367590595e-01
2.743403493082994804e-01
2.717044485835772294e-01
2.690566796972002628e-01
2.663975643419289052e-01
2.637276254572173961e-01
2.610473871177853011e-01
2.583573744222434909e-01
2.556581133817977802e-01
2.529501308090515987e-01
2.502339542069383915e-01
2.475101116578076188e-01
2.447791317126836175e-01
2.420415432807223322e-01
2.392978755188985007e-01
2.365486577219378383e-01
2.337944192125182841e-01
2.310356892317737276e-01
2.282729968301092927e-01
2.255068707583656462e-01
2.227378393593447969e-01
2.199664304597285236e-01
2.171931712624031729e-01
2.144185882392247722e-01
2.116432070242376395e-01
2.088675523073735829e-01
2.060921477286499215e-01
2.033175157728958071e-01
2.005441776650188079e-01
1.977726532658407588e-01
1.950034609685214471e-01
1.922371175955893963e-01
1.894741382966056709e-01
1.867150364464764678e-01
1.839603235444355611e-01
1.812105091137232726e-01
1.784661006019681584e-01
1.757276032823102407e-01
1.729955201552654531e-01
1.702703518513647984e-01
1.675525965345822654e-01
1.648427498065686003e-01
1.621413046117134993e-01
1.594487511430477122e-01
1.567655767490129248e-01
1.540922658411101320e-01
1.514292998024414361e-01
1.487771568971712477e-01
1.461363121809172716e-01
1.435072374120894556e-01
1.408904009641944177e-01
1.382862677391173134e-01
1.356952990814041249e-01
1.331179526935529212e-01
1.305546825523324628e-01
1.280059388261434727e-01
1.254721677934337587e-01
1.229538117621869764e-01
1.204513089904953038e-01
1.179650936082273088e-01
1.154955955398117434e-01
1.130432404281418446e-01
1.106084495596212913e-01
1.081916397903560784e-01
1.057932234735096538e-01
1.034136083878332002e-01
1.010531976673786358e-01
9.871238973241003301e-02
9.639157822152095989e-02
9.409115192496908531e-02
9.181149471924082706e-02
8.955298550285242798e-02
8.731599813339688265e-02
8.510090136585109211e-02
8.290805879214351026e-02
8.073782878200158608e-02
7.859056442507680873e-02
7.646661347436216338e-02
7.436631829090674384e-02
7.229001578983587639e-02
7.023803738768316651e-02
6.821070895104044962e-02
6.620835074653347307e-02
6.423127739212841636e-02
6.227979780977407898e-02
6.035421517938670960e-02
5.845482689418086270e-02
5.658192451735261780e-02
5.473579374011683374e-02
5.291671434110626487e-02
5.112496014713072134e-02
4.936079899530688292e-02
4.762449269655519984e-02
4.591629700046902934e-02
4.423646156155932457e-02
4.258522990687586829e-02
4.096283940500669574e-02
3.936952123645744844e-02
3.780550036541196340e-02
3.627099551287287643e-02
3.476621913118684709e-02
3.329137737994980473e-02
3.184667010329540748e-02
3.043229080856383120e-02
2.904842664635284150e-02
2.769525839194728750e-02
2.637296042812612568e-02
2.508170072934791037e-02
2.382164084730779494e-02
2.259293589786962042e-02
2.139573454936407812e-02
2.023017901225678331e-02
1.909640503017575111e-02
1.799454187230218466e-02
1.692471232711368484e-02
1.588703269748252198e-02
1.488161279711811870e-02
1.390855594835434250e-02
1.296795898127360916e-02
1.205991223416315664e-02
1.118449955529961584e-02
1.034179830605245348e-02
9.531879365305463009e-03
8.754807135183902134e-03
8.010639548086494546e-03
7.299428075011019264e-03
6.621217735169273970e-03
5.976047106881949428e-03
5.363948339747623591e-03
4.784947168076721276e-03
4.239062925583042540e-03
3.726308561323294494e-03
3.246690656879090177e-03
2.800209444767551466e-03
2.386858828077441635e-03
2.006626401315695155e-03
1.659493472459793676e-03
1.345435086202578139e-03
1.064420048381739536e-03
8.164109515830807228e-04
6.013642019065168530e-04
4.192300468857674948e-04
2.699526045493098165e-04
1.534698936126518292e-04
6.971386479021960650e-05
1.861043321571025284e-05
7.951195916774002670e-08
1.403504662905818432e-05
6.038505104741938268e-05
1.390316439858772833e-04
2.498710869502919984e-04
3.927938230014393559e-04
5.676845165992948578e-04
7.744220944577251495e-04
1.012879787397049638e-03
1.282925173180998702e-03
1.584420220324969219e-03
1.917221332862098764e-03
2.281179396053428267e-03
2.676139823028874341e-03
3.101942602344520076e-03
3.558422346442894225e-03
4.045408341001323002e-03
4.562724595155318030e-03
5.110189892581436071e-03
5.687617843425578357e-03
6.294816937062248062e-03
6.931590595670615758e-03
7.597737228610811945e-03
8.293050287587921954e-03
9.017318322586778331e-03
9.770325038563221903e-03
1.055184935287675763e-02
1.136166545344962850e-02
1.219954285763573745e-02
1.306524647178467467e-02
1.395853665148762135e-02
1.487916926248391419e-02
1.582689574221942883e-02
1.680146316203593934e-02
1.780261428997862230e-02
1.883008765420413066e-02
1.988361760697508751e-02
2.096293438922384317e-02
2.206776419566962300e-02
2.319782924047401884e-02
2.435284782341837206e-02
2.553253439658603741e-02
2.673659963153615302e-02
2.796475048694867585e-02
2.921669027672971208e-02
3.049211873855623908e-02
3.179073210284720508e-02
3.311222316214477990e-02
3.445628134088601219e-02
3.582259276555587596e-02
3.721084033519705264e-02
3.862070379226806294e-02
4.005185979382790834e-02
4.150398198303462821e-02
4.297674106094034191e-02
4.446980485856781573e-02
4.598283840925018739e-02
4.751550402122068500e-02
4.906746135043538182e-02
5.063836747361211837e-02
5.222787696147088848e-02
5.383564195216024306e-02
5.546131222485193440e-02
5.710453527349132474e-02
5.876495638068329058e-02
6.044221869170423450e-02
6.213596328861937385e-02
6.384582926448942319e-02
6.557145379765955129e-02
6.731247222610201031e-02
6.906851812181169503e-02
7.083922336522455176e-02
7.262421821965964197e-02
7.442313140575397556e-02
7.623559017588781017e-02
7.806122038857915557e-02
7.989964658283317533e-02
8.175049205243335726e-02
8.361337892016079687e-02
8.548792821192262303e-02
8.737375993078116965e-02
8.927049313086483917e-02
9.117774599114915335e-02
9.309513588909199000e-02
9.502227947411258369e-02
9.695879274089608257e-02
9.890429110251103273e-02
1.008583894633306860e-01
1.028207022917381197e-01
1.047908436926053566e-01
1.067684274795332316e-01
1.087530672468388637e-01
1.107443764412756187e-01
1.127419684334769884e-01
1.147454565891055378e-01
1.167544543397034673e-01
1.187685752532178785e-01
1.207874331042102511e-01
1.228106419437113433e-01
1.248378161687336563e-01
1.268685705914148476e-01
1.289025205077843628e-01
1.309392817661450825e-01
1.329784708350522926e-01
1.350197048708854375e-01
1.370626017849939093e-01
1.391067803104159839e-01
1.411518600681481717e-01
1.431974616329662886e-01
1.452432065987764309e-01
1.472887176434953815e-01
1.493336185934440175e-01
1.513775344872459738e-01
1.534200916392208791e-01
1.554609177022650002e-01
1.574996417302038376e-01
1.595358942396166158e-01
1.615693072711130718e-01
1.635995144500622112e-01
1.656261510467575693e-01
1.676488540360171198e-01
1.696672621562008987e-01
1.716810159676469549e-01
1.736897579105100287e-01
1.756931323619992102e-01
1.776907856930055041e-01
1.796823663241124691e-01
1.816675247809794724e-01
1.836459137490964177e-01
1.856171881278934066e-01
1.875810050842090793e-01
1.895370241051043125e-01
1.914849070500116157e-01
1.934243182022259977e-01
1.953549243197152951e-01
1.972763946852584271e-01
1.991884011558940903e-01
2.010906182116815044e-01
2.029827230037661578e-01
2.048643954017409230e-01
2.067353180403047053e-01
2.085951763652059421e-01
2.104436586784723395e-01
2.122804561829192971e-01
2.141052630259304701e-01
2.159177763425112750e-01
2.177176962976066776e-01
2.195047261276806827e-01
2.212785721815570539e-01
2.230389439605098834e-01
2.247855541576068428e-01
2.265181186963036997e-01
2.282363567682782479e-01
2.299399908705083984e-01
2.316287468415893502e-01
2.333023538972870958e-01
2.349605446653224849e-01
2.366030552193940650e-01
2.382296251124202680e-01
2.398399974090189291e-01
2.414339187172042378e-01
2.430111392193156361e-01
2.445714127021599016e-01
2.461144965863851508e-01
2.476401519550652797e-01
2.491481435815089129e-01
2.506382399562863683e-01
2.521102133134736079e-01
2.535638396561115115e-01
2.549988987808863850e-01
2.564151743020209873e-01
2.578124536743904294e-01
2.591905282158444845e-01
2.605491931287579055e-01
2.618882475207884863e-01
2.632074944248600223e-01
2.645067408183605084e-01
2.657857976415609613e-01
2.670444798152551424e-01
2.682826062576194048e-01
2.694999999002974933e-01
2.706964877037106310e-01
2.718719006715891173e-01
2.730260738647372620e-01
2.741588464140244930e-01
2.752700615326093558e-01
2.763595665273962387e-01
2.774272128097302059e-01
2.784728559053287200e-01
2.794963554634523617e-01
2.804975752653233179e-01
2.814763832317878633e-01
2.824326514302266111e-01
2.833662560807208575e-01
2.842770775614698597e-01
2.851650004134707039e-01
2.860299133444578201e-01
2.868717092321069750e-01
2.876902851265129568e-01
2.884855422519357337e-01
2.892573860078225256e-01
2.900057259691170009e-01
2.907304758858442195e-01
2.914315536819937491e-01
2.921088814536852429e-01
2.927623854666422942e-01
2.933919961529611320e-01
2.939976481071880920e-01
2.945792800817073065e-01
2.951368349814467718e-01
2.956702598579008523e-01
2.961795059024835974e-01
2.966645284392092075e-01
2.971252869167094746e-01
2.975617448995924730e-01
2.979738700591471612e-01
2.983616341634002800e-01
2.987250130665309866e-01
2.990639866976471106e-01
2.993785390489304143e-01
2.996686581631554658e-01
2.999343361205911163e-01
3.001755690252818631e-01
3.003923569907286928e-01
3.005847041249603002e-01
3.007526185150124487e-01
3.008961122108168018e-01
3.010152012085032802e-01
3.011099054331284885e-01
3.011802487208284917e-01
3.012262588004102071e-01
3.012479672743838544e-01
3.012454095994382408e-01
3.012186250663794196e-01
3.011676567795217307e-01
3.010925516355524856e-01
3.009933603018670745e-01
3.008701371943880432e-01
3.007229404548710794e-01
3.005518319277027950e-01
3.003568771362059575e-01
3.001381452584481746e-01
2.998957091025675759e-01
2.996296450816215984e-01
2.993400331879638165e-01
2.990269569671587524e-01
2.986905034914381085e-01
2.983307633327105246e-01
2.979478305351251910e-01
2.975418025872046401e-01
2.971127803935463829e-01
2.966608682461050472e-01
2.961861737950612361e-01
2.956888080192833224e-01
2.951688851963917282e-01
2.946265228724310736e-01
2.940618418311547466e-01
2.934749660629388801e-01
2.928660227333201860e-01
2.922351421511764635e-01
2.915824577365468961e-01
2.909081059881102327e-01
2.902122264503179117e-01
2.894949616801978376e-01
2.887564572138291430e-01
2.879968615325022019e-01
2.872163260285648390e-01
2.864150049709674462e-01
2.855930554705093938e-01
2.847506374447987820e-01
2.838879135829312506e-01
2.830050493098912323e-01
2.821022127506919719e-01
2.811795746942489238e-01
2.802373085570102895e-01
2.792755903463338685e-01
2.782945986236321501e-01
2.772945144672853135e-01
2.762755214353321276e-01
2.752378055279429137e-01
2.741815551496885606e-01
2.731069610716038709e-01
2.720142163930591717e-01
2.709035165034460180e-01
2.697750590436805429e-01
2.686290438675367764e-01
2.674656730028133200e-01
2.662851506123432577e-01
2.650876829548479696e-01
2.638734783456560540e-01
2.626427471172751438e-01
2.613957015798380468e-01
2.601325559814275379e-01
2.588535264682803594e-01
2.575588310448844176e-01
2.562486895339728954e-01
2.549233235364211647e-01
2.535829563910572682e-01
2.522278131343867469e-01
2.508581204602442494e-01
2.494741066793752793e-01
2.480760016789550770e-01
2.466640368820523788e-01
2.452384452070431042e-01
2.437994610269828000e-01
2.423473201289393086e-01
2.408822596733014576e-01
2.394045181530563282e-01
2.379143353530573102e-01
2.364119523092749753e-01
2.348976112680467021e-01
2.333715556453256623e-01
2.318340299859404097e-01
2.302852799228635450e-01
2.287255521365051392e-01
2.271550943140273615e-01
2.255741551086946906e-01
2.239829840992596244e-01
2.223818317493910790e-01
2.207709493671533851e-01
2.191505890645411569e-01
2.175210037170718647e-01
2.158824469234462973e-01
2.142351729652834380e-01
2.125794367669268103e-01
2.109154938553394198e-01
2.092436003200842110e-01
2.075640127733992812e-01
2.058769883103695464e-01
2.041827844692072624e-01
2.024816591916371589e-01
2.007738707834004765e-01
1.990596778748737472e-01
1.973393393818185793e-01
1.956131144662554555e-01
1.938812624974748378e-01
1.921440430131876875e-01
1.904017156808205657e-01
1.886545402589563936e-01
1.869027765589356682e-01
1.851466844066093353e-01
1.833865236042578339e-01
1.816225538926775351e-01
1.798550349134386828e-01
1.780842261713186103e-01
1.763103869969177839e-01
1.745337765094588656e-01
1.727546535797752081e-01
1.709732767934935560e-01
1.691899044144131725e-01
1.674047943480870826e-01
1.656182041056085130e-01
1.638303907676055271e-01
1.620416109484514033e-01
1.602521207606892595e-01
1.584621757796778330e-01
1.566720310084648571e-01
1.548819408428845357e-01
1.530921590368868046e-01
1.513029386681052357e-01
1.495145321036602803e-01
1.477271909662049854e-01
1.459411661002162630e-01
1.441567075385354890e-01
1.423740644691590951e-01
1.405934852022846515e-01
1.388152171376173805e-01
1.370395067319317706e-01
1.352665994669042804e-01
1.334967398172071384e-01
1.317301712188754248e-01
1.299671360379431040e-01
1.282078755393595837e-01
1.264526298561789996e-01
1.247016379590321633e-01
1.229551376258826573e-01
1.212133654120654963e-01
1.194765566206180130e-01
1.177449452728972779e-01
1.160187640794931169e-01
1.142982444114327978e-01
1.125836162716882805e-01
1.108751082669772597e-01
1.091729475798699084e-01
1.074773599411959768e-01
1.057885696027607569e-01
1.041067993103666073e-01
1.024322702771435778e-01
1.007652021571924794e-01
9.910581301954096700e-02
9.745431932241328810e-02
9.581093588781869341e-02
9.417587587645427638e-02
9.254935076293169249e-02
9.093157031132252655e-02
8.932274255102685967e-02
8.772307375296589660e-02
8.613276840609976337e-02
8.455202919427311226e-02
8.298105697338817310e-02
8.142005074890629190e-02
7.986920765367989949e-02
7.832872292611844922e-02
7.679878988868342471e-02
7.527959992671959255e-02
7.377134246761857250e-02
7.227420496032059549e-02
7.078837285515010569e-02
6.931402958399031367e-02
6.785135654079398060e-02
6.640053306243508258e-02
6.496173640989777454e-02
6.353514174980681717e-02
6.212092213629804432e-02
6.071924849322889173e-02
5.933028959673380259e-02
5.795421205811805004e-02
5.659118030709658215e-02
5.524135657537433686e-02
5.390490088057131590e-02
5.258197101048989186e-02
5.127272250772665907e-02
4.997730865462741284e-02
4.869588045858824071e-02
4.742858663769822930e-02
4.617557360672971262e-02
4.493698546346890088e-02
4.371296397539569528e-02
4.250364856670437591e-02
4.130917630566992294e-02
4.012968189235847222e-02
3.896529764668169721e-02
3.781615349679594285e-02
3.668237696784421714e-02
3.556409317104095025e-02
3.446142479310147777e-02
3.337449208601371564e-02
3.230341285715211674e-02
3.124830245973330214e-02
3.020927378361396368e-02
2.918643724643009418e-02
2.817990078507605356e-02
2.718976984752485143e-02
2.621614738498601396e-02
2.525913384440537160e-02
2.431882716130051234e-02
2.339532275293557811e-02
2.248871351183131737e-02
2.159908979961387351e-02
2.072653944119674102e-02
1.987114771929890042e-02
1.903299736929600638e-02
1.821216857440462536e-02
1.740873896120011949e-02
1.662278359546340289e-02
1.585437497836071630e-02
1.510358304294984536e-02
1.437047515101780651e-02
1.365511609024393051e-02
1.295756807169018941e-02
1.227789072761577976e-02
1.161614110961801949e-02
1.097237368709430387e-02
1.034664034602705493e-02
9.738990388089062075e-03
9.149470530069181082e-03
8.578124903615787569e-03
8.024995055297539162e-03
7.490119946980342176e-03
6.973535956518469789e-03
6.475276878759934039e-03
5.995373926863120997e-03
5.533855733924313534e-03
5.090748354914499674e-03
4.666075268924642534e-03
4.259857381716661458e-03
3.872113028580163787e-03
3.502857977492272300e-03
3.152105432580436413e-03
2.819866037885127193e-03
2.506147881422280885e-03
2.210956499542800820e-03
1.934294881589081498e-03
1.676163474845270571e-03
1.436560189780883203e-03
1.215480405585831099e-03
1.012916975994782812e-03
8.288602354004177483e-04
6.632980052524457132e-04
5.162156007417869263e-04
3.875958377676755090e-04
2.774190401865658209e-04
1.856630473403273244e-04
1.123032218626430969e-04
5.731245776159204906e-05
2.066118877679230489e-05
2.317397009108904814e-06
2.246621821390356481e-06
2.041196900825996267e-05
5.677412023323317542e-05
1.112913427312624943e-04
1.839194992749184992e-04
2.746120584024090813e-04
3.833201049052714637e-04
5.099923505743421447e-04
6.545751452016106229e-04
8.170124878364324814e-04
9.972460382939893168e-04
1.195215128913951468e-03
1.410856776567782781e-03
1.644105694912232881e-03
1.894894306887725350e-03
2.163152757458602568e-03
2.448808926594593822e-03
2.751788442490122905e-03
3.072014695020949728e-03
3.409408849434292926e-03
3.763889860272143749e-03
4.135374485524812016e-03
4.523777301012874875e-03
4.929010714994967908e-03
5.350984983000535607e-03
5.789608222884341099e-03
6.244786430100696811e-03
6.716423493196925151e-03
7.204421209520782583e-03
7.708679301143278248e-03
8.229095430992146992e-03
8.765565219195739152e-03
9.317982259632890535e-03
9.886238136689352862e-03
1.047022244221636374e-02
1.106982279269102740e-02
1.168492484657408272e-02
1.231541232186522845e-02
1.296116701385274621e-02
1.362206881305511909e-02
1.429799572335188271e-02
1.498882388030370327e-02
1.569442756965623229e-02
1.641467924602910480e-02
1.714944955178492048e-02
1.789860733607671200e-02
1.866201967407296256e-02
1.943955188635639389e-02
2.023106755849567173e-02
2.103642856078531687e-02
2.185549506815477952e-02
2.268812558024189616e-02
2.353417694163058294e-02
2.439350436224693372e-02
