0.000000000000000000e+00
1.687923864711692729e-02
3.375847729423385457e-02
5.063771594134915122e-02
6.751695458846607156e-02
8.439619323558300579e-02
1.012754318826999261e-01
1.181546705298168604e-01
1.350339091769337807e-01
1.519131478240490774e-01
1.687923864711660116e-01
1.856716251182829180e-01
2.025508637653998523e-01
2.194301024125167865e-01
2.363093410596337207e-01
2.531885797067490174e-01
2.700678183538659516e-01
2.869470570009828858e-01
3.038262956480997645e-01
3.207055342952166987e-01
3.375847729423336330e-01
3.544640115894489574e-01
3.713432502365658361e-01
3.882224888836827703e-01
4.051017275307997045e-01
4.219809661779166388e-01
4.388602048250319076e-01
4.557394434721488419e-01
4.726186821192657761e-01
4.894979207663827103e-01
5.063771594134995890e-01
5.232563980606165233e-01
5.401356367077319032e-01
5.570148753548488374e-01
5.738941140019657716e-01
5.907733526490825948e-01
6.076525912961995290e-01
6.245318299433149090e-01
6.414110685904318432e-01
6.582903072375486664e-01
6.751695458846656006e-01
6.920487845317825348e-01
7.089280231788994691e-01
7.258072618260148490e-01
7.426865004731316722e-01
7.595657391202486064e-01
7.764449777673655406e-01
7.933242164144824748e-01
8.102034550615994091e-01
8.270826937087146780e-01
8.439619323558316122e-01
8.608411710029485464e-01
8.777204096500654806e-01
8.945996482971824149e-01
9.114788869442993491e-01
9.283581255914146180e-01
9.452373642385315522e-01
9.621166028856484864e-01
9.789958415327654206e-01
9.958750801798823549e-01
1.012754318826997624e+00
1.029633557474114669e+00
1.046512796121231492e+00
1.063392034768348537e+00
1.080271273415465361e+00
1.097150512062582184e+00
1.114029750709697675e+00
1.130908989356814498e+00
1.147788228003931543e+00
1.164667466651048366e+00
1.181546705298165190e+00
1.198425943945280681e+00
1.215305182592397504e+00
1.232184421239514327e+00
1.249063659886631372e+00
1.265942898533748195e+00
1.282822137180865241e+00
1.299701375827982064e+00
1.316580614475097333e+00
1.333459853122214378e+00
1.350339091769331201e+00
1.367218330416448246e+00
1.384097569063565070e+00
1.400976807710680339e+00
1.417856046357797384e+00
1.434735285004914207e+00
1.451614523652031252e+00
1.468493762299148075e+00
1.485373000946265121e+00
1.502252239593380390e+00
1.519131478240497213e+00
1.536010716887614258e+00
1.552889955534731081e+00
1.569769194181848126e+00
1.586648432828963395e+00
1.603527671476080219e+00
1.620406910123197264e+00
1.637286148770314087e+00
1.654165387417431132e+00
1.671044626064547955e+00
1.687923864711663224e+00
1.704803103358780270e+00
1.721682342005897093e+00
1.738561580653014138e+00
1.755440819300130961e+00
1.772320057947246230e+00
1.789199296594363275e+00
1.806078535241480099e+00
1.822957773888597144e+00
1.839837012535713967e+00
1.856716251182831012e+00
1.873595489829947836e+00
1.890474728477063104e+00
1.907353967124180150e+00
1.924233205771296973e+00
1.941112444418414018e+00
1.957991683065529287e+00
1.974870921712646110e+00
1.991750160359763155e+00
2.008629399006879979e+00
2.025508637653997024e+00
2.042387876301114069e+00
2.059267114948230670e+00
2.076146353595347716e+00
2.093025592242462984e+00
2.109904830889580030e+00
2.126784069536697075e+00
2.143663308183813676e+00
2.160542546830928945e+00
2.177421785478045990e+00
2.194301024125163035e+00
2.211180262772280081e+00
2.228059501419396682e+00
2.244938740066513727e+00
2.261817978713630772e+00
2.278697217360746041e+00
2.295576456007863086e+00
2.312455694654979688e+00
2.329334933302096733e+00
2.346214171949212002e+00
2.363093410596329047e+00
2.379972649243446092e+00
2.396851887890562693e+00
2.413731126537679739e+00
2.430610365184796784e+00
2.447489603831913385e+00
2.464368842479028654e+00
2.481248081126145699e+00
2.498127319773262744e+00
2.515006558420379790e+00
2.531885797067496391e+00
2.548765035714611660e+00
2.565644274361728705e+00
2.582523513008845750e+00
2.599402751655962795e+00
2.616281990303079397e+00
2.633161228950196442e+00
2.650040467597313487e+00
2.666919706244428756e+00
2.683798944891545801e+00
2.700678183538662402e+00
2.717557422185779448e+00
2.734436660832894717e+00
2.751315899480011762e+00
2.768195138127128807e+00
2.785074376774245408e+00
2.801953615421362453e+00
2.818832854068479499e+00
2.835712092715596544e+00
2.852591331362711813e+00
2.869470570009828414e+00
2.886349808656945459e+00
2.903229047304062505e+00
2.920108285951177773e+00
2.936987524598294819e+00
2.953866763245411420e+00
2.970746001892528465e+00
2.987625240539645510e+00
3.004504479186762556e+00
3.021383717833879157e+00
3.038262956480994426e+00
3.055142195128111471e+00
3.072021433775228516e+00
3.088900672422345561e+00
3.105779911069462162e+00
3.122659149716577431e+00
3.139538388363694477e+00
3.156417627010811522e+00
3.173296865657928567e+00
3.190176104305045168e+00
3.207055342952162214e+00
3.223934581599279259e+00
3.240813820246394528e+00
3.257693058893511573e+00
3.274572297540628174e+00
3.291451536187745219e+00
3.308330774834860488e+00
3.325210013481977533e+00
3.342089252129094579e+00
3.358968490776211180e+00
3.375847729423328225e+00
3.392726968070445270e+00
3.409606206717561871e+00
3.426485445364677584e+00
3.443364684011794186e+00
3.460243922658911231e+00
3.477123161306028276e+00
3.494002399953143545e+00
3.510881638600260590e+00
3.527760877247377191e+00
3.544640115894494237e+00
3.561519354541611282e+00
3.578398593188727883e+00
3.595277831835844928e+00
3.612157070482961974e+00
3.629036309130077242e+00
3.645915547777194288e+00
3.662794786424310889e+00
3.679674025071426602e+00
3.696553263718543203e+00
3.713432502365660248e+00
3.730311741012777293e+00
3.747190979659893895e+00
3.764070218307010940e+00
3.780949456954127985e+00
3.797828695601245030e+00
3.814707934248361632e+00
3.831587172895476900e+00
3.848466411542593946e+00
3.865345650189709215e+00
3.882224888836826260e+00
3.899104127483943305e+00
3.915983366131059906e+00
3.932862604778176951e+00
3.949741843425293997e+00
3.966621082072411042e+00
3.983500320719527643e+00
4.000379559366645132e+00
4.017258798013759957e+00
4.034138036660876558e+00
4.051017275307994048e+00
4.067896513955108873e+00
4.084775752602226362e+00
4.101654991249342963e+00
4.118534229896459564e+00
4.135413468543577054e+00
4.152292707190693655e+00
4.169171945837811144e+00
4.186051184484927745e+00
4.202930423132042570e+00
4.219809661779160059e+00
4.236688900426276660e+00
4.253568139073392373e+00
4.270447377720508975e+00
4.287326616367625576e+00
4.304205855014743065e+00
4.321085093661859666e+00
4.337964332308977156e+00
4.354843570956093757e+00
4.371722809603210358e+00
4.388602048250327847e+00
4.405481286897442672e+00
4.422360525544558385e+00
4.439239764191674986e+00
4.456119002838791587e+00
4.472998241485909077e+00
4.489877480133025678e+00
4.506756718780143167e+00
4.523635957427259768e+00
4.540515196074376369e+00
4.557394434721493859e+00
4.574273673368610460e+00
4.591152912015727061e+00
4.608032150662844550e+00
4.624911389309961152e+00
4.641790627957075088e+00
4.658669866604191689e+00
4.675549105251309179e+00
4.692428343898425780e+00
4.709307582545542381e+00
4.726186821192659870e+00
4.743066059839776472e+00
4.759945298486893073e+00
4.776824537134010562e+00
4.793703775781123610e+00
4.810583014428241100e+00
4.827462253075357701e+00
4.844341491722474302e+00
4.861220730369591791e+00
4.878099969016708393e+00
4.894979207663825882e+00
4.911858446310942483e+00
4.928737684958059084e+00
4.945616923605176574e+00
4.962496162252293175e+00
4.979375400899409776e+00
4.996254639546527265e+00
5.013133878193643866e+00
5.030013116840757803e+00
5.046892355487874404e+00
5.063771594134991894e+00
5.080650832782108495e+00
5.097530071429225096e+00
5.114409310076342585e+00
5.131288548723459186e+00
5.148167787370575788e+00
5.165047026017689724e+00
5.181926264664806325e+00
5.198805503311923815e+00
5.215684741959040416e+00
5.232563980606157905e+00
5.249443219253274506e+00
5.266322457900391107e+00
5.283201696547508597e+00
5.300080935194625198e+00
5.316960173841741799e+00
5.333839412488859288e+00
5.350718651135975890e+00
5.367597889783093379e+00
5.384477128430209980e+00
5.401356367077326581e+00
5.418235605724440518e+00
5.435114844371557119e+00
5.451994083018674608e+00
5.468873321665791210e+00
5.485752560312907811e+00
5.502631798960025300e+00
5.519511037607141901e+00
5.536390276254259390e+00
5.553269514901372439e+00
5.570148753548489928e+00
5.587027992195606529e+00
5.603907230842723131e+00
5.620786469489840620e+00
5.637665708136957221e+00
5.654544946784073822e+00
5.671424185431191312e+00
5.688303424078307913e+00
5.705182662725424514e+00
5.722061901372542003e+00
5.738941140019658604e+00
5.755820378666776094e+00
5.772699617313892695e+00
5.789578855961006632e+00
5.806458094608123233e+00
5.823337333255239834e+00
5.840216571902357323e+00
5.857095810549473924e+00
5.873975049196590525e+00
5.890854287843708015e+00
5.907733526490824616e+00
5.924612765137942105e+00
5.941492003785055154e+00
5.958371242432172643e+00
5.975250481079289244e+00
5.992129719726405845e+00
6.009008958373523335e+00
6.025888197020639936e+00
6.042767435667756537e+00
6.059646674314874026e+00
6.076525912961990628e+00
6.093405151609108117e+00
6.110284390256224718e+00
6.127163628903341319e+00
6.144042867550458809e+00
6.160922106197575410e+00
6.177801344844689346e+00
6.194680583491805947e+00
6.211559822138922549e+00
6.228439060786040038e+00
6.245318299433156639e+00
6.262197538080274128e+00
6.279076776727390730e+00
6.295956015374507331e+00
6.312835254021624820e+00
6.329714492668737869e+00
6.346593731315855358e+00
6.363472969962971959e+00
6.380352208610088560e+00
6.397231447257206050e+00
6.414110685904322651e+00
6.430989924551440140e+00
6.447869163198556741e+00
6.464748401845673342e+00
6.481627640492790832e+00
6.498506879139907433e+00
6.515386117787024034e+00
6.532265356434141523e+00
6.549144595081258124e+00
6.566023833728372061e+00
6.582903072375488662e+00
6.599782311022606152e+00
6.616661549669722753e+00
6.633540788316839354e+00
6.650420026963956843e+00
6.667299265611073444e+00
6.684178504258190046e+00
6.701057742905303982e+00
6.717936981552420583e+00
6.734816220199538073e+00
6.751695458846654674e+00
6.768574697493772163e+00
6.785453936140888764e+00
6.802333174788005365e+00
6.819212413435122855e+00
6.836091652082239456e+00
6.852970890729356057e+00
6.869850129376473546e+00
6.886729368023590148e+00
6.903608606670706749e+00
6.920487845317824238e+00
6.937367083964940839e+00
6.954246322612054776e+00
6.971125561259171377e+00
6.988004799906288866e+00
7.004884038553405468e+00
7.021763277200522069e+00
7.038642515847639558e+00
7.055521754494756159e+00
7.072400993141872760e+00
7.089280231788986697e+00
7.106159470436104186e+00
7.123038709083220787e+00
7.139917947730337389e+00
7.156797186377454878e+00
7.173676425024571479e+00
7.190555663671688080e+00
7.207434902318805570e+00
7.224314140965922171e+00
7.241193379613038772e+00
7.258072618260156261e+00
7.274951856907272862e+00
7.291831095554390352e+00
7.308710334201506953e+00
7.325589572848620890e+00
7.342468811495737491e+00
7.359348050142854092e+00
7.376227288789971581e+00
7.393106527437088182e+00
7.409985766084204784e+00
7.426865004731322273e+00
7.443744243378435321e+00
7.460623482025552811e+00
7.477502720672669412e+00
7.494381959319786901e+00
7.511261197966903502e+00
7.528140436614020103e+00
7.545019675261137593e+00
7.561898913908254194e+00
7.578778152555370795e+00
7.595657391202488284e+00
7.612536629849604886e+00
7.629415868496722375e+00
7.646295107143838976e+00
7.663174345790955577e+00
7.680053584438073067e+00
7.696932823085189668e+00
7.713812061732306269e+00
7.730691300379420206e+00
7.747570539026536807e+00
7.764449777673654296e+00
7.781329016320770897e+00
7.798208254967888386e+00
7.815087493615004988e+00
7.831966732262118924e+00
7.848845970909235525e+00
7.865725209556352127e+00
7.882604448203469616e+00
7.899483686850586217e+00
7.916362925497702818e+00
7.933242164144820308e+00
7.950121402791936909e+00
7.967000641439054398e+00
7.983879880086170999e+00
8.000759118733288489e+00
8.017638357380404202e+00
8.034517596027521691e+00
8.051396834674639180e+00
8.068276073321754893e+00
8.085155311968872383e+00
8.102034550615989872e+00
8.118913789263103808e+00
8.135793027910219521e+00
8.152672266557337011e+00
8.169551505204454500e+00
8.186430743851570213e+00
8.203309982498687702e+00
8.220189221145801639e+00
8.237068459792919128e+00
8.253947698440034841e+00
8.270826937087152331e+00
8.287706175734269820e+00
8.304585414381385533e+00
8.321464653028503022e+00
8.338343891675620512e+00
8.355223130322736225e+00
8.372102368969853714e+00
8.388981607616971203e+00
8.405860846264086916e+00
8.422740084911204406e+00
8.439619323558321895e+00
8.456498562205437608e+00
8.473377800852555097e+00
8.490257039499672587e+00
8.507136278146786523e+00
8.524015516793902236e+00
8.540894755441019726e+00
8.557773994088137215e+00
8.574653232735252928e+00
8.591532471382370417e+00
8.608411710029484354e+00
8.625290948676601843e+00
8.642170187323717556e+00
8.659049425970835046e+00
8.675928664617952535e+00
8.692807903265068248e+00
8.709687141912185737e+00
8.726566380559303227e+00
8.743445619206418939e+00
8.760324857853536429e+00
8.777204096500653918e+00
8.794083335147769631e+00
8.810962573794887120e+00
8.827841812442004610e+00
8.844721051089120323e+00
8.861600289736237812e+00
8.878479528383355301e+00
8.895358767030469238e+00
8.912238005677584951e+00
8.929117244324702440e+00
8.945996482971819930e+00
8.962875721618935643e+00
8.979754960266049579e+00
8.996634198913167069e+00
9.013513437560284558e+00
9.030392676207400271e+00
9.047271914854517760e+00
9.064151153501635250e+00
9.081030392148750963e+00
9.097909630795868452e+00
9.114788869442985941e+00
9.131668108090101654e+00
9.148547346737219144e+00
9.165426585384336633e+00
9.182305824031452346e+00
9.199185062678569835e+00
9.216064301325687325e+00
9.232943539972803038e+00
9.249822778619920527e+00
9.266702017267034464e+00
9.283581255914151953e+00
9.300460494561267666e+00
9.317339733208385155e+00
9.334218971855502645e+00
9.351098210502618358e+00
9.367977449149732294e+00
9.384856687796849783e+00
9.401735926443967273e+00
9.418615165091082986e+00
9.435494403738200475e+00
9.452373642385317964e+00
9.469252881032433677e+00
9.486132119679551167e+00
9.503011358326668656e+00
9.519890596973784369e+00
9.536769835620901858e+00
9.553649074268019348e+00
9.570528312915135061e+00
9.587407551562252550e+00
9.604286790209370039e+00
9.621166028856487529e+00
9.638045267503603242e+00
9.654924506150717178e+00
9.671803744797834668e+00
9.688682983444950381e+00
9.705562222092067870e+00
9.722441460739185359e+00
9.739320699386301072e+00
9.756199938033415009e+00
9.773079176680532498e+00
9.789958415327649988e+00
9.806837653974765701e+00
9.823716892621883190e+00
9.840596131269000679e+00
9.857475369916116392e+00
9.874354608563233882e+00
9.891233847210351371e+00
9.908113085857467084e+00
9.924992324504584573e+00
9.941871563151702063e+00
9.958750801798819552e+00
9.975630040445935265e+00
9.992509279093052754e+00
1.000938851774017024e+01
1.002626775638728596e+01
1.004314699503439989e+01
1.006002623368151738e+01
1.007690547232863310e+01
1.009378471097575058e+01
1.011066394962286807e+01
1.012754318826998556e+01
1.014442242691709772e+01
1.016130166556421521e+01
1.017818090421133270e+01
1.019506014285844842e+01
1.021193938150556590e+01
1.022881862015268339e+01
1.024569785879979911e+01
1.026257709744691660e+01
1.027945633609403409e+01
1.029633557474115158e+01
1.031321481338826729e+01
1.033009405203538478e+01
1.034697329068250227e+01
1.036385252932961798e+01
1.038073176797673547e+01
1.039761100662385296e+01
1.041449024527096867e+01
1.043136948391808261e+01
1.044824872256520010e+01
1.046512796121231581e+01
1.048200719985943330e+01
1.049888643850655079e+01
1.051576567715366473e+01
1.053264491580078044e+01
1.054952415444789793e+01
1.056640339309501542e+01
1.058328263174213113e+01
1.060016187038924862e+01
1.061704110903636611e+01
1.063392034768348182e+01
1.065079958633059931e+01
1.066767882497771680e+01
1.068455806362483429e+01
1.070143730227195000e+01
1.071831654091906749e+01
1.073519577956618498e+01
1.075207501821330069e+01
1.076895425686041818e+01
1.078583349550753567e+01
1.080271273415465139e+01
1.081959197280176532e+01
1.083647121144888281e+01
1.085335045009600030e+01
1.087022968874311601e+01
1.088710892739023350e+01
1.090398816603734744e+01
1.092086740468446315e+01
1.093774664333158064e+01
1.095462588197869813e+01
1.097150512062581384e+01
1.098838435927293133e+01
1.100526359792004882e+01
1.102214283656716631e+01
1.103902207521428203e+01
1.105590131386139952e+01
1.107278055250851700e+01
1.108965979115563272e+01
1.110653902980275021e+01
1.112341826844986770e+01
1.114029750709698341e+01
1.115717674574410090e+01
1.117405598439121839e+01
1.119093522303833232e+01
1.120781446168544804e+01
1.122469370033256553e+01
1.124157293897968302e+01
1.125845217762679873e+01
1.127533141627391622e+01
1.129221065492103016e+01
1.130908989356814587e+01
1.132596913221526336e+01
1.134284837086238085e+01
1.135972760950949834e+01
1.137660684815661405e+01
1.139348608680373154e+01
1.141036532545084903e+01
1.142724456409796474e+01
1.144412380274508223e+01
1.146100304139219972e+01
1.147788228003931543e+01
1.149476151868643292e+01
1.151164075733355041e+01
1.152851999598066612e+01
1.154539923462778361e+01
1.156227847327490110e+01
1.157915771192201504e+01
1.159603695056913075e+01
1.161291618921624824e+01
1.162979542786336573e+01
1.164667466651048144e+01
1.166355390515759893e+01
1.168043314380471287e+01
1.169731238245183036e+01
1.171419162109894607e+01
1.173107085974606356e+01
1.174795009839318105e+01
1.176482933704029676e+01
1.178170857568741425e+01
1.179858781433453174e+01
1.181546705298164746e+01
1.183234629162876494e+01
1.184922553027588243e+01
1.186610476892299815e+01
1.188298400757011564e+01
1.189986324621723313e+01
1.191674248486434884e+01
1.193362172351146633e+01
1.195050096215858382e+01
1.196738020080569775e+01
1.198425943945281347e+01
1.200113867809993096e+01
1.201801791674704845e+01
1.203489715539416416e+01
1.205177639404127810e+01
1.206865563268839558e+01
1.208553487133551307e+01
1.210241410998262879e+01
1.211929334862974628e+01
1.213617258727686377e+01
1.215305182592397948e+01
1.216993106457109697e+01
1.218681030321821446e+01
1.220368954186533017e+01
1.222056878051244766e+01
1.223744801915956515e+01
1.225432725780668086e+01
1.227120649645379835e+01
1.228808573510091584e+01
1.230496497374803155e+01
1.232184421239514904e+01
1.233872345104226653e+01
1.235560268968938047e+01
1.237248192833649618e+01
1.238936116698361367e+01
1.240624040563073116e+01
1.242311964427784687e+01
1.243999888292496081e+01
1.245687812157207830e+01
1.247375736021919579e+01
1.249063659886631150e+01
1.250751583751342899e+01
1.252439507616054648e+01
1.254127431480766219e+01
1.255815355345477968e+01
1.257503279210189717e+01
1.259191203074901289e+01
1.260879126939613037e+01
1.262567050804324786e+01
1.264254974669036358e+01
1.265942898533748107e+01
1.267630822398459856e+01
1.269318746263171427e+01
1.271006670127883176e+01
1.272694593992594569e+01
1.274382517857306318e+01
1.276070441722017890e+01
1.277758365586729639e+01
1.279446289451441388e+01
1.281134213316152959e+01
1.282822137180864353e+01
1.284510061045576101e+01
1.286197984910287850e+01
1.287885908774999422e+01
1.289573832639711171e+01
1.291261756504422920e+01
1.292949680369134491e+01
1.294637604233846240e+01
1.296325528098557989e+01
1.298013451963269560e+01
1.299701375827981309e+01
1.301389299692693058e+01
1.303077223557404629e+01
1.304765147422116378e+01
1.306453071286828127e+01
1.308140995151539876e+01
1.309828919016251447e+01
1.311516842880962841e+01
1.313204766745674590e+01
1.314892690610386161e+01
1.316580614475097910e+01
1.318268538339809659e+01
1.319956462204521230e+01
1.321644386069232624e+01
1.323332309933944373e+01
1.325020233798656122e+01
1.326708157663367693e+01
1.328396081528079442e+01
1.330084005392791191e+01
1.331771929257502762e+01
1.333459853122214511e+01
1.335147776986926260e+01
1.336835700851637831e+01
1.338523624716349580e+01
1.340211548581061329e+01
1.341899472445773078e+01
1.343587396310484650e+01
1.345275320175196399e+01
1.346963244039908147e+01
1.348651167904619719e+01
1.350339091769331112e+01
1.352027015634042861e+01
1.353714939498754433e+01
1.355402863363466182e+01
1.357090787228177931e+01
1.358778711092889324e+01
1.360466634957600895e+01
1.362154558822312644e+01
1.363842482687024393e+01
1.365530406551735965e+01
1.367218330416447714e+01
1.368906254281159462e+01
1.370594178145871034e+01
1.372282102010582783e+01
1.373970025875294532e+01
1.375657949740006281e+01
1.377345873604717852e+01
1.379033797469429601e+01
1.380721721334141350e+01
1.382409645198852921e+01
1.384097569063564670e+01
1.385785492928276419e+01
1.387473416792987990e+01
1.389161340657699384e+01
1.390849264522411133e+01
1.392537188387122704e+01
1.394225112251834453e+01
1.395913036116546202e+01
1.397600959981257596e+01
1.399288883845969167e+01
1.400976807710680916e+01
1.402664731575392665e+01
1.404352655440104236e+01
1.406040579304815985e+01
1.407728503169527734e+01
1.409416427034239305e+01
1.411104350898951054e+01
1.412792274763662803e+01
1.414480198628374552e+01
1.416168122493086123e+01
1.417856046357797872e+01
1.419543970222509621e+01
1.421231894087221193e+01
1.422919817951932941e+01
1.424607741816644690e+01
1.426295665681355906e+01
1.427983589546067655e+01
1.429671513410779404e+01
1.431359437275491153e+01
1.433047361140202725e+01
1.434735285004914473e+01
1.436423208869625867e+01
1.438111132734337438e+01
1.439799056599049187e+01
1.441486980463760936e+01
1.443174904328472508e+01
1.444862828193184257e+01
1.446550752057896005e+01
1.448238675922607754e+01
1.449926599787319326e+01
1.451614523652031075e+01
1.453302447516742824e+01
1.454990371381454395e+01
1.456678295246166144e+01
1.458366219110877893e+01
1.460054142975589464e+01
1.461742066840301213e+01
1.463429990705012962e+01
1.465117914569724356e+01
1.466805838434435927e+01
1.468493762299147676e+01
1.470181686163859425e+01
1.471869610028570641e+01
1.473557533893282212e+01
1.475245457757993961e+01
1.476933381622705710e+01
1.478621305487417281e+01
1.480309229352129030e+01
1.481997153216840779e+01
1.483685077081552350e+01
1.485373000946264099e+01
1.487060924810975848e+01
1.488748848675687420e+01
1.490436772540399168e+01
1.492124696405110917e+01
1.493812620269822489e+01
1.495500544134534238e+01
1.497188467999245987e+01
1.498876391863957558e+01
1.500564315728669307e+01
1.502252239593381056e+01
1.503940163458092627e+01
1.505628087322804376e+01
1.507316011187516125e+01
1.509003935052227163e+01
1.510691858916938912e+01
1.512379782781650484e+01
1.514067706646362232e+01
1.515755630511073981e+01
1.517443554375785553e+01
1.519131478240497302e+01
1.520819402105209051e+01
1.522507325969920622e+01
1.524195249834632371e+01
1.525883173699344120e+01
1.527571097564055691e+01
1.529259021428767440e+01
1.530946945293479189e+01
1.532634869158190760e+01
1.534322793022902509e+01
1.536010716887614258e+01
1.537698640752325829e+01
1.539386564617037578e+01
1.541074488481749327e+01
1.542762412346461076e+01
1.544450336211172647e+01
1.546138260075883686e+01
1.547826183940595435e+01
1.549514107805307184e+01
1.551202031670018755e+01
1.552889955534730504e+01
1.554577879399442253e+01
1.556265803264153824e+01
1.557953727128865573e+01
1.559641650993577322e+01
1.561329574858288893e+01
1.563017498723000642e+01
1.564705422587712391e+01
1.566393346452423962e+01
1.568081270317135711e+01
1.569769194181847460e+01
1.571457118046559032e+01
1.573145041911270781e+01
1.574832965775982530e+01
1.576520889640694278e+01
1.578208813505405850e+01
1.579896737370117599e+01
1.581584661234829348e+01
1.583272585099540919e+01
1.584960508964251957e+01
1.586648432828963706e+01
1.588336356693675455e+01
1.590024280558387026e+01
1.591712204423098775e+01
1.593400128287810524e+01
1.595088052152522096e+01
1.596775976017233845e+01
1.598463899881945594e+01
1.600151823746657342e+01
1.601839747611369091e+01
1.603527671476080485e+01
1.605215595340792234e+01
1.606903519205503983e+01
1.608591443070215732e+01
1.610279366934927481e+01
1.611967290799639230e+01
1.613655214664350623e+01
1.615343138529062372e+01
1.617031062393774121e+01
1.618718986258485870e+01
1.620406910123197619e+01
1.622094833987909368e+01
1.623782757852620406e+01
1.625470681717331800e+01
1.627158605582043549e+01
1.628846529446755298e+01
1.630534453311467047e+01
1.632222377176178796e+01
1.633910301040890545e+01
1.635598224905602294e+01
1.637286148770313687e+01
1.638974072635025436e+01
1.640661996499737185e+01
1.642349920364448934e+01
1.644037844229160683e+01
1.645725768093872432e+01
1.647413691958583826e+01
1.649101615823295575e+01
1.650789539688007324e+01
1.652477463552719072e+01
1.654165387417430821e+01
1.655853311282142570e+01
1.657541235146853964e+01
1.659229159011565713e+01
1.660917082876277462e+01
1.662605006740988500e+01
1.664292930605700249e+01
1.665980854470411998e+01
1.667668778335123747e+01
1.669356702199835496e+01
1.671044626064546890e+01
1.672732549929258639e+01
1.674420473793970388e+01
1.676108397658682136e+01
1.677796321523393885e+01
1.679484245388105634e+01
1.681172169252817028e+01
1.682860093117528777e+01
1.684548016982240526e+01
1.686235940846952275e+01
