0.000000000000000000e+00
6.022271217310544156e-01
1.204454243462108831e+00
1.806681365193163025e+00
2.408908486924217662e+00
3.011135608655271856e+00
3.613362730386326049e+00
4.215589852117380687e+00
4.817816973848436213e+00
5.420044095579489074e+00
6.022271217310545488e+00
6.624498339041598349e+00
7.226725460772653875e+00
7.828952582503706736e+00
8.431179704234763150e+00
9.033406825965816012e+00
9.635633947696872426e+00
1.023786106942792529e+01
1.084008819115897992e+01
1.144231531289003279e+01
1.204454243462108920e+01
1.264676955635214206e+01
1.324899667808319847e+01
1.385122379981425134e+01
1.445345092154530597e+01
1.505567804327636061e+01
1.565790516500741703e+01
1.626013228673846811e+01
1.686235940846952275e+01
