7.304691358024666863e-04
1.707876543209881038e-03
1.773432098765433682e-03
2.987654320988262664e-06
3.146888888888900448e-03
3.546691358024670494e-03
7.523555555555587124e-03
5.547555555555549502e-03
2.126380246913577368e-02
1.027222222222218782e-02
5.293061728395099391e-03
1.912098765432053882e-04
1.410395061728395016e-03
1.894543209876545014e-03
2.008898765432098540e-02
2.976800000000002708e-02
5.855802469135797800e-02
4.715861728395065455e-02
2.774320987654322820e-02
3.729483950617280136e-02
2.085335802469137634e-02
1.283555555555570974e-03
7.135802469135810611e-04
4.955654320987638688e-03
9.430222222222218315e-03
9.831135802469154888e-03
2.488928395061724280e-02
1.287120987654320065e-02
4.565432098765438013e-03
