0.000000000000000000e+00
1.700494065498125866e-07
6.802264538710957715e-07
1.530617618237347280e-06
2.721367025044161363e-06
4.252676453937191120e-06
6.124805345977216418e-06
8.338070812780486914e-06
1.089284764759883860e-05
1.378956833823477572e-05
1.702872308187939330e-05
2.061085980144630554e-05
2.453658416388930253e-05
2.880655959967176502e-05
3.342150732393055684e-05
3.838220635881261236e-05
4.368949355707615092e-05
4.934426362651395028e-05
5.534746915550957749e-05
6.170012063906035521e-05
6.840328650544183692e-05
7.545809314317449674e-05
8.286572492807424829e-05
9.062742425033246758e-05
9.874449154111053712e-05
1.072182852988252840e-04
1.160502221143755864e-04
1.252417766955398631e-04
1.347944818901420044e-04
1.447099287070943003e-04
1.549897663362179157e-04
1.656357021656465857e-04
1.766495017963225071e-04
1.880329890543363473e-04
1.997880459993742913e-04
2.119166129304777028e-04
2.244206883869274537e-04
2.373023291456124572e-04
2.505636502135266089e-04
2.642068248148862698e-04
2.782340843732362956e-04
2.926477184874584311e-04
3.074500749011411897e-04
3.226435594656210278e-04
3.382306360952548846e-04
3.542138267157724234e-04
3.705957112030695659e-04
3.873789273143175816e-04
4.045661706097589887e-04
4.221601943637289791e-04
4.401638094665844534e-04
4.585798843146613487e-04
4.774113446897034429e-04
4.966611736248471593e-04
5.163324112598202415e-04
5.364281546806718435e-04
5.569515577476668190e-04
5.779058309068036249e-04
5.992942409874683690e-04
6.211201109833328375e-04
6.433868198167036956e-04
6.660978020864476504e-04
6.892565477965182860e-04
7.128666020670308212e-04
7.369315648251411081e-04
7.614550904755448824e-04
7.864408875506424769e-04
8.118927183383125917e-04
8.378143984874098296e-04
8.642097965895033504e-04
8.910828337368738826e-04
9.184374830548520073e-04
9.462777692087258287e-04
9.746077678834267136e-04
1.003431605235921651e-03
1.032753457318763557e-03
1.062577549473499782e-03
1.092908155695642217e-03
1.123749597965451085e-03
1.155106245549222810e-03
1.186982514265256085e-03
1.219382865716000597e-03
1.252311806486173292e-03
1.285773887302813726e-03
1.319773702159863235e-03
1.354315887402439975e-03
1.389405120774059180e-03
1.425046120421919957e-03
1.461243643861282956e-03
1.498002486897284657e-03
1.535327482503560286e-03
1.573223499655280804e-03
1.611695442118359295e-03
1.650748247189255452e-03
1.690386884389304296e-03
1.730616354107989167e-03
1.771441686197339519e-03
1.812867938515172602e-03
1.854900195414195064e-03
1.897543566179746549e-03
1.940803183411131177e-03
1.984684201347635627e-03
2.029191794138858040e-03
2.074331154053163460e-03
2.120107489632007663e-03
2.166526023779048390e-03
2.213591991790833918e-03
2.261310639322643319e-03
2.309687220291599136e-03
2.358726994714730515e-03
2.408435226479756393e-03
2.458817181049868534e-03
2.509878123098925259e-03
2.561623314077292671e-03
2.614058009708385838e-03
2.667187457410294654e-03
2.721016893648172102e-03
2.775551541209421262e-03
2.830796606406595518e-03
2.886757276201238741e-03
2.943438715253668837e-03
3.000846062892431870e-03
3.058984430005171062e-03
3.117858895849969555e-03
3.177474504784858888e-03
3.237836262915512724e-03
3.298949134660245433e-03
3.360818039231547490e-03
3.423447847031330094e-03
3.486843375963724883e-03
3.551009387658422226e-03
3.615950583608909183e-03
3.681671601223249646e-03
3.748177009785105991e-03
3.815471306326801565e-03
3.883558911412962524e-03
3.952444164833006021e-03
4.022131321204362557e-03
4.092624545483270100e-03
4.163927908386472372e-03
4.236045381716677279e-03
4.308980833600471218e-03
4.382738023632973788e-03
4.457320597927415771e-03
4.532732084074827215e-03
4.608975886009811056e-03
4.686055278785109315e-03
4.763973403250741298e-03
4.842733260644793182e-03
4.922337707088061433e-03
5.002789447990330270e-03
5.084091032363455449e-03
5.166244847042575361e-03
5.249253110820278900e-03
5.333117868487634305e-03
5.417840984788199060e-03
5.503424138283094860e-03
5.589868815129482582e-03
5.677176302773237829e-03
5.765347683554434069e-03
5.854383828232011082e-03
5.944285389424065584e-03
6.035052794967563951e-03
6.126686241198700880e-03
6.219185686156051586e-03
6.312550842705663169e-03
6.406781171595757850e-03
6.501875874435320869e-03
6.597833886605588422e-03
6.694653870102555172e-03
6.792334206315947531e-03
6.890872988742817798e-03
6.990268015643314771e-03
7.090516782639342055e-03
7.191616475256824847e-03
7.293563961420558919e-03
7.396355783896740345e-03
7.499988152694693662e-03
7.604456937426654420e-03
7.709757659628323559e-03
7.815885485048326003e-03
7.922835215909054124e-03
8.030601283137359103e-03
8.139177738580482407e-03
8.248558247200945062e-03
8.358736079261764110e-03
8.469704102504931401e-03
8.581454774323550236e-03
8.693980133944836583e-03
8.807271794612433341e-03
8.921320935789808435e-03
9.036118295378836943e-03
9.151654161964383263e-03
9.267918367090779638e-03
9.384900277576040117e-03
9.502588787867050427e-03
9.620972312447536798e-03
9.740038778301906772e-03
9.859775617441909543e-03
9.980169759505124263e-03
1.010120762442969639e-02
1.022287511521627681e-02
1.034515761077890554e-02
1.046803995890189382e-02
1.059150646929803326e-02
1.071554090678863806e-02
1.084012648460418865e-02
1.096524585782052835e-02
1.109088111693394552e-02
1.121701378158668737e-02
1.134362479445297570e-02
1.147069451528931645e-02
1.159820271516559531e-02
1.172612857087829141e-02
1.185445065956295708e-02
1.198314695350920223e-02
1.211219481519104461e-02
1.224157099252358612e-02
1.237125161435141847e-02
1.250121218618474930e-02
1.263142758618854451e-02
1.276187206143822826e-02
1.289251922444927326e-02
1.302334204999640657e-02
1.315431287222636712e-02
1.328540338207976311e-02
1.341658462503284369e-02
1.354782699916712296e-02
1.367910025357841827e-02
1.381037348714021611e-02
1.394161514762770442e-02
1.407279303121739683e-02
1.420387428236750613e-02
1.433482539410011261e-02
1.446561220868589938e-02
1.459619991875087987e-02
1.472655306881170273e-02
1.485663555725150534e-02
1.498641063874901411e-02
1.511584092717181346e-02
1.524488839894369736e-02
1.537351439689636605e-02
1.550167963462181428e-02
1.562934420133027524e-02
1.575646756722686240e-02
1.588300858941844862e-02
1.600892551836263777e-02
1.613417600486483083e-02
1.625871710763908753e-02
1.638250530144016309e-02
1.650549648577654543e-02
1.662764599421907158e-02
1.674890860430460968e-02
1.686923854805847528e-02
1.698858952313462428e-02
1.710691470458220592e-02
1.722416675725860907e-02
1.734029784888320783e-02
1.745525966375109303e-02
1.756900341710796939e-02
1.768147987019879491e-02
1.779263934599614044e-02
1.790243174561322037e-02
1.801080656541131919e-02
1.811771291480537838e-02
1.822309953477774247e-02
1.832691481710128217e-02
1.842910682427939886e-02
1.852962331020816325e-02
1.862841174156152496e-02
1.872541931991227732e-02
1.882059300457688059e-02
1.891387953620467244e-02
1.900522546109986721e-02
1.909457715628576358e-02
1.918188085531184403e-02
1.926708267479971745e-02
1.935012864173456595e-02
1.943096472149628134e-02
1.950953684663284809e-02
1.958579094637498408e-02
1.965967297688302196e-02
1.973112895223379237e-02
1.980010497613257647e-02
1.986654727435706314e-02
1.993040222791762558e-02
1.999161640693706068e-02
2.005013660523732866e-02
2.010590987562886969e-02
2.015888356589796288e-02
2.020900535547420426e-02
2.025622329277634859e-02
2.030048583322614092e-02
2.034174187791646521e-02
2.037994081292257564e-02
2.041503254924171770e-02
2.044696756335424512e-02
2.047569693838589486e-02
2.050117240585791478e-02
2.052334638800804023e-02
2.054217204066913563e-02
2.055760329668515282e-02
2.056959490984167777e-02
2.057810249930249955e-02
2.058308259452224648e-02
2.058449268061262813e-02
2.058229124415595149e-02
2.057643781941851865e-02
2.056689303496393034e-02
2.055361866062227830e-02
2.053657765480485994e-02
2.051573421212746912e-02
2.049105381131932635e-02
2.046250326338877601e-02
2.043005076001655138e-02
2.039366592214579901e-02
2.035331984873821679e-02
2.030898516566749523e-02
2.026063607471091307e-02
2.020824840261250394e-02
2.015179965018044916e-02
2.009126904138214612e-02
2.002663757240288195e-02
1.995788806063216944e-02
1.988500519354042401e-02
1.980797557740096582e-02
1.972678778583063230e-02
1.964143240809897509e-02
1.955190209716918537e-02
1.945819161742984305e-02
1.936029789207567228e-02
1.925822005009420260e-02
1.915195947281713926e-02
1.904151983998703113e-02
1.892690717530359085e-02
1.880812989139779220e-02
1.868519883419314867e-02
1.855812732660213835e-02
1.842693121152047531e-02
1.829162889406351494e-02
1.815224138300446793e-02
1.800879233136247828e-02
1.786130807609437321e-02
1.770981767684454491e-02
1.755435295369788679e-02
1.739494852389535107e-02
1.723164183745701239e-02
1.706447321166746148e-02
1.689348586437254551e-02
1.671872594603820289e-02
1.654024257052589403e-02
1.635808784452894016e-02
1.617231689563009001e-02
1.598298789891884272e-02
1.579016210213389851e-02
1.559390384927201306e-02
1.539428060261834215e-02
1.519136296315142312e-02
1.498522468927518912e-02
1.477594271382665601e-02
1.456359715931950828e-02
1.434827135137242173e-02
1.413005183027650664e-02
1.390902836066080714e-02
1.368529393920660600e-02
1.345894480037144320e-02
1.323008042007534774e-02
1.299880351731140353e-02
1.276522005363780500e-02
1.252943923050997034e-02
1.229157348441687475e-02
1.205173847977745495e-02
1.181005309956861468e-02
1.156663943364011349e-02
1.132162276468762566e-02
1.107513155184797725e-02
1.082729741188345231e-02
1.057825509792914738e-02
1.032814247576554177e-02
1.007710049759988694e-02
9.825273173316603076e-03
9.572807539184192971e-03
9.319853623987741156e-03
9.066564412568204473e-03
8.813095806748464864e-03
8.559606583628988005e-03
8.306258351234307655e-03
8.053215501499190118e-03
7.800645160580520383e-03
7.548717136484029734e-03
7.297603863998454975e-03
7.047480346930234604e-03
6.798524097636180624e-03
6.550915073847377902e-03
6.304835612791426930e-03
6.060470362607530900e-03
5.818006211066130418e-03
5.577632211594476218e-03
5.339539506620107762e-03
5.103921248242969562e-03
4.870972516250090742e-03
4.640890233488818503e-03
4.413873078617563429e-03
4.190121396255391990e-03
3.969837104552998569e-03
3.753223600213537701e-03
3.540485660988794414e-03
3.331829345684340655e-03
3.127461891707168824e-03
2.927591610189458644e-03
2.732427778731881442e-03
2.542180531803077057e-03
2.357060748843247192e-03
2.177279940114968792e-03
2.003050130353632979e-03
1.834583740266810398e-03
1.672093465937791318e-03
1.515792156190218709e-03
1.365892687972913074e-03
1.222607839826809562e-03
1.086150163498725762e-03
9.567318537684727474e-04
8.345646165596221381e-04
7.198595354040561532e-04
6.128269363367685541e-04
5.136762512959360113e-04
4.226158801077944146e-04
3.398530511384730544e-04
2.655936806949542360e-04
2.000422312624179546e-04
1.434015686653675127e-04
9.587281824286400110e-05
5.765522013062711505e-05
2.894598374384120402e-05
9.940141557590557935e-06
8.304022829543740882e-07
1.807003539152939681e-06
1.305756412374230803e-05
3.476693598464753387e-05
6.711705599952585922e-05
1.102867976695367266e-04
1.644518228361017736e-04
2.297844335308570681e-04
3.064534240701105583e-04
3.946239335063555283e-04
4.944572985516723293e-04
6.061109070868278331e-04
7.297380523732980391e-04
8.654877880846576074e-04
1.013504784275722631e-03
1.173929184407663823e-03
1.346896463548892618e-03
1.532537287871767705e-03
1.730977375564423824e-03
1.942337359280129011e-03
2.166732650244425351e-03
2.404273304140392298e-03
2.655063888895207915e-03
2.919203354487221683e-03
3.196784904895775756e-03
3.487895872314445041e-03
3.792617593747285576e-03
4.111025290108733833e-03
4.443187947946230544e-03
4.789168203903300391e-03
5.149022232042707592e-03
5.522799634143645692e-03
5.910543333090439652e-03
6.312289469467879943e-03
6.728067301474166713e-03
7.157899108264272232e-03
7.601800096834592999e-03
8.059778312555870156e-03
8.531834553463511425e-03
9.017962288406377799e-03
9.518147579161377950e-03
1.003236900661116753e-02
1.056059760108519520e-02
1.110279677696013843e-02
1.165892227161213768e-02
1.222892208881432886e-02
1.281273644666632711e-02
1.341029773014193287e-02
1.402153044833752762e-02
1.464635119650293908e-02
1.528466862292817384e-02
1.593638340076281371e-02
1.660138820483715930e-02
1.727956769355098315e-02
1.797079849589447789e-02
1.867494920366263855e-02
1.939188036891612357e-02
2.012144450674285476e-02
2.086348610337072570e-02
2.161784162967186895e-02
2.238433956010451101e-02
2.316280039712394212e-02
2.395303670109878366e-02
2.475485312576134952e-02
2.556804645921160676e-02
2.639240567050130451e-02
2.722771196180795439e-02
2.807373882621327227e-02
2.893025211108945019e-02
2.979701008710164065e-02
3.067376352281380933e-02
3.156025576490261580e-02
3.245622282395781155e-02
3.336139346585922233e-02
3.427548930870655958e-02
3.519822492527417690e-02
3.612930795096853942e-02
3.706843919723987885e-02
3.801531277042215912e-02
3.896961619594695864e-02
3.993103054788540995e-02
4.089923058376573883e-02
4.187388488460170449e-02
4.285465600007728332e-02
4.384120059881083803e-02
4.483316962362939029e-02
4.583020845178040203e-02
4.683195705998610681e-02
4.783805019427033595e-02
4.884811754445133464e-02
4.986178392321825165e-02
5.087866944967921884e-02
5.189838973728555516e-02
5.292055608602260625e-02
5.394477567874713525e-02
5.497065178156425314e-02
5.599778394811454063e-02
5.702576822765467041e-02
5.805419737679317488e-02
5.908266107475894369e-02
6.011074614205468014e-02
6.113803676236680140e-02
6.216411470758282515e-02
6.318855956576523158e-02
6.421094897194090656e-02
6.523085884154658509e-02
6.624786360637437144e-02
6.726153645285933014e-02
6.827144956254889430e-02
6.927717435458595474e-02
7.027828173003715373e-02
7.127434231790363839e-02
7.226492672263451489e-02
7.324960577297402742e-02
7.422795077196053803e-02
7.519953374791073231e-02
7.616392770619327679e-02
7.712070688162436793e-02
7.806944699129676757e-02
7.900972548765834713e-02
7.994112181165766162e-02
8.086321764576651083e-02
8.177559716669897949e-02
8.267784729763442975e-02
8.356955795975920531e-02
8.445032232294039098e-02
8.531973705533937857e-02
8.617740257178442553e-02
8.702292328070711236e-02
8.785590782946049726e-02
8.867596934783023022e-02
8.948272568955142892e-02
9.027579967165529073e-02
9.105481931144537855e-02
9.181941806093336933e-02
9.256923503855636615e-02
9.330391525797479546e-02
9.402310985380611663e-02
9.472647630408474739e-02
9.541367864929685416e-02
9.608438770781038696e-02
9.673828128753164668e-02
9.737504439361970021e-02
9.799436943209952067e-02
9.859595640921019200e-02
9.917951312632648786e-02
9.974475537030579042e-02
1.002914070991026696e-01
1.008192006225079457e-01
1.013278767778632156e-01
1.018171851006099415e-01
1.022868839895438170e-01
1.027367408666300386e-01
1.031665323312580956e-01
1.035760443088088040e-01
1.039650721934151784e-01
1.043334209848002098e-01
1.046809054190765281e-01
1.050073500934098486e-01
1.053125895844364696e-01
1.055964685603420911e-01
1.058588418865098885e-01
1.060995747246481491e-01
1.063185426253204224e-01
1.065156316137982478e-01
1.066907382691671402e-01
1.068437697966178185e-01
1.069746440928670134e-01
1.070832898046488874e-01
1.071696463802272320e-01
1.072336641138930402e-01
1.072753041833954674e-01
1.072945386802897499e-01
1.072913506331618499e-01
1.072657340237197499e-01
1.072176937957294851e-01
1.071472458567865743e-01
1.070544170729296474e-01
1.069392452560824491e-01
1.068017791443445635e-01
1.066420783751436951e-01
1.064602134512632192e-01
1.062562656997733668e-01
1.060303272239039724e-01
1.057825008478818080e-01
1.055129000547901097e-01
1.052216489174874897e-01
1.049088820226458246e-01
1.045747443879650324e-01
1.042193913726277010e-01
1.038429885810699255e-01
1.034457117601328413e-01
1.030277466896896976e-01
1.025892890668248375e-01
1.021305443836540428e-01
1.016517277988958634e-01
1.011530640032777123e-01
1.006347870788976834e-01
1.000971403526410702e-01
9.954037624377701232e-02
9.896475610584790084e-02
9.837055006297869275e-02
9.775803684073908206e-02
9.712750359167780789e-02
9.647924571568593233e-02
9.581356667531197580e-02
9.513077780618549306e-02
9.443119812268623015e-02
9.371515411902724135e-02
9.298297956588674751e-02
9.223501530276245752e-02
9.147160902620629641e-02
9.069311507409885675e-02
8.989989420613581084e-02
8.909231338069625861e-02
8.827074552825961429e-02
8.743556932155389927e-02
8.658716894260821972e-02
8.572593384687972329e-02
8.485225852465773377e-02
8.396654225989878817e-02
8.306918888670075662e-02
8.216060654358742221e-02
8.124120742579200860e-02
8.031140753572887925e-02
7.937162643184350608e-02
7.842228697601971721e-02
7.746381507974554881e-02
7.649663944922080461e-02
7.552119132959098091e-02
7.453790424850957608e-02
7.354721375920721116e-02
7.254955718325874214e-02
7.154537335324058500e-02
7.053510235546572860e-02
6.951918527297229478e-02
6.849806392897270224e-02
6.747218063092579043e-02
6.644197791542828802e-02
6.540789829410614820e-02
6.437038400068105515e-02
6.332987673939542705e-02
6.228681743496915224e-02
6.124164598426515282e-02
6.019480100983340409e-02
5.914671961550338475e-02
5.809783714419564787e-02
5.704858693810945652e-02
5.599940010146080283e-02
5.495070526591491755e-02
5.390292835888094852e-02
5.285649237481301888e-02
5.181181714967748181e-02
5.076931913871680913e-02
4.972941119767256696e-02
4.869250236758672357e-02
4.765899766333091259e-02
4.662929786598734444e-02
4.560379931921374613e-02
4.458289372971178249e-02
4.356696797192098625e-02
4.255640389705424992e-02
4.155157814658274468e-02
4.055286197028129536e-02
3.956062104893418724e-02
3.857521532179887525e-02
3.759699881892614864e-02
3.662631949841717305e-02
3.566351908871194520e-02
3.470893293598118629e-02
3.376288985670202608e-02
3.282571199548339064e-02
3.189771468821363254e-02
3.097920633058479090e-02
3.007048825205289877e-02
2.917185459528638322e-02
2.828359220115062023e-02
2.740598049926389404e-02
2.653929140417305918e-02
2.568378921716983967e-02
2.483973053378495111e-02
2.400736415697647674e-02
2.318693101603339080e-02
2.237866409120945269e-02
2.158278834408997385e-02
2.079952065370444317e-02
2.002906975837610154e-02
1.927163620330825042e-02
1.852741229389680278e-02
1.779658205475318639e-02
1.707932119442050201e-02
1.637579707575996524e-02
1.568616869197804117e-02
1.501058664826662031e-02
1.434919314901481925e-02
1.370212199056010556e-02
1.306949855942397647e-02
1.245143983599516363e-02
1.184805440360066874e-02
1.125944246291298544e-02
1.068569585162985197e-02
1.012689806936899542e-02
9.583124307704578987e-03
9.054441485279866517e-03
8.540908287920912639e-03
8.042575213672548129e-03
7.559484622679921509e-03
7.091670791828857262e-03
6.639159974060749973e-03
6.201970462272823545e-03
5.780112657711035384e-03
5.373589142761767481e-03
4.982394758044973379e-03
4.606516683708497539e-03
4.245934524823571574e-03
3.900620400775774155e-03
3.570539038544980320e-03
3.255647869768230063e-03
2.955897131473494283e-03
2.671229970373104577e-03
2.401582550604176164e-03
2.146884164800137024e-03
1.907057348377884029e-03
1.682017996921977322e-03
1.471675486548418071e-03
1.275932797127143177e-03
1.094686638242622261e-03
9.278275777723360429e-04
7.752401729588310249e-04
6.368031038540567781e-04
5.123893090124176809e-04
4.018661233086066160e-04
3.050954177564829629e-04
2.219337412052896407e-04
1.522324637887371805e-04
9.583792200361417393e-05
5.259156529348172791e-05
2.233010401492242929e-05
4.885658662448319980e-06
8.591023030013032921e-08
7.754251588858198282e-06
2.770993975465383365e-05
5.976824893355043688e-05
1.037406242177711608e-04
1.594348358181242576e-04
2.266551337142595312e-04
3.052024026066055208e-04
3.948743170551522884e-04
4.954654966916076028e-04
6.067676613924468049e-04
7.285697863023861409e-04
8.606582565995444948e-04
1.002817021894209133e-03
1.154827750156229432e-03
1.316469981066786636e-03
1.487521278692210264e-03
1.667757383380808617e-03
1.856952362783431155e-03
2.054878761902535853e-03
2.261307752075370457e-03
2.476009278799813466e-03
2.698752208312956303e-03
2.929304472835867878e-03
3.167433214397650989e-03
3.412904927158984161e-03
3.665485598152153253e-03
3.924940846361094950e-03
4.191036060065847675e-03
4.463536532377806489e-03
4.742207594896301510e-03
5.026814749417605338e-03
5.317123797631610922e-03
5.612900968742576269e-03
5.913913044955502671e-03
6.219927484767200435e-03
6.530712544011677868e-03
6.846037394601469685e-03
7.165672240921189783e-03
7.489388433822801935e-03
7.816958582176866330e-03
8.148156661941730744e-03
8.482758122707902831e-03
8.820539991681924583e-03
9.161280975078192612e-03
9.504761556881152762e-03
9.850764094956018443e-03
1.019907291447647198e-02
1.054947439864891215e-02
1.090175707670847614e-02
1.125571170917104465e-02
1.161113137032535395e-02
1.196781152794525703e-02
1.232555012022126285e-02
1.268414762989099331e-02
1.304340715556980175e-02
1.340313448027419078e-02
1.376313813713572927e-02
1.412322947230453679e-02
1.448322270504942381e-02
1.484293498505457297e-02
1.520218644691838546e-02
1.556080026186947886e-02
1.591860268670464845e-02
1.627542310996439243e-02
1.663109409536054836e-02
1.698545142247008879e-02
1.733833412471924573e-02
1.768958452467296952e-02
1.803904826665218147e-02
1.838657434670711022e-02
1.873201513996747281e-02
1.907522642539800223e-02
1.941606740799007441e-02
1.975440073841411986e-02
2.009009253017130653e-02
2.042301237427323127e-02
2.075303335148332914e-02
2.108003204215833093e-02
2.140388853372552844e-02
2.172448642582984826e-02
2.204171283320186664e-02
2.235545838626745718e-02
2.266561722956027258e-02
2.297208701796620359e-02
2.327476891084847080e-02
2.357356756409183934e-02
2.386839112012223429e-02
2.415915119593005020e-02
2.444576286915941046e-02
2.472814466230122479e-02
2.500621852503550832e-02
2.527990981478306018e-02
2.554914727549589121e-02
2.581386301475542197e-02
2.607399247920959631e-02
2.632947442841165192e-02
2.658025090710284394e-02
2.682626721599072964e-02
2.706747188107516341e-02
2.730381662156837128e-02
2.753525631646242672e-02
2.776174896979675955e-02
2.798325567466537420e-02
2.819974057603000933e-02
2.841117083237394009e-02
2.861751657625871692e-02
2.881875087382550216e-02
2.901484968329431924e-02
2.920579181250948855e-02
2.939155887558404096e-02
2.957213524868171350e-02
2.974750802500061506e-02
2.991766696899077205e-02
3.008260446986595407e-02
3.024231549444558742e-02
3.039679753938594881e-02
3.054605058283370311e-02
3.069007703555701877e-02
3.082888169159677880e-02
3.096247167847876111e-02
3.109085640703645320e-02
3.121404752088186713e-02
3.133205884557090787e-02
3.144490633750443576e-02
3.155260803260307584e-02
3.165518399480213296e-02
3.175265626439754268e-02
3.184504880629136087e-02
3.193238745816865537e-02
3.201469987864059841e-02
3.209201549540124238e-02
3.216436545342088449e-02
3.223178256321770213e-02
3.229430124924038276e-02
3.235195749839468726e-02
3.240478880874650414e-02
3.245283413842920545e-02
3.249613385479491190e-02
3.253472968382350311e-02
3.256866465983813269e-02
3.259798307553682384e-02
3.262273043237723380e-02
3.264295339133695822e-02
3.265869972407677013e-02
3.267001826452923391e-02
3.267695886093424651e-02
3.267957232834774878e-02
3.267791040164400723e-02
3.267202568902705107e-02
3.266197162608125426e-02
3.264780243036699559e-02
3.262957305659341251e-02
3.260733915236987968e-02
3.258115701456842234e-02
3.255108354629685646e-02
3.251717621451239576e-02
3.247949300827487895e-02
3.243809239766336228e-02
3.239303329336408466e-02
3.234437500693754242e-02
3.229217721178287426e-02
3.223649990480071531e-02
3.217740336877034785e-02
3.211494813544488874e-02
3.204919494937373547e-02
3.198020473245632989e-02
3.190803854923865424e-02
3.183275757295010028e-02
3.175442305229299322e-02
3.167309627898049623e-02
3.158883855603392826e-02
3.150171116683397887e-02
3.141177534493490991e-02
3.131909224464094615e-02
3.122372291233650385e-02
3.112572825858960640e-02
3.102516903100590098e-02
3.092210578784813577e-02
3.081659887241071372e-02
3.070870838815312892e-02
3.059849417458317469e-02
3.048601578389085326e-02
3.037133245833198783e-02
3.025450310834589332e-02
3.013558629141924877e-02
3.001464019167398092e-02
2.989172260018999050e-02
2.976689089603951413e-02
2.964020202804541759e-02
2.951171249723761464e-02
2.938147834002009448e-02
2.924955511202270014e-02
2.911599787264691069e-02
2.898086117028123368e-02
2.884419902819247705e-02
2.870606493107606683e-02
2.856651181225780198e-02
2.842559204154105831e-02
2.828335741368421044e-02
2.813985913750778611e-02
2.799514782561154935e-02
2.784927348470042641e-02
2.770228550650092464e-02
2.755423265926843640e-02
2.740516307986156502e-02
2.725512426638799016e-02
2.710416307139483158e-02
2.695232569561045038e-02
2.679965768221101788e-02
2.664620391161215754e-02
2.649200859676591885e-02
2.633711527896156340e-02
2.618156682410979069e-02
2.602540541950568165e-02
2.586867257105451498e-02
2.571140910095546031e-02
2.555365514582369837e-02
2.539545015524592719e-02
2.523683289075774952e-02
2.507784142522734988e-02
2.491851314263815800e-02
2.475888473826187708e-02
2.459899221920006443e-02
2.443887090529628728e-02
2.427855543040201639e-02
