0.000000000000000000e+00
2.395464449412574096e-02
4.790928898825148191e-02
7.186393348237736511e-02
9.581857797650310260e-02
1.197732224706288540e-01
1.437278669647545915e-01
1.676825114588803289e-01
1.916371559530062052e-01
2.155918004471318039e-01
2.395464449412577079e-01
2.635010894353835842e-01
2.874557339295091829e-01
3.114103784236350592e-01
3.353650229177609354e-01
3.593196674118865341e-01
3.832743119060124104e-01
4.072289564001380091e-01
4.311836008942638854e-01
4.551382453883894841e-01
4.790928898825154159e-01
5.030475343766412921e-01
5.270021788707668353e-01
5.509568233648927116e-01
5.749114678590185878e-01
5.988661123531442421e-01
6.228207568472701183e-01
6.467754013413959946e-01
6.707300458355216488e-01
6.946846903296471920e-01
7.186393348237734013e-01
7.425939793178989445e-01
7.665486238120245988e-01
7.905032683061504750e-01
8.144579128002763513e-01
8.384125572944018945e-01
8.623672017885277707e-01
8.863218462826537580e-01
9.102764907767793012e-01
9.342311352709051775e-01
9.581857797650310538e-01
9.821404242591567080e-01
1.006095068753282362e+00
1.030049713247408238e+00
1.054004357741534115e+00
1.077959002235659547e+00
1.101913646729785423e+00
1.125868291223911299e+00
1.149822935718036954e+00
1.173777580212162830e+00
1.197732224706288706e+00
1.221686869200414360e+00
1.245641513694540015e+00
1.269596158188666113e+00
1.293550802682791767e+00
1.317505447176917643e+00
1.341460091671043298e+00
1.365414736165169174e+00
1.389369380659294606e+00
1.413324025153420482e+00
1.437278669647546359e+00
1.461233314141672013e+00
1.485187958635798333e+00
1.509142603129923321e+00
1.533097247624049420e+00
1.557051892118175518e+00
1.581006536612300506e+00
1.604961181106426826e+00
1.628915825600552481e+00
1.652870470094677913e+00
1.676825114588804233e+00
1.700779759082929665e+00
1.724734403577055319e+00
1.748689048071181418e+00
1.772643692565307072e+00
1.796598337059432726e+00
1.820552981553558825e+00
1.844507626047684479e+00
1.868462270541810133e+00
1.892416915035936231e+00
1.916371559530061885e+00
1.940326204024187540e+00
1.964280848518313638e+00
1.988235493012439292e+00
2.012190137506564724e+00
2.036144782000691045e+00
2.060099426494816033e+00
2.084054070988942353e+00
2.108008715483068229e+00
2.131963359977193218e+00
2.155918004471319538e+00
2.179872648965444970e+00
2.203827293459570846e+00
2.227781937953696723e+00
2.251736582447822599e+00
2.275691226941948031e+00
2.299645871436074351e+00
2.323600515930199784e+00
2.347555160424325660e+00
2.371509804918451536e+00
2.395464449412577412e+00
2.419419093906702845e+00
2.443373738400829165e+00
2.467328382894954597e+00
2.491283027389080029e+00
2.515237671883206350e+00
2.539192316377331782e+00
2.563146960871457658e+00
2.587101605365583534e+00
2.611056249859708966e+00
2.635010894353835287e+00
2.658965538847961607e+00
2.682920183342086595e+00
2.706874827836212472e+00
2.730829472330338792e+00
2.754784116824463780e+00
2.778738761318590100e+00
2.802693405812715977e+00
2.826648050306840965e+00
2.850602694800967285e+00
2.874557339295093605e+00
2.898511983789218593e+00
2.922466628283344914e+00
2.946421272777469902e+00
2.970375917271595778e+00
2.994330561765722098e+00
3.018285206259847087e+00
3.042239850753973407e+00
3.066194495248099283e+00
3.090149139742224271e+00
3.114103784236350592e+00
3.138058428730476912e+00
3.162013073224601900e+00
3.185967717718727776e+00
3.209922362212854097e+00
3.233877006706979085e+00
3.257831651201105405e+00
3.281786295695231725e+00
3.305740940189356714e+00
3.329695584683482590e+00
3.353650229177608910e+00
3.377604873671733898e+00
3.401559518165860219e+00
3.425514162659986095e+00
3.449468807154111083e+00
3.473423451648237403e+00
3.497378096142362391e+00
3.521332740636488712e+00
3.545287385130615032e+00
3.569242029624740020e+00
3.593196674118865896e+00
3.617151318612992217e+00
3.641105963107117205e+00
3.665060607601243525e+00
3.689015252095369402e+00
3.712969896589494390e+00
3.736924541083620710e+00
3.760879185577747030e+00
3.784833830071872018e+00
3.808788474565997895e+00
3.832743119060124215e+00
3.856697763554249203e+00
3.880652408048375523e+00
3.904607052542501844e+00
3.928561697036626832e+00
3.952516341530752708e+00
3.976470986024879029e+00
4.000425630519004017e+00
4.024380275013130337e+00
4.048334919507254881e+00
4.072289564001381201e+00
4.096244208495507522e+00
4.120198852989632954e+00
4.144153497483758386e+00
4.168108141977884706e+00
4.192062786472010139e+00
4.216017430966136459e+00
4.239972075460261891e+00
4.263926719954387323e+00
4.287881364448513644e+00
4.311836008942639964e+00
4.335790653436764508e+00
4.359745297930890828e+00
4.383699942425017149e+00
4.407654586919141693e+00
4.431609231413268013e+00
4.455563875907394333e+00
4.479518520401519766e+00
4.503473164895645198e+00
4.527427809389771518e+00
4.551382453883896950e+00
4.575337098378023271e+00
4.599291742872147815e+00
4.623246387366274135e+00
4.647201031860400455e+00
4.671155676354524999e+00
4.695110320848651320e+00
4.719064965342777640e+00
4.743019609836903072e+00
4.766974254331028504e+00
4.790928898825154825e+00
4.814883543319280257e+00
4.838838187813406577e+00
4.862792832307532009e+00
4.886747476801657442e+00
4.910702121295783762e+00
4.934656765789910082e+00
4.958611410284034626e+00
4.982566054778160947e+00
5.006520699272287267e+00
5.030475343766411811e+00
5.054429988260538131e+00
5.078384632754664452e+00
5.102339277248789884e+00
5.126293921742915316e+00
5.150248566237041636e+00
5.174203210731167069e+00
5.198157855225293389e+00
5.222112499719417933e+00
5.246067144213544253e+00
5.270021788707670574e+00
5.293976433201795118e+00
5.317931077695921438e+00
5.341885722190046870e+00
5.365840366684173190e+00
5.389795011178298623e+00
5.413749655672424055e+00
5.437704300166550375e+00
5.461658944660676696e+00
5.485613589154801240e+00
5.509568233648927560e+00
5.533522878143053880e+00
5.557477522637178424e+00
5.581432167131304745e+00
5.605386811625431065e+00
5.629341456119556497e+00
5.653296100613681929e+00
5.677250745107808250e+00
5.701205389601933682e+00
5.725160034096060002e+00
5.749114678590185434e+00
5.773069323084310867e+00
5.797023967578437187e+00
5.820978612072563507e+00
5.844933256566688051e+00
5.868887901060814372e+00
5.892842545554939804e+00
5.916797190049065236e+00
5.940751834543191556e+00
5.964706479037316988e+00
5.988661123531443309e+00
6.012615768025568741e+00
6.036570412519694173e+00
6.060525057013820494e+00
6.084479701507946814e+00
6.108434346002071358e+00
6.132388990496197678e+00
6.156343634990323999e+00
6.180298279484448543e+00
6.204252923978574863e+00
6.228207568472701183e+00
6.252162212966826615e+00
6.276116857460952048e+00
6.300071501955078368e+00
6.324026146449203800e+00
6.347980790943330121e+00
6.371935435437455553e+00
6.395890079931580985e+00
6.419844724425707305e+00
6.443799368919831849e+00
6.467754013413958170e+00
6.491708657908084490e+00
6.515663302402209922e+00
6.539617946896335354e+00
6.563572591390461675e+00
6.587527235884587107e+00
6.611481880378713427e+00
6.635436524872838859e+00
6.659391169366964291e+00
6.683345813861090612e+00
6.707300458355216932e+00
6.731255102849341476e+00
6.755209747343467797e+00
6.779164391837594117e+00
6.803119036331718661e+00
6.827073680825844981e+00
6.851028325319971302e+00
6.874982969814096734e+00
6.898937614308222166e+00
6.922892258802348486e+00
6.946846903296473918e+00
6.970801547790600239e+00
6.994756192284724783e+00
7.018710836778851103e+00
7.042665481272977424e+00
7.066620125767101968e+00
7.090574770261228288e+00
7.114529414755354608e+00
7.138484059249480040e+00
7.162438703743605473e+00
7.186393348237731793e+00
7.210347992731857225e+00
7.234302637225983545e+00
7.258257281720108978e+00
7.282211926214234410e+00
7.306166570708360730e+00
7.330121215202487051e+00
7.354075859696611595e+00
7.378030504190737915e+00
7.401985148684864235e+00
7.425939793178988779e+00
7.449894437673115100e+00
7.473849082167241420e+00
7.497803726661366852e+00
7.521758371155492284e+00
7.545713015649617716e+00
7.569667660143744037e+00
7.593622304637870357e+00
7.617576949131994901e+00
7.641531593626121222e+00
7.665486238120247542e+00
7.689440882614372086e+00
7.713395527108498406e+00
7.737350171602624727e+00
7.761304816096750159e+00
7.785259460590875591e+00
7.809214105085001911e+00
7.833168749579127343e+00
7.857123394073253664e+00
7.881078038567379096e+00
7.905032683061504528e+00
7.928987327555630849e+00
7.952941972049757169e+00
7.976896616543881713e+00
8.000851261038008033e+00
8.024805905532133465e+00
8.048760550026258898e+00
8.072715194520386106e+00
8.096669839014509762e+00
8.120624483508636970e+00
8.144579128002762403e+00
8.168533772496887835e+00
8.192488416991013267e+00
8.216443061485140475e+00
8.240397705979265908e+00
8.264352350473391340e+00
8.288306994967516772e+00
8.312261639461642204e+00
8.336216283955769413e+00
8.360170928449894845e+00
8.384125572944020277e+00
8.408080217438145709e+00
8.432034861932272918e+00
8.455989506426396574e+00
8.479944150920523782e+00
8.503898795414649214e+00
8.527853439908774646e+00
8.551808084402900079e+00
8.575762728897027287e+00
8.599717373391152719e+00
8.623672017885278152e+00
8.647626662379403584e+00
8.671581306873529016e+00
8.695535951367656224e+00
8.719490595861779880e+00
8.743445240355907089e+00
8.767399884850032521e+00
8.791354529344157953e+00
8.815309173838283385e+00
8.839263818332410594e+00
8.863218462826536026e+00
8.887173107320661458e+00
8.911127751814786890e+00
8.935082396308912323e+00
8.959037040803039531e+00
8.982991685297164963e+00
9.006946329791290395e+00
9.030900974285415828e+00
9.054855618779543036e+00
9.078810263273666692e+00
9.102764907767793900e+00
9.126719552261919333e+00
9.150674196756044765e+00
9.174628841250170197e+00
9.198583485744295629e+00
9.222538130238422838e+00
9.246492774732548270e+00
9.270447419226673702e+00
9.294402063720799134e+00
9.318356708214926343e+00
9.342311352709051775e+00
9.366265997203177207e+00
9.390220641697304416e+00
9.414175286191428071e+00
9.438129930685553504e+00
9.462084575179680712e+00
9.486039219673806144e+00
9.509993864167933353e+00
9.533948508662058785e+00
9.557903153156182441e+00
9.581857797650309649e+00
9.605812442144435082e+00
9.629767086638560514e+00
9.653721731132687722e+00
9.677676375626813154e+00
9.701631020120936810e+00
9.725585664615064019e+00
9.749540309109189451e+00
9.773494953603316659e+00
9.797449598097442092e+00
9.821404242591565747e+00
9.845358887085692956e+00
9.869313531579818388e+00
9.893268176073943820e+00
9.917222820568071029e+00
9.941177465062196461e+00
9.965132109556320117e+00
9.989086754050447325e+00
1.001304139854457276e+01
1.003699604303869997e+01
1.006095068753282540e+01
1.008490533202695083e+01
1.010885997652107626e+01
1.013281462101520169e+01
1.015676926550932713e+01
1.018072391000345434e+01
1.020467855449757977e+01
1.022863319899170698e+01
1.025258784348583063e+01
1.027654248797995606e+01
1.030049713247408327e+01
1.032445177696820870e+01
1.034840642146233414e+01
1.037236106595645957e+01
1.039631571045058500e+01
1.042027035494471043e+01
1.044422499943883587e+01
1.046817964393296307e+01
1.049213428842708851e+01
1.051608893292121394e+01
1.054004357741534115e+01
1.056399822190946480e+01
1.058795286640359024e+01
1.061190751089771744e+01
1.063586215539184288e+01
1.065981679988597008e+01
1.068377144438009374e+01
1.070772608887421917e+01
1.073168073336834638e+01
1.075563537786247181e+01
1.077959002235659725e+01
1.080354466685072445e+01
1.082749931134484811e+01
1.085145395583897354e+01
1.087540860033310075e+01
1.089936324482722618e+01
1.092331788932135339e+01
1.094727253381547882e+01
1.097122717830960248e+01
1.099518182280372969e+01
1.101913646729785512e+01
1.104309111179198055e+01
1.106704575628610776e+01
1.109100040078023319e+01
1.111495504527435685e+01
1.113890968976848406e+01
1.116286433426260949e+01
1.118681897875673670e+01
1.121077362325086213e+01
1.123472826774498579e+01
1.125868291223911299e+01
1.128263755673323843e+01
1.130659220122736386e+01
1.133054684572149107e+01
1.135450149021561650e+01
1.137845613470974016e+01
1.140241077920386736e+01
1.142636542369799280e+01
1.145032006819212000e+01
1.147427471268624544e+01
1.149822935718037087e+01
1.152218400167449630e+01
1.154613864616862173e+01
1.157009329066274717e+01
1.159404793515687437e+01
1.161800257965099981e+01
1.164195722414512701e+01
1.166591186863925067e+01
1.168986651313337610e+01
1.171382115762750331e+01
1.173777580212162874e+01
1.176173044661575418e+01
1.178568509110987961e+01
1.180963973560400504e+01
1.183359438009813047e+01
1.185754902459225768e+01
1.188150366908638311e+01
1.190545831358051032e+01
1.192941295807463398e+01
1.195336760256875941e+01
1.197732224706288662e+01
1.200127689155701205e+01
1.202523153605113748e+01
1.204918618054526469e+01
1.207314082503938835e+01
1.209709546953351378e+01
1.212105011402764099e+01
1.214500475852176642e+01
1.216895940301589363e+01
1.219291404751001906e+01
1.221686869200414272e+01
1.224082333649826992e+01
1.226477798099239536e+01
1.228873262548652079e+01
1.231268726998064800e+01
1.233664191447477165e+01
1.236059655896889709e+01
1.238455120346302429e+01
1.240850584795714973e+01
1.243246049245127693e+01
1.245641513694540237e+01
1.248036978143952602e+01
1.250432442593365323e+01
1.252827907042777866e+01
1.255223371492190410e+01
1.257618835941603130e+01
1.260014300391015674e+01
1.262409764840428039e+01
1.264805229289840760e+01
1.267200693739253303e+01
1.269596158188666024e+01
1.271991622638078567e+01
1.274387087087491111e+01
1.276782551536903654e+01
1.279178015986316197e+01
1.281573480435728740e+01
1.283968944885141461e+01
1.286364409334554004e+01
1.288759873783966370e+01
1.291155338233379091e+01
1.293550802682791634e+01
1.295946267132204355e+01
1.298341731581616898e+01
1.300737196031029441e+01
1.303132660480441984e+01
1.305528124929854528e+01
1.307923589379267071e+01
1.310319053828679792e+01
1.312714518278092335e+01
1.315109982727505056e+01
1.317505447176917421e+01
1.319900911626329965e+01
1.322296376075742685e+01
1.324691840525155229e+01
1.327087304974567772e+01
1.329482769423980493e+01
1.331878233873392858e+01
1.334273698322805402e+01
1.336669162772218122e+01
1.339064627221630666e+01
1.341460091671043386e+01
1.343855556120455752e+01
1.346251020569868295e+01
1.348646485019281016e+01
1.351041949468693559e+01
1.353437413918106103e+01
1.355832878367518823e+01
1.358228342816931189e+01
1.360623807266343732e+01
1.363019271715756453e+01
1.365414736165168996e+01
1.367810200614581717e+01
1.370205665063994260e+01
1.372601129513406626e+01
1.374996593962819347e+01
1.377392058412231890e+01
1.379787522861644433e+01
1.382182987311057154e+01
1.384578451760469697e+01
1.386973916209882063e+01
1.389369380659294784e+01
1.391764845108707327e+01
1.394160309558120048e+01
1.396555774007532591e+01
1.398951238456944957e+01
1.401346702906357677e+01
1.403742167355770221e+01
1.406137631805182764e+01
1.408533096254595485e+01
1.410928560704008028e+01
1.413324025153420394e+01
1.415719489602833114e+01
1.418114954052245658e+01
1.420510418501658378e+01
1.422905882951070922e+01
1.425301347400483465e+01
1.427696811849896008e+01
1.430092276299308551e+01
1.432487740748721095e+01
1.434883205198133815e+01
1.437278669647546359e+01
1.439674134096959079e+01
1.442069598546371445e+01
1.444465062995783988e+01
1.446860527445196709e+01
1.449255991894609252e+01
1.451651456344021796e+01
1.454046920793434339e+01
1.456442385242846882e+01
1.458837849692259425e+01
1.461233314141672146e+01
1.463628778591084689e+01
1.466024243040497410e+01
1.468419707489909776e+01
1.470815171939322319e+01
1.473210636388735040e+01
1.475606100838147583e+01
1.478001565287560126e+01
1.480397029736972847e+01
1.482792494186385213e+01
1.485187958635797756e+01
1.487583423085210477e+01
1.489978887534623020e+01
1.492374351984035741e+01
1.494769816433448284e+01
1.497165280882860650e+01
1.499560745332273370e+01
1.501956209781685914e+01
1.504351674231098457e+01
1.506747138680511178e+01
1.509142603129923543e+01
1.511538067579336087e+01
1.513933532028748807e+01
1.516328996478161351e+01
1.518724460927574071e+01
1.521119925376986615e+01
1.523515389826398980e+01
1.525910854275811701e+01
1.528306318725224244e+01
1.530701783174636788e+01
1.533097247624049508e+01
1.535492712073462052e+01
1.537888176522874417e+01
1.540283640972287138e+01
1.542679105421699681e+01
1.545074569871112402e+01
1.547470034320524945e+01
1.549865498769937489e+01
1.552260963219350032e+01
1.554656427668762575e+01
1.557051892118175118e+01
1.559447356567587839e+01
1.561842821017000382e+01
1.564238285466412748e+01
1.566633749915825469e+01
1.569029214365238012e+01
1.571424678814650733e+01
1.573820143264063276e+01
1.576215607713475819e+01
1.578611072162888362e+01
1.581006536612300906e+01
1.583402001061713449e+01
1.585797465511126170e+01
1.588192929960538713e+01
1.590588394409951434e+01
1.592983858859363799e+01
1.595379323308776343e+01
1.597774787758189063e+01
1.600170252207601607e+01
1.602565716657014150e+01
1.604961181106426693e+01
1.607356645555839236e+01
1.609752110005251780e+01
1.612147574454664323e+01
1.614543038904077221e+01
1.616938503353489764e+01
1.619333967802901952e+01
1.621729432252314851e+01
1.624124896701727394e+01
1.626520361151139937e+01
1.628915825600552481e+01
1.631311290049965024e+01
1.633706754499377567e+01
1.636102218948790110e+01
1.638497683398202653e+01
1.640893147847615552e+01
1.643288612297028095e+01
1.645684076746440638e+01
1.648079541195853182e+01
1.650475005645265725e+01
1.652870470094678268e+01
1.655265934544090811e+01
1.657661398993503354e+01
1.660056863442916253e+01
1.662452327892328441e+01
1.664847792341740984e+01
1.667243256791153883e+01
1.669638721240566426e+01
1.672034185689978969e+01
1.674429650139391512e+01
1.676825114588804055e+01
1.679220579038216599e+01
1.681616043487629142e+01
1.684011507937041685e+01
1.686406972386454584e+01
1.688802436835866772e+01
1.691197901285279315e+01
1.693593365734692213e+01
1.695988830184104756e+01
1.698384294633517300e+01
1.700779759082929843e+01
1.703175223532342386e+01
1.705570687981754929e+01
1.707966152431167473e+01
1.710361616880580016e+01
1.712757081329992914e+01
1.715152545779405457e+01
1.717548010228817645e+01
1.719943474678230544e+01
1.722338939127643087e+01
1.724734403577055630e+01
1.727129868026468174e+01
1.729525332475880717e+01
1.731920796925293260e+01
1.734316261374705803e+01
1.736711725824118346e+01
1.739107190273531245e+01
1.741502654722943788e+01
1.743898119172355976e+01
1.746293583621768875e+01
1.748689048071181418e+01
1.751084512520593961e+01
1.753479976970006504e+01
1.755875441419419047e+01
1.758270905868831591e+01
1.760666370318244134e+01
1.763061834767656677e+01
1.765457299217069576e+01
1.767852763666482119e+01
1.770248228115894662e+01
1.772643692565307205e+01
1.775039157014719748e+01
1.777434621464132292e+01
1.779830085913544835e+01
1.782225550362957378e+01
1.784621014812369921e+01
1.787016479261782465e+01
1.789411943711195008e+01
1.791807408160607906e+01
1.794202872610020449e+01
1.796598337059432993e+01
1.798993801508845536e+01
1.801389265958258079e+01
1.803784730407670622e+01
1.806180194857083166e+01
1.808575659306495709e+01
1.810971123755908607e+01
1.813366588205320795e+01
1.815762052654733338e+01
1.818157517104146237e+01
1.820552981553558780e+01
1.822948446002971323e+01
1.825343910452383867e+01
1.827739374901796410e+01
1.830134839351208953e+01
1.832530303800621496e+01
1.834925768250034039e+01
1.837321232699446938e+01
1.839716697148859126e+01
1.842112161598271669e+01
1.844507626047684568e+01
1.846903090497097111e+01
1.849298554946509654e+01
1.851694019395922197e+01
1.854089483845334740e+01
1.856484948294747284e+01
1.858880412744159827e+01
1.861275877193572370e+01
1.863671341642985269e+01
1.866066806092397812e+01
1.868462270541810000e+01
1.870857734991222898e+01
1.873253199440635441e+01
1.875648663890047985e+01
1.878044128339460528e+01
1.880439592788873071e+01
1.882835057238285614e+01
1.885230521687698158e+01
1.887625986137110701e+01
1.890021450586523599e+01
1.892416915035936142e+01
1.894812379485348686e+01
1.897207843934761229e+01
1.899603308384173772e+01
1.901998772833586315e+01
1.904394237282998859e+01
1.906789701732411402e+01
1.909185166181823945e+01
1.911580630631236488e+01
1.913976095080649031e+01
1.916371559530061930e+01
1.918767023979474473e+01
1.921162488428887016e+01
1.923557952878299560e+01
1.925953417327712103e+01
1.928348881777124646e+01
1.930744346226537189e+01
1.933139810675949732e+01
1.935535275125362631e+01
1.937930739574774819e+01
1.940326204024187362e+01
1.942721668473600261e+01
1.945117132923012804e+01
1.947512597372425347e+01
1.949908061821837890e+01
1.952303526271250433e+01
1.954698990720662977e+01
1.957094455170075520e+01
1.959489919619488063e+01
1.961885384068900962e+01
1.964280848518313149e+01
1.966676312967725693e+01
1.969071777417138591e+01
1.971467241866551134e+01
1.973862706315963678e+01
1.976258170765376221e+01
1.978653635214788409e+01
1.981049099664200952e+01
1.983444564113613851e+01
1.985840028563026394e+01
1.988235493012438937e+01
1.990630957461851480e+01
1.993026421911264023e+01
1.995421886360676922e+01
1.997817350810089465e+01
2.000212815259502008e+01
2.002608279708914552e+01
2.005003744158327095e+01
2.007399208607739283e+01
2.009794673057152181e+01
2.012190137506564724e+01
2.014585601955977268e+01
2.016981066405389811e+01
2.019376530854802354e+01
2.021771995304215253e+01
2.024167459753627796e+01
2.026562924203040339e+01
2.028958388652452882e+01
2.031353853101865425e+01
2.033749317551277613e+01
2.036144782000690512e+01
2.038540246450103055e+01
2.040935710899515598e+01
2.043331175348928141e+01
2.045726639798340685e+01
2.048122104247753583e+01
2.050517568697166126e+01
2.052913033146578670e+01
2.055308497595991213e+01
2.057703962045403756e+01
2.060099426494816655e+01
2.062494890944228842e+01
2.064890355393641386e+01
2.067285819843053929e+01
2.069681284292466472e+01
2.072076748741879015e+01
2.074472213191291914e+01
2.076867677640704457e+01
2.079263142090117000e+01
2.081658606539529544e+01
2.084054070988942087e+01
2.086449535438354985e+01
2.088844999887767173e+01
2.091240464337179716e+01
2.093635928786592615e+01
2.096031393236005158e+01
2.098426857685417701e+01
2.100822322134830245e+01
2.103217786584242788e+01
2.105613251033655686e+01
2.108008715483068229e+01
2.110404179932480417e+01
2.112799644381892961e+01
2.115195108831305504e+01
2.117590573280718047e+01
2.119986037730130946e+01
2.122381502179543489e+01
2.124776966628956032e+01
2.127172431078368575e+01
2.129567895527781118e+01
2.131963359977194017e+01
2.134358824426606560e+01
2.136754288876018748e+01
2.139149753325431291e+01
2.141545217774843834e+01
2.143940682224256378e+01
2.146336146673669276e+01
2.148731611123081819e+01
2.151127075572494363e+01
2.153522540021906906e+01
2.155918004471319449e+01
2.158313468920732348e+01
2.160708933370144891e+01
2.163104397819557434e+01
2.165499862268969622e+01
2.167895326718382165e+01
2.170290791167794708e+01
2.172686255617207607e+01
2.175081720066620150e+01
2.177477184516032693e+01
2.179872648965445237e+01
2.182268113414857780e+01
2.184663577864270678e+01
2.187059042313683221e+01
2.189454506763095765e+01
2.191849971212507953e+01
2.194245435661920496e+01
2.196640900111333039e+01
2.199036364560745938e+01
2.201431829010158481e+01
2.203827293459571024e+01
2.206222757908983567e+01
2.208618222358396110e+01
2.211013686807809009e+01
2.213409151257221552e+01
2.215804615706634095e+01
2.218200080156046639e+01
2.220595544605458826e+01
2.222991009054871370e+01
2.225386473504284268e+01
2.227781937953696811e+01
2.230177402403109355e+01
2.232572866852521898e+01
2.234968331301934441e+01
2.237363795751347340e+01
2.239759260200759883e+01
2.242154724650172426e+01
2.244550189099584969e+01
2.246945653548997157e+01
2.249341117998409700e+01
2.251736582447822599e+01
2.254132046897235142e+01
2.256527511346647685e+01
2.258922975796060229e+01
2.261318440245472772e+01
2.263713904694885670e+01
2.266109369144298213e+01
2.268504833593710757e+01
2.270900298043123300e+01
2.273295762492535843e+01
2.275691226941948031e+01
2.278086691391360930e+01
2.280482155840773473e+01
2.282877620290186016e+01
2.285273084739598559e+01
2.287668549189011102e+01
2.290064013638424001e+01
2.292459478087836544e+01
2.294854942537249087e+01
2.297250406986661631e+01
2.299645871436074174e+01
2.302041335885486362e+01
2.304436800334899260e+01
2.306832264784311803e+01
2.309227729233724347e+01
2.311623193683136890e+01
2.314018658132549433e+01
2.316414122581962332e+01
2.318809587031374875e+01
2.321205051480787418e+01
2.323600515930199961e+01
2.325995980379612504e+01
2.328391444829025403e+01
2.330786909278437591e+01
2.333182373727850134e+01
2.335577838177262677e+01
2.337973302626675220e+01
2.340368767076087764e+01
2.342764231525500662e+01
2.345159695974913205e+01
2.347555160424325749e+01
2.349950624873738292e+01
2.352346089323150835e+01
2.354741553772563734e+01
2.357137018221975922e+01
2.359532482671388465e+01
2.361927947120801008e+01
2.364323411570213551e+01
2.366718876019626094e+01
2.369114340469038993e+01
2.371509804918451536e+01
2.373905269367864079e+01
2.376300733817276623e+01
2.378696198266689166e+01
2.381091662716102064e+01
2.383487127165514607e+01
2.385882591614926795e+01
2.388278056064339339e+01
2.390673520513751882e+01
2.393068984963164425e+01
