0.000000000000000000e+00
5.262956430997466480e-05
2.104291760302741930e-04
4.731317686664194763e-04
8.402928213415931241e-04
1.311291242228451075e-03
1.885330602442937282e-03
2.561440717497859634e-03
3.338479572600442421e-03
4.215135587270290619e-03
5.189930213963680691e-03
6.261220864609723727e-03
7.427204158202156854e-03
8.685919481849645532e-03
1.003525285695876755e-02
1.147294110153073213e-02
1.299657627887219370e-02
1.460361042237161289e-02
1.629136052537145593e-02
1.805701378457499895e-02
1.989763308486107093e-02
2.181016271285899158e-02
2.379143428612941549e-02
2.583817288435049514e-02
2.794700336847041541e-02
3.011445687341454680e-02
3.233697745957393038e-02
3.461092890800364363e-02
3.693260164397973999e-02
3.929821977334007482e-02
4.170394821584149508e-02
4.414589991961717641e-02
4.662014314071379756e-02
4.912270877161518251e-02
5.164959770264273414e-02
5.419678820012793774e-02
5.676024328532098401e-02
5.933591809808359124e-02
6.191976722955876838e-02
6.450775200818706367e-02
6.709584772364188265e-02
6.968005077352334986e-02
7.225638571792572518e-02
7.482091222732485669e-02
7.736973190958511271e-02
7.989899500228432594e-02
8.240490691696694681e-02
8.488373462240765555e-02
8.733181285442612185e-02
8.974555014033168410e-02
9.212143462658962945e-02
9.445603969887711449e-02
9.674602938427208365e-02
9.898816352592647305e-02
1.011793027211937285e-01
1.033164130148241933e-01
1.053965703394956488e-01
1.074169646966154357e-01
1.093749040710025461e-01
1.112678180737615430e-01
1.130932613083391464e-01
1.148489164554702541e-01
1.165325970734123334e-01
1.181422501105830331e-01
1.196759581284177615e-01
1.211319412329604633e-01
1.225085587144166960e-01
1.238043103945709461e-01
1.250178376826694970e-01
1.261479243410353057e-01
1.271934969623566836e-01
1.281536251612282185e-01
1.290275214831697326e-01
1.298145410349642870e-01
1.305141808407489779e-01
1.311260789289026840e-01
1.316500131552993946e-01
1.320858997690664560e-01
1.324337917274898968e-01
1.326938767672168895e-01
1.328664752393497739e-01
1.329520377164804812e-01
1.329511423801722492e-01
1.328644921976835092e-01
1.326929118972090260e-01
1.324373447511458246e-01
1.320988491772697448e-01
1.316785951679171340e-01
1.311778605575571743e-01
1.305980271393418213e-01
1.299405766413793128e-01
1.292070865736642815e-01
1.283992259567036109e-01
1.275187509429646648e-01
1.265675003423417377e-01
1.255473910628955303e-01
1.244604134780573357e-01
1.233086267315586654e-01
1.220941539912099166e-01
1.208191776626260650e-01
1.194859345738823186e-01
1.180967111419287396e-01
1.166538385314651316e-01
1.151596878167810423e-01
1.136166651568646796e-01
1.120272069938619830e-01
1.103937752847215931e-01
1.087188527755802020e-01
1.070049383281755501e-01
1.052545423072661912e-01
1.034701820376941056e-01
1.016543773394299049e-01
9.980964614854770378e-02
9.793850023175337816e-02
9.604344100167055975e-02
9.412695543975121981e-02
9.219151213323559246e-02
9.023955743222264458e-02
8.827351173247414973e-02
8.629576588917120539e-02
8.430867776643719003e-02
8.231456892697301686e-02
8.031572146579132876e-02
7.831437499155095849e-02
7.631272375860589929e-02
7.431291395244368769e-02
7.231704113077956630e-02
7.032714782214070925e-02
6.834522128338316183e-02
6.637319141716220561e-02
6.441292884999343105e-02
6.246624317113348701e-02
6.053488133215217254e-02
5.862052620666775155e-02
5.672479530938371456e-02
5.484923967318729165e-02
5.299534288275920685e-02
5.116452026278771326e-02
4.935811821859487775e-02
4.757741372666338814e-02
4.582361397227457250e-02
4.409785613119473341e-02
4.240120729209104905e-02
4.073466451611280209e-02
3.909915502985820968e-02
3.749553654771612538e-02
3.592459771939696817e-02
3.438705869828508066e-02
3.288357182606058832e-02
3.141472242892083544e-02
2.998102972058306129e-02
2.858294780713278860e-02
2.722086678869083815e-02
2.589511395278787029e-02
2.460595505425031831e-02
2.335359567637457570e-02
2.213818266809618532e-02
2.095980565187108638e-02
1.981849859693352381e-02
1.871424145264406411e-02
1.764696183661468645e-02
1.661653677237130006e-02
1.562279447130511360e-02
1.466551615377290410e-02
1.374443790422806913e-02
1.285925255536086997e-02
1.200961159631963940e-02
1.119512710015772849e-02
1.041537366578247116e-02
9.669890369785497791e-03
8.958182723649094070e-03
8.279724631974164431e-03
7.633960347492398102e-03
7.020306418781458759e-03
6.438153626749542301e-03
5.886868906103586221e-03
5.365797248186983393e-03
4.874263581724297412e-03
4.411574628183170983e-03
3.977020728635764085e-03
3.569877639165519503e-03
3.189408292048101327e-03
2.834864520103484026e-03
2.505488741795500185e-03
2.200515604831939417e-03
1.919173586185315928e-03
1.660686546644108861e-03
1.424275238162303701e-03
1.209158762458468648e-03
1.014555979477100005e-03
8.396868644993904464e-04
6.837738128496694510e-04
5.460428913074572574e-04
4.257250354928196283e-04
3.220571926464013235e-04
2.342834093742202117e-04
1.616558640757936329e-04
1.034358439110151810e-04
5.889466630097950779e-05
2.731454508579858682e-05
7.989401591219460791e-06
2.256209731838443856e-07
3.342754327259159913e-06
1.667416715715022609e-05
3.956763490127545668e-05
7.138588631382262247e-05
1.115070955888457596e-04
1.593253242024307808e-04
2.142509135276972310e-04
2.757108293531527511e-04
3.431489595019565544e-04
4.160263658143184030e-04
4.938214918107267743e-04
5.760303274073764373e-04
6.621665320982535359e-04
7.517615180614436662e-04
8.443644946812029102e-04
9.395424760063352844e-04
1.036880252692263821e-03
1.135980329991385972e-03
1.236462833371990361e-03
1.337965383359702260e-03
1.440142941192691867e-03
1.542667626893806567e-03
1.645228511350872551e-03
1.747531383994730412e-03
1.849298497654387839e-03
1.950268292147537942e-03
2.050195098158790873e-03
2.148848822925370720e-03
2.246014619233667985e-03
2.341492539199979510e-03
2.435097174282972385e-03
2.526657282934868104e-03
2.616015407281089677e-03
2.703027480158499106e-03
2.787562423831482870e-03
2.869501741638259048e-03
2.948739103804717127e-03
3.025179928596281268e-03
3.098740959959157739e-03
3.169349842732690180e-03
3.236944696493458239e-03
3.301473689027618029e-03
3.362894610390329379e-03
3.421174448465534156e-03
3.476288966885054781e-03
3.528222286129832196e-03
3.576966468577115043e-03
3.622521108224144998e-03
3.664892925758538294e-03
3.704095369615871460e-03
3.740148223600999258e-03
3.773077221626762630e-03
3.802913670056441969e-03
3.829694078117075549e-03
3.853459796787828476e-03
3.874256666541634354e-03
3.892134674271905456e-03
3.907147619694732732e-03
3.919352791487976800e-03
3.928810653381954905e-03
3.935584540389502894e-03
3.939740365325811872e-03
3.941346335733406439e-03
3.940472681303811529e-03
3.937191391845004836e-03
3.931575965836145090e-03
3.923701169555514519e-03
3.913642806769567113e-03
3.901477498929325789e-03
3.887282475803156574e-03
3.871135376453774778e-03
3.853114060446428176e-03
3.833296429156360981e-03
3.811760257025697575e-03
3.788583032605323270e-03
3.763841809202744717e-03
3.737613064938976378e-03
3.709972572010975227e-03
3.680995274943428108e-03
3.650755177598836998e-03
3.619325238716023137e-03
3.586777275726946677e-03
3.553181876608143587e-03
3.518608319504808787e-03
3.483124499872381104e-03
3.446796864870996669e-03
3.409690354739338541e-03
3.371868350889759610e-03
3.333392630446667219e-03
3.294323326961354735e-03
3.254718897030608842e-03
3.214636092557360096e-03
3.174129938376710897e-03
3.133253714989717512e-03
3.092058946141583876e-03
3.050595390982094920e-03
3.008911040563043340e-03
2.967052118409335693e-03
2.925063084930963186e-03
2.882986645428603934e-03
2.840863761459058463e-03
2.798733665333601010e-03
2.756633877524460301e-03
2.714600226762481361e-03
2.672666872617515763e-03
2.630866330356074027e-03
2.589229497880568120e-03
2.547785684558771108e-03
2.506562641761590424e-03
2.465586594933683994e-03
2.424882277025572786e-03
2.384472963127677765e-03
2.344380506150732079e-03
2.304625373404078307e-03
2.265226683932348647e-03
2.226202246475229591e-03
2.187568597924889266e-03
2.149341042159517989e-03
2.111533689140851662e-03
2.074159494166629390e-03
2.037230297179832509e-03
2.000756862038582246e-03
1.964748915660296819e-03
1.929215186954367752e-03
1.894163445472832373e-03
1.859600539702464242e-03
1.825532434936028535e-03
1.791964250662806324e-03
1.758900297422710899e-03
1.726344113073396448e-03
1.694298498426355642e-03
1.662765552211446568e-03
1.631746705332138073e-03
1.601242754379548529e-03
1.571253894379261076e-03
1.541779750742527455e-03
1.512819410404620977e-03
1.484371452130798033e-03
1.456433975975961106e-03
1.429004631888428078e-03
1.402080647445600814e-03
1.375658854722101995e-03
1.349735716279693671e-03
1.324307350285270019e-03
1.299369554753277041e-03
1.274917830920371982e-03
1.250947405753051250e-03
1.227453253599879038e-03
1.204430116993471375e-03
1.181872526616678477e-03
1.159774820439606795e-03
1.138131162043704969e-03
1.116935558146724258e-03
1.096181875342419967e-03
1.075863856070818653e-03
1.055975133835984408e-03
1.036509247689964153e-03
1.017459655997629770e-03
9.988197495033369639e-04
9.805828637181903101e-04
9.627422906451027582e-04
9.452912898621545828e-04
9.282230989849025700e-04
9.115309435249716085e-04
8.952080461662668661e-04
8.792476354781595619e-04
8.636429540851186040e-04
8.483872663126351731e-04
8.334738653287617101e-04
8.188960797998505936e-04
8.046472800810751088e-04
7.907208839590336479e-04
7.771103619658120513e-04
7.638092422815761541e-04
7.508111152452863956e-04
7.381096374893314277e-04
7.256985357158885234e-04
7.135716101321961519e-04
7.017227375596121275e-04
6.901458742345364071e-04
6.788350583136225141e-04
6.677844121017823204e-04
6.569881440141172061e-04
6.464405502886761421e-04
6.361360164617960470e-04
6.260690186205566336e-04
6.162341244437933869e-04
6.066259940451973519e-04
5.972393806292454130e-04
5.880691309730614810e-04
5.791101857421802933e-04
5.703575796544242465e-04
5.618064414989314701e-04
5.534519940218910004e-04
5.452895536869297637e-04
5.373145303206514328e-04
5.295224266496669201e-04
5.219088377388888568e-04
5.144694503387680501e-04
5.072000421470043881e-04
5.000964809940381143e-04
4.931547239571737115e-04
4.863708164104687095e-04
4.797408910172242880e-04
4.732611666673289122e-04
4.669279473699642258e-04
4.607376211017322914e-04
4.546866586184346282e-04
4.487716122329089450e-04
4.429891145648930236e-04
4.373358772650500588e-04
4.318086897180662938e-04
4.264044177287720024e-04
4.211200021926840022e-04
4.159524577563869724e-04
4.108988714685358253e-04
4.059564014256094016e-04
4.011222754143706302e-04
3.963937895532393418e-04
3.917683069345021950e-04
3.872432562704844396e-04
3.828161305440130066e-04
3.784844856659925604e-04
3.742459391406619852e-04
3.700981687415338408e-04
3.660389111973777585e-04
3.620659608906472799e-04
3.581771685695109937e-04
3.543704400737588572e-04
3.506437350756597213e-04
3.469950658374913906e-04
3.434224959849029079e-04
3.399241392975769116e-04
3.364981585184301694e-04
3.331427641802934560e-04
3.298562134515136334e-04
3.266368090008096425e-04
3.234828978812076886e-04
3.203928704335901869e-04
3.173651592101867634e-04
3.143982379177759422e-04
3.114906203809408337e-04
3.086408595253959525e-04
3.058475463816680870e-04
3.031093091083204025e-04
3.004248120356788608e-04
2.977927547294371069e-04
2.952118710737983002e-04
2.926809283750372425e-04
2.901987264840854837e-04
2.877640969386775489e-04
2.853759021251410120e-04
2.830330344584563508e-04
2.807344155821411141e-04
2.784789955860555717e-04
2.762657522429738427e-04
2.740936902628872060e-04
2.719618405655809868e-04
2.698692595708559669e-04
2.678150285054611444e-04
2.657982527280730936e-04
2.638180610698301017e-04
2.618736051927104307e-04
2.599640589629344223e-04
2.580886178406605904e-04
2.562464982858608277e-04
2.544369371785017695e-04
2.526591912541798868e-04
2.509125365546164372e-04
2.491962678923264089e-04
2.475096983295355601e-04
2.458521586706669546e-04
2.442229969684827522e-04
2.426215780434822953e-04
2.410472830160832909e-04
2.394995088515191673e-04
2.379776679171389977e-04
2.364811875514873356e-04
2.350095096455705364e-04
2.335620902353263565e-04
2.321383991053212529e-04
2.307379194036164279e-04
2.293601472672189404e-04
2.280045914577610714e-04
2.266707730077467849e-04
2.253582248765206093e-04
2.240664916156218881e-04
2.227951290443592070e-04
2.215437039335077735e-04
2.203117936989371117e-04
2.190989861033556640e-04
2.179048789668066124e-04
2.167290798852267750e-04
2.155712059576736180e-04
2.144308835200808459e-04
2.133077478883661283e-04
2.122014431075478836e-04
2.111116217088326277e-04
2.100379444735208170e-04
2.089800802037574757e-04
2.079377054998852623e-04
2.069105045443263042e-04
2.058981688919784051e-04
2.049003972660518079e-04
2.039168953608799784e-04
2.029473756493980964e-04
2.019915571971898070e-04
2.010491654811873120e-04
2.001199322143658538e-04
1.992035951751739667e-04
1.982998980420593699e-04
1.974085902328184762e-04
1.965294267488258673e-04
1.956621680237658650e-04
1.948065797766069369e-04
1.939624328692519147e-04
1.931295031681611897e-04
1.923075714100610459e-04
1.914964230716927074e-04
1.906958482432947804e-04
1.899056415059435863e-04
1.891256018123643225e-04
1.883555323713048311e-04
1.875952405353260410e-04
1.868445376918887368e-04
1.861032391576069841e-04
1.853711640758398129e-04
1.846481353167391893e-04
1.839339793807507630e-04
1.832285263048715797e-04
1.825316095713454311e-04
1.818430660194854788e-04
1.811627357595764314e-04
1.804904620896175752e-04
1.798260914147058924e-04
1.791694731678668859e-04
1.785204597343927719e-04
1.778789063774771076e-04
1.772446711664365951e-04
1.766176149068243045e-04
1.759976010725646889e-04
1.753844957402859799e-04
1.747781675253098400e-04
1.741784875193624568e-04
1.735853292306343719e-04
1.729985685246807829e-04
1.724180835680440608e-04
1.718437547725038569e-04
1.712754647415251055e-04
1.707130982182352384e-04
1.701565420344133134e-04
1.696056850613281131e-04
1.690604181619842982e-04
1.685206341442495553e-04
1.679862277159662419e-04
1.674570954408085828e-04
1.669331356954767962e-04
1.664142486283098443e-04
1.659003361187626180e-04
1.653913017381542405e-04
1.648870507115646764e-04
1.643874898805052713e-04
1.638925276668504356e-04
1.634020740379853154e-04
1.629160404721119188e-04
1.624343399255742443e-04
1.619568868000370685e-04
1.614835969113807823e-04
1.610143874587551438e-04
1.605491769951406412e-04
1.600878853980501517e-04
1.596304338415499395e-04
1.591767447685674510e-04
1.587267418643524314e-04
1.582803500303435864e-04
1.578374953589378694e-04
1.573981051086360415e-04
1.569621076801704638e-04
1.565294325931024309e-04
1.561000104629469418e-04
1.556737729791018673e-04
1.552506528830221468e-04
1.548305839475005768e-04
1.544135009558273851e-04
1.539993396819874674e-04
1.535880368710728933e-04
1.531795302204338614e-04
1.527737583611816412e-04
1.523706608398743112e-04
1.519701781014027090e-04
1.515722514715242596e-04
1.511768231402877739e-04
1.507838361457762436e-04
1.503932343581847360e-04
1.500049624644165104e-04
1.496189659529137286e-04
1.492351910991058627e-04
1.488535849508624122e-04
1.484740953144799975e-04
1.480966707414106416e-04
1.477212605144441818e-04
1.473478146351391959e-04
1.469762838108832660e-04
1.466066194426897948e-04
1.462387736129872604e-04
1.458726990740699420e-04
1.455083492364074560e-04
1.451456781576828487e-04
1.447846405315540816e-04
1.444251916771995578e-04
1.440672875289564019e-04
1.437108846259521806e-04
1.433559401023651618e-04
1.430024116776804815e-04
1.426502576472525705e-04
1.422994368730296150e-04
1.419499087746934837e-04
1.416016333206799585e-04
1.412545710198183705e-04
1.409086829127488658e-04
1.405639305638296224e-04
1.402202760532498757e-04
1.398776819691026384e-04
1.395361113999286158e-04
1.391955279269150995e-04
1.388558956172223778e-04
1.385171790164062202e-04
1.381793431418087427e-04
1.378423534756186204e-04
1.375061759583428070e-04
1.371707769824423776e-04
1.368361233858924480e-04
1.365021824462467651e-04
1.361689218744203489e-04
1.358363098090534845e-04
1.355043148106346688e-04
1.351729058560594877e-04
1.348420523329954210e-04
1.345117240346897064e-04
1.341818911549554473e-04
1.338525242826893707e-04
1.335235943972833215e-04
1.331950728636099358e-04
1.328669314273035155e-04
1.325391422102977770e-04
1.322116777061331267e-04
1.318845107757787957e-04
1.315576146431142652e-04
1.312309628909148448e-04
1.309045294568097670e-04
1.305782886290125452e-04
1.302522150428026286e-04
1.299262836765068072e-04
1.296004698477737577e-04
1.292747492100804186e-04
1.289490977491591103e-04
1.286234917795151867e-04
1.282979079410713475e-04
1.279723231959889473e-04
1.276467148252934439e-04
1.273210604259754580e-04
1.269953379077133659e-04
1.266695254901098846e-04
1.263436016996643293e-04
1.260175453669536334e-04
1.256913356240586149e-04
1.253649519015864321e-04
1.250383739263071046e-04
1.247115817184428173e-04
1.243845555893104051e-04
1.240572761387339577e-04
1.237297242529027889e-04
1.234018811018411800e-04
1.230737281373370652e-04
1.227452470906101030e-04
1.224164199703516281e-04
1.220872290605265400e-04
1.217576569183835208e-04
1.214276863725355235e-04
1.210973005209436433e-04
1.207664827291605070e-04
1.204352166284534107e-04
1.201034861141317075e-04
1.197712753436639007e-04
1.194385687351853884e-04
1.191053509657210907e-04
1.187716069697350034e-04
1.184373219375127857e-04
1.181024813137050667e-04
1.177670707958370738e-04
1.174310763329363446e-04
1.170944841242348557e-04
1.167572806176070394e-04
1.164194525085611372e-04
1.160809867387734939e-04
1.157418704949844738e-04
1.154020912077883827e-04
1.150616365504364408e-04
1.147204944378305892e-04
1.143786530253707115e-04
1.140361007078641574e-04
1.136928261186545178e-04
1.133488181285460832e-04
1.130040658448346074e-04
1.126585586104400814e-04
1.123122860030271878e-04
1.119652378340819129e-04
1.116174041481387549e-04
1.112687752219334734e-04
1.109193415636736390e-04
1.105690939122063447e-04
1.102180232364186833e-04
1.098661207344453039e-04
1.095133778329416847e-04
1.091597861865909835e-04
1.088053376773803738e-04
1.084500244139400334e-04
1.080938387310977273e-04
1.077367731892275545e-04
1.073788205737108691e-04
1.070199738944932754e-04
1.066602263854755906e-04
1.062995715041469919e-04
1.059380029310564675e-04
1.055755145693618700e-04
1.052121005445230060e-04
1.048477552037447625e-04
1.044824731157206391e-04
1.041162490701311822e-04
1.037490780774891208e-04
1.033809553685986201e-04
1.030118763943793566e-04
1.026418368254924138e-04
1.022708325520561401e-04
1.018988596833986118e-04
1.015259145478112756e-04
1.011519936922310463e-04
1.007770938820976535e-04
1.004012121010565834e-04
1.000243455508315499e-04
9.964649165096320144e-05
9.926764803858314633e-05
9.888781256840084761e-05
9.850698331241874875e-05
9.812515855977128323e-05
9.774233681666892972e-05
9.735851680621800412e-05
9.697369746829401119e-05
9.658787795942783041e-05
9.620105765276271387e-05
9.581323613786754591e-05
9.542441322075340441e-05
9.503458892369233630e-05
9.464376348521696459e-05
9.425193736006347290e-05
9.385911121905855022e-05
9.346528594912574713e-05
9.307046265322598010e-05
9.267464265028745149e-05
9.227782747522009644e-05
9.188001887887630771e-05
9.148121882804693765e-05
9.108142950536785357e-05
9.068065330943270825e-05
9.027889285468340848e-05
8.987615097142994237e-05
8.947243070592615156e-05
8.906773532025145826e-05
8.866206829240504182e-05
8.825543331630665187e-05
8.784783430172445463e-05
8.743927537445834444e-05
8.702976087615056069e-05
8.661929536450965696e-05
8.620788361311297284e-05
8.579553061166264127e-05
8.538224156580096239e-05
8.496802189725345049e-05
8.455287724380910151e-05
8.413681345936483184e-05
8.371983661391505633e-05
8.330195299361057410e-05
8.288316910072081117e-05
8.246349165376612022e-05
8.204292758741322286e-05
8.162148405255881516e-05
8.119916841633628972e-05
8.077598826213266275e-05
8.035195138957595669e-05
7.992706581462109610e-05
7.950133976942844996e-05
7.907478170246315808e-05
7.864740027852254792e-05
7.821920437862627776e-05
7.779020310009122799e-05
7.736040575651821963e-05
7.692982187777062844e-05
7.649846120990597175e-05
7.606633371522172958e-05
7.563344957220246266e-05
7.519981917548826215e-05
7.476545313585587099e-05
7.433036228012929137e-05
7.389455765121526534e-05
7.345805050790447271e-05
7.302085232503033958e-05
7.258297479315789947e-05
7.214442981872837160e-05
7.170522952383871556e-05
7.126538624616813591e-05
7.082491253900907681e-05
7.038382117099122482e-05
6.994212512609077883e-05
6.949983760352572968e-05
6.905697201749619373e-05
6.861354199722414886e-05
6.816956138673736657e-05
6.772504424467272412e-05
6.728000484418853323e-05
6.683445767277096936e-05
6.638841743211730312e-05
6.594189903778755965e-05
6.549491761923201673e-05
6.504748851942180352e-05
6.459962729469337177e-05
6.415134971453615483e-05
6.370267176130677196e-05
6.325360963005845617e-05
6.280417972822355927e-05
6.235439867537330612e-05
6.190428330296800805e-05
6.145385065397734816e-05
6.100311798267367815e-05
6.055210275428342024e-05
6.010082264462610914e-05
5.964929553988902711e-05
5.919753953612260267e-05
5.874557293901463907e-05
5.829341426343682644e-05
5.784108223307832882e-05
5.738859578007684376e-05
5.693597404456846869e-05
5.648323637423951203e-05
5.603040232398540321e-05
5.557749165532918086e-05
5.512452433604155444e-05
5.467152053963145799e-05
5.421850064484067639e-05
5.376548523513740777e-05
5.331249509826888099e-05
5.285955122555913149e-05
5.240667481145102073e-05
5.195388725300287497e-05
5.150121014916807363e-05
5.104866530024939741e-05
5.059627470733691690e-05
5.014406057159911413e-05
4.969204529368684915e-05
4.924025147297167416e-05
4.878870190704749350e-05
4.833741959081517859e-05
4.788642771597665201e-05
4.743574967010693927e-05
4.698540903607716313e-05
4.653542959118323134e-05
4.608583530641020544e-05
4.563665034558854754e-05
4.518789906463934619e-05
4.473960601068207221e-05
4.429179592122834563e-05
4.384449372325099903e-05
4.339772453238244557e-05
4.295151365190971846e-05
4.250588657190739378e-05
4.206086896827965725e-05
4.161648670179908446e-05
4.117276581711925789e-05
4.072973254175331305e-05
4.028741328512661671e-05
3.984583463742320976e-05
3.940502336860671163e-05
3.896500642733168642e-05
3.852581093981504270e-05
3.808746420873218011e-05
3.764999371210415752e-05
3.721342710206038118e-05
3.677779220374940842e-05
3.634311701409379566e-05
3.590942970055796367e-05
3.547675859994549205e-05
3.504513221709067698e-05
3.461457922360204929e-05
3.418512845654456741e-05
3.375680891714963360e-05
3.332964976938840589e-05
3.290368033868453157e-05
3.247893011051837249e-05
3.205542872892902382e-05
3.163320599519341028e-05
3.121229186626789457e-05
3.079271645339084243e-05
3.037451002053729568e-05
2.995770298294039497e-05
2.954232590546009251e-05
2.912840950110289769e-05
2.871598462942834376e-05
2.830508229485226231e-05
2.789573364513038418e-05
2.748796996957731043e-05
2.708182269749956914e-05
2.667732339640646496e-05
2.627450377032915582e-05
2.587339565806627485e-05
2.547403103137989934e-05
2.507644199325105921e-05
2.468066077599984572e-05
2.428671973948511064e-05
2.389465136922218287e-05
2.350448827450176415e-05
2.311626318645106383e-05
2.273000895612303486e-05
2.234575855250738797e-05
2.196354506057250899e-05
2.158340167923870887e-05
2.120536171934176681e-05
2.082945860158014924e-05
2.045572585442624356e-05
2.008419711202758323e-05
1.971490611208040551e-05
1.934788669364669164e-05
1.898317279501049250e-05
1.862079845145276968e-05
1.826079779300688010e-05
1.790320504225015110e-05
1.754805451197613561e-05
1.719538060292586829e-05
1.684521780145507245e-05
1.649760067717252372e-05
1.615256388055619444e-05
1.581014214057138346e-05
1.547037026225609962e-05
1.513328312421434740e-05
1.479891567620972662e-05
1.446730293661807573e-05
1.413847998990155516e-05
1.381248198410476037e-05
1.348934412824278055e-05
1.316910168968809858e-05
1.285178999157825175e-05
1.253744441015870642e-05
1.222610037211034870e-05
1.191779335182560616e-05
1.161255886872868622e-05
1.131043248447439928e-05
1.101144980025305232e-05
1.071564645389191235e-05
1.042305811710183771e-05
1.013372049264045121e-05
9.847669311387753814e-06
9.564940329474054450e-06
9.285569325380576229e-06
9.009592096950636318e-06
8.737044458468085304e-06
8.467962237626740205e-06
8.202381272525223379e-06
7.940337408631126985e-06
7.681866495696901647e-06
7.427004384682886453e-06
7.175786924628905421e-06
6.928249959533469470e-06
6.684429325171918335e-06
6.444360845926600500e-06
6.208080331555921088e-06
5.975623573968416871e-06
5.747026343973905507e-06
5.522324387981301327e-06
5.301553424709400061e-06
5.084749141851304595e-06
4.871947192722701195e-06
4.663183192876874450e-06
4.458492716728228114e-06
4.257911294111552569e-06
4.061474406836262612e-06
3.869217485237167481e-06
3.681175904665610193e-06
3.497384981982967558e-06
3.317879972028604103e-06
3.142696064062848270e-06
2.971868378185308509e-06
2.805431961732326966e-06
2.643421785657660632e-06
2.485872740886616065e-06
2.332819634647365890e-06
2.184297186783422203e-06
2.040340026054809708e-06
1.900982686391507491e-06
1.766259603158152728e-06
1.636205109371228181e-06
