0.000000000000000000e+00
6.837339957037610327e-01
1.367467991407522510e+00
2.051201987111283653e+00
2.734935982815044131e+00
3.418669978518805941e+00
4.102403974222567307e+00
4.786137969926329561e+00
5.469871965630090926e+00
6.153605961333851404e+00
6.837339957037612770e+00
7.521073952741374136e+00
8.204807948445134613e+00
8.888541944148895979e+00
9.572275939852657345e+00
1.025600993555641871e+01
1.093974393126017652e+01
1.162347792696393789e+01
1.230721192266770103e+01
1.299094591837146240e+01
1.367467991407522376e+01
1.435841390977898335e+01
1.504214790548274472e+01
1.572588190118650608e+01
1.640961589689026923e+01
1.709334989259403059e+01
1.777708388829778841e+01
1.846081788400154977e+01
1.914455187970531114e+01
1.982828587540907250e+01
2.051201987111283387e+01
2.119575386681659879e+01
2.187948786252036371e+01
2.256322185822412152e+01
2.324695585392788644e+01
2.393068984963164425e+01
