1.352785570591290591e-03
2.404556724221737669e-03
7.877464688591127515e-03
6.479456519184310752e-03
9.747440521490756404e-03
1.133765012690019468e-02
4.601456465077110800e-03
5.524465764578503045e-03
3.790882905076330047e-03
1.793823068198196168e-03
1.376831283781709955e-03
2.912615099871590073e-03
1.437456153070417603e-03
8.227932911734324190e-04
9.491718917035004907e-04
8.838959214748237116e-05
4.464289417141275381e-04
2.131005396520620643e-03
8.689441869303237797e-05
2.512546118979711658e-04
5.391161833964915572e-03
3.231420143528223200e-03
2.195908457108339783e-03
7.995978989467062261e-04
8.867883174692737505e-04
6.576369819284715468e-04
2.571535883475099295e-03
6.535248319077090716e-03
1.518765956953211380e-03
3.478229818743995127e-03
1.678562847199945593e-03
