0.000000000000000000e+00
3.275671456033824036e-02
6.551342912067648072e-02
9.827014368101472108e-02
1.310268582413529614e-01
1.637835728016912018e-01
1.965402873620294422e-01
2.292970019223676825e-01
2.620537164827059229e-01
2.948104310430456620e-01
3.275671456033839024e-01
3.603238601637221428e-01
3.930805747240603831e-01
4.258372892843986235e-01
4.585940038447368639e-01
4.913507184050751042e-01
5.241074329654118458e-01
5.568641475257515294e-01
5.896208620860883265e-01
6.223775766464280101e-01
6.551342912067678048e-01
6.878910057671044909e-01
7.206477203274442855e-01
7.534044348877809716e-01
7.861611494481207663e-01
8.189178640084574523e-01
8.516745785687972470e-01
8.844312931291339330e-01
9.171880076894737277e-01
9.499447222498104138e-01
9.827014368101502084e-01
1.015458151370487005e+00
1.048214865930826578e+00
1.080971580491163486e+00
1.113728295051503059e+00
1.146485009611839967e+00
1.179241724172179540e+00
1.211998438732519334e+00
1.244755153292856020e+00
1.277511867853195815e+00
1.310268582413532501e+00
1.343025296973872296e+00
1.375782011534208982e+00
1.408538726094548776e+00
1.441295440654885462e+00
1.474052155215225257e+00
1.506808869775561943e+00
1.539565584335901738e+00
1.572322298896238424e+00
1.605079013456578219e+00
1.637835728016914905e+00
1.670592442577254699e+00
1.703349157137591385e+00
1.736105871697931180e+00
1.768862586258270975e+00
1.801619300818607661e+00
1.834376015378944347e+00
1.867132729939284141e+00
1.899889444499623936e+00
1.932646159059960622e+00
1.965402873620300417e+00
1.998159588180637103e+00
2.030916302740976676e+00
2.063673017301313362e+00
2.096429731861653156e+00
2.129186446421989842e+00
2.161943160982329637e+00
2.194699875542666323e+00
2.227456590103006118e+00
2.260213304663342804e+00
2.292970019223682598e+00
2.325726733784022393e+00
2.358483448344359079e+00
2.391240162904695765e+00
2.423996877465035560e+00
2.456753592025375355e+00
2.489510306585712041e+00
2.522267021146051835e+00
2.555023735706388521e+00
2.587780450266728316e+00
2.620537164827065002e+00
2.653293879387404797e+00
2.686050593947741483e+00
2.718807308508081277e+00
2.751564023068417963e+00
2.784320737628757758e+00
2.817077452189094444e+00
2.849834166749434239e+00
2.882590881309770925e+00
2.915347595870110720e+00
2.948104310430447406e+00
2.980861024990787200e+00
3.013617739551126995e+00
3.046374454111463681e+00
3.079131168671803476e+00
3.111887883232140162e+00
3.144644597792479956e+00
3.177401312352816642e+00
3.210158026913156437e+00
3.242914741473493123e+00
3.275671456033832918e+00
3.308428170594169604e+00
3.341184885154509399e+00
3.373941599714846085e+00
3.406698314275185879e+00
3.439455028835522565e+00
3.472211743395862360e+00
3.504968457956199046e+00
3.537725172516538841e+00
3.570481887076878635e+00
3.603238601637215321e+00
3.635995316197552008e+00
3.668752030757891802e+00
3.701508745318231597e+00
3.734265459878568283e+00
3.767022174438908078e+00
3.799778888999244764e+00
3.832535603559584558e+00
3.865292318119921244e+00
3.898049032680261039e+00
3.930805747240597725e+00
3.963562461800937520e+00
3.996319176361274206e+00
4.029075890921613556e+00
4.061832605481950687e+00
4.094589320042290481e+00
4.127346034602630276e+00
4.160102749162966518e+00
4.192859463723303648e+00
4.225616178283643443e+00
4.258372892843983237e+00
4.291129607404319479e+00
4.323886321964656609e+00
4.356643036524996404e+00
4.389399751085336199e+00
4.422156465645672441e+00
4.454913180206012235e+00
4.487669894766349366e+00
4.520426609326689160e+00
4.553183323887025402e+00
4.585940038447365197e+00
4.618696753007702327e+00
4.651453467568042122e+00
4.684210182128381916e+00
4.716966896688718158e+00
4.749723611249055288e+00
4.782480325809395083e+00
4.815237040369734878e+00
4.847993754930071120e+00
4.880750469490408250e+00
4.913507184050748045e+00
4.946263898611087839e+00
4.979020613171424081e+00
5.011777327731763876e+00
5.044534042292101006e+00
5.077290756852440801e+00
5.110047471412777043e+00
5.142804185973116837e+00
5.175560900533453967e+00
5.208317615093793762e+00
5.241074329654133557e+00
5.273831044214469799e+00
5.306587758774806929e+00
5.339344473335146724e+00
5.372101187895486518e+00
5.404857902455822760e+00
5.437614617016159890e+00
5.470371331576499685e+00
5.503128046136839480e+00
5.535884760697175722e+00
5.568641475257515516e+00
5.601398189817852646e+00
5.634154904378192441e+00
5.666911618938528683e+00
5.699668333498868478e+00
5.732425048059205608e+00
5.765181762619545403e+00
5.797938477179881644e+00
5.830695191740221439e+00
5.863451906300558569e+00
5.896208620860898364e+00
5.928965335421238159e+00
5.961722049981574401e+00
5.994478764541911531e+00
6.027235479102251325e+00
6.059992193662591120e+00
6.092748908222927362e+00
6.125505622783264492e+00
6.158262337343604287e+00
6.191019051903944082e+00
6.223775766464280323e+00
6.256532481024620118e+00
6.289289195584957248e+00
6.322045910145297043e+00
6.354802624705633285e+00
6.387559339265973080e+00
6.420316053826310210e+00
6.453072768386650004e+00
6.485829482946988911e+00
6.518586197507326041e+00
6.551342912067663171e+00
6.584099626628002966e+00
6.616856341188341872e+00
6.649613055748679002e+00
6.682369770309016133e+00
6.715126484869355927e+00
6.747883199429694834e+00
6.780639913990031964e+00
6.813396628550369094e+00
6.846153343110708889e+00
6.878910057671047795e+00
6.911666772231387590e+00
6.944423486791724720e+00
6.977180201352061850e+00
7.009936915912400757e+00
7.042693630472740551e+00
7.075450345033077681e+00
7.108207059593414812e+00
7.140963774153753718e+00
7.173720488714093513e+00
7.206477203274430643e+00
7.239233917834767773e+00
7.271990632395106680e+00
7.304747346955446474e+00
7.337504061515783604e+00
7.370260776076120735e+00
7.403017490636459641e+00
7.435774205196799436e+00
7.468530919757136566e+00
7.501287634317476360e+00
7.534044348877812602e+00
7.566801063438152397e+00
7.599557777998492192e+00
7.632314492558829322e+00
7.665071207119165564e+00
7.697827921679505359e+00
7.730584636239845153e+00
7.763341350800182283e+00
7.796098065360518525e+00
7.828854779920858320e+00
7.861611494481198115e+00
7.894368209041535245e+00
7.927124923601871487e+00
7.959881638162211281e+00
7.992638352722551076e+00
8.025395067282888206e+00
8.058151781843225336e+00
8.090908496403564243e+00
8.123665210963904926e+00
8.156421925524243832e+00
8.189178640084580962e+00
8.221935354644918093e+00
8.254692069205256999e+00
8.287448783765597682e+00
8.320205498325933036e+00
8.352962212886270166e+00
8.385718927446610849e+00
8.418475642006949755e+00
8.451232356567286885e+00
8.483989071127624015e+00
8.516745785687962922e+00
8.549502500248303605e+00
8.582259214808638959e+00
8.615015929368976089e+00
8.647772643929316772e+00
8.680529358489655678e+00
8.713286073049996361e+00
8.746042787610331715e+00
8.778799502170668845e+00
8.811556216731009528e+00
8.844312931291348434e+00
8.877069645851685564e+00
8.909826360412022694e+00
8.942583074972361601e+00
8.975339789532702284e+00
9.008096504093037638e+00
9.040853218653374768e+00
9.073609933213715451e+00
9.106366647774054357e+00
9.139123362334391487e+00
9.171880076894728617e+00
9.204636791455067524e+00
9.237393506015408207e+00
9.270150220575743560e+00
9.302906935136084243e+00
9.335663649696421373e+00
9.368420364256760280e+00
9.401177078817100963e+00
9.433933793377436317e+00
9.466690507937773447e+00
9.499447222498114130e+00
9.532203937058453036e+00
9.564960651618790166e+00
9.597717366179127296e+00
9.630474080739466203e+00
9.663230795299806886e+00
9.695987509860142239e+00
9.728744224420479370e+00
9.761500938980820052e+00
9.794257653541158959e+00
9.827014368101496089e+00
9.859771082661833219e+00
9.892527797222172126e+00
9.925284511782512809e+00
9.958041226342851715e+00
9.990797940903188845e+00
1.002355465546352598e+01
1.005631137002386488e+01
1.008906808458420379e+01
1.012182479914454092e+01
1.015458151370487805e+01
1.018733822826521873e+01
1.022009494282555764e+01
1.025285165738589477e+01
1.028560837194623190e+01
1.031836508650657080e+01
1.035112180106690971e+01
1.038387851562724684e+01
1.041663523018758397e+01
1.044939194474792465e+01
1.048214865930826356e+01
1.051490537386860247e+01
1.054766208842893960e+01
1.058041880298927673e+01
1.061317551754961563e+01
1.064593223210995632e+01
1.067868894667029345e+01
1.071144566123063058e+01
1.074420237579096948e+01
1.077695909035130839e+01
1.080971580491164552e+01
1.084247251947198265e+01
1.087522923403232156e+01
1.090798594859266224e+01
1.094074266315299937e+01
1.097349937771333650e+01
1.100625609227367541e+01
1.103901280683401431e+01
1.107176952139435144e+01
1.110452623595469213e+01
1.113728295051502748e+01
1.117003966507536816e+01
1.120279637963570707e+01
1.123555309419604420e+01
1.126830980875638133e+01
1.130106652331672024e+01
1.133382323787706092e+01
1.136657995243739805e+01
1.139933666699773340e+01
1.143209338155807409e+01
1.146485009611841299e+01
1.149760681067875012e+01
1.153036352523908725e+01
1.156312023979942616e+01
1.159587695435976684e+01
1.162863366892010397e+01
1.166139038348043933e+01
1.169414709804078001e+01
1.172690381260111891e+01
1.175966052716145960e+01
1.179241724172179673e+01
1.182517395628213208e+01
1.185793067084247276e+01
1.189068738540281167e+01
1.192344409996314880e+01
1.195620081452348593e+01
1.198895752908382484e+01
1.202171424364416552e+01
1.205447095820450265e+01
1.208722767276483800e+01
1.211998438732517869e+01
1.215274110188551759e+01
1.218549781644585472e+01
1.221825453100619185e+01
1.225101124556653076e+01
1.228376796012687144e+01
1.231652467468721035e+01
1.234928138924754748e+01
1.238203810380788461e+01
1.241479481836822352e+01
1.244755153292856420e+01
1.248030824748890133e+01
1.251306496204923668e+01
1.254582167660957737e+01
1.257857839116991627e+01
1.261133510573025340e+01
1.264409182029059053e+01
1.267684853485092944e+01
1.270960524941127012e+01
1.274236196397160725e+01
1.277511867853194261e+01
1.280787539309228329e+01
1.284063210765262220e+01
1.287338882221295933e+01
1.290614553677330001e+01
1.293890225133363536e+01
1.297165896589397605e+01
1.300441568045431495e+01
1.303717239501465208e+01
1.306992910957498921e+01
1.310268582413532812e+01
1.313544253869566880e+01
1.316819925325600593e+01
1.320095596781634129e+01
1.323371268237668197e+01
1.326646939693702087e+01
1.329922611149735800e+01
1.333198282605769869e+01
1.336473954061803404e+01
1.339749625517837472e+01
1.343025296973871185e+01
1.346300968429905076e+01
1.349576639885938789e+01
1.352852311341972680e+01
1.356127982798006393e+01
1.359403654254040461e+01
1.362679325710073996e+01
1.365954997166108065e+01
1.369230668622141778e+01
1.372506340078175668e+01
1.375782011534209381e+01
1.379057682990243272e+01
1.382333354446277340e+01
1.385609025902311231e+01
1.388884697358345299e+01
1.392160368814378657e+01
1.395436040270412548e+01
1.398711711726445905e+01
1.401987383182479974e+01
1.405263054638513864e+01
1.408538726094547933e+01
1.411814397550581823e+01
1.415090069006615892e+01
1.418365740462649249e+01
1.421641411918683140e+01
1.424917083374716498e+01
1.428192754830750566e+01
1.431468426286784457e+01
1.434744097742818525e+01
1.438019769198852416e+01
1.441295440654886484e+01
1.444571112110920375e+01
1.447846783566953732e+01
1.451122455022987801e+01
1.454398126479021158e+01
1.457673797935055049e+01
1.460949469391089117e+01
1.464225140847123008e+01
1.467500812303157076e+01
1.470776483759190967e+01
1.474052155215224325e+01
1.477327826671258393e+01
1.480603498127291751e+01
1.483879169583325641e+01
1.487154841039359709e+01
1.490430512495393600e+01
1.493706183951427668e+01
1.496981855407461559e+01
1.500257526863495627e+01
1.503533198319528985e+01
1.506808869775562876e+01
1.510084541231596234e+01
1.513360212687630302e+01
1.516635884143664192e+01
1.519911555599698261e+01
1.523187227055732151e+01
1.526462898511766220e+01
1.529738569967799577e+01
1.533014241423833468e+01
1.536289912879866826e+01
1.539565584335900894e+01
1.542841255791934785e+01
1.546116927247968853e+01
1.549392598704002744e+01
1.552668270160036812e+01
1.555943941616070170e+01
1.559219613072104060e+01
1.562495284528138129e+01
1.565770955984171486e+01
1.569046627440205377e+01
1.572322298896239445e+01
1.575597970352273336e+01
1.578873641808307404e+01
1.582149313264341295e+01
1.585424984720374653e+01
1.588700656176408721e+01
1.591976327632442079e+01
1.595251999088475969e+01
1.598527670544510038e+01
1.601803342000544106e+01
1.605079013456577997e+01
1.608354684912611887e+01
1.611630356368645423e+01
1.614906027824679313e+01
1.618181699280713204e+01
1.621457370736746739e+01
1.624733042192780630e+01
1.628008713648814521e+01
1.631284385104848411e+01
1.634560056560882657e+01
1.637835728016916548e+01
1.641111399472949728e+01
1.644387070928983974e+01
1.647662742385017154e+01
1.650938413841051045e+01
1.654214085297085290e+01
1.657489756753119181e+01
1.660765428209153072e+01
1.664041099665186962e+01
1.667316771121220498e+01
1.670592442577254388e+01
1.673868114033287924e+01
1.677143785489321814e+01
1.680419456945355705e+01
1.683695128401389596e+01
1.686970799857423842e+01
1.690246471313457732e+01
1.693522142769491623e+01
1.696797814225525158e+01
1.700073485681559049e+01
1.703349157137592229e+01
1.706624828593626475e+01
1.709900500049660366e+01
1.713176171505694256e+01
1.716451842961728147e+01
1.719727514417762038e+01
1.723003185873795573e+01
1.726278857329829464e+01
1.729554528785862999e+01
1.732830200241896890e+01
1.736105871697930780e+01
1.739381543153965026e+01
1.742657214609998917e+01
1.745932886066032808e+01
1.749208557522066698e+01
1.752484228978100234e+01
1.755759900434134124e+01
1.759035571890167660e+01
1.762311243346201550e+01
1.765586914802235441e+01
1.768862586258269332e+01
1.772138257714303222e+01
1.775413929170337468e+01
1.778689600626370648e+01
1.781965272082404539e+01
1.785240943538438074e+01
1.788516614994471965e+01
1.791792286450506211e+01
1.795067957906540101e+01
1.798343629362573992e+01
1.801619300818607883e+01
1.804894972274641773e+01
1.808170643730675309e+01
1.811446315186709199e+01
1.814721986642742735e+01
1.817997658098776625e+01
1.821273329554810516e+01
1.824549001010844407e+01
1.827824672466878653e+01
1.831100343922912543e+01
1.834376015378945723e+01
1.837651686834979969e+01
1.840927358291013149e+01
1.844203029747047395e+01
1.847478701203081286e+01
1.850754372659115177e+01
1.854030044115149067e+01
1.857305715571182958e+01
1.860581387027217204e+01
1.863857058483250384e+01
1.867132729939284275e+01
1.870408401395317810e+01
1.873684072851351701e+01
1.876959744307385591e+01
1.880235415763419837e+01
1.883511087219453728e+01
1.886786758675487619e+01
1.890062430131521154e+01
1.893338101587555045e+01
1.896613773043588580e+01
1.899889444499622471e+01
1.903165115955656361e+01
1.906440787411690252e+01
1.909716458867724143e+01
1.912992130323758388e+01
1.916267801779791569e+01
1.919543473235825459e+01
1.922819144691859705e+01
1.926094816147892885e+01
1.929370487603926776e+01
1.932646159059961022e+01
1.935921830515994913e+01
1.939197501972028803e+01
1.942473173428062694e+01
1.945748844884096229e+01
1.949024516340130120e+01
1.952300187796163655e+01
1.955575859252197546e+01
1.958851530708231437e+01
1.962127202164265327e+01
1.965402873620299573e+01
1.968678545076333464e+01
1.971954216532366644e+01
1.975229887988400890e+01
1.978505559444434780e+01
1.981781230900467961e+01
1.985056902356502206e+01
1.988332573812536097e+01
1.991608245268569988e+01
1.994883916724603878e+01
1.998159588180638124e+01
2.001435259636671304e+01
2.004710931092705195e+01
2.007986602548738730e+01
2.011262274004772621e+01
2.014537945460806512e+01
2.017813616916840758e+01
2.021089288372874648e+01
2.024364959828908539e+01
2.027640631284942074e+01
2.030916302740975965e+01
2.034191974197009145e+01
2.037467645653043391e+01
2.040743317109077282e+01
2.044018988565111172e+01
2.047294660021145063e+01
2.050570331477179309e+01
2.053846002933213200e+01
2.057121674389246380e+01
2.060397345845280626e+01
2.063673017301313806e+01
2.066948688757347696e+01
2.070224360213381942e+01
2.073500031669415833e+01
2.076775703125449724e+01
2.080051374581483614e+01
2.083327046037517150e+01
2.086602717493551040e+01
2.089878388949584576e+01
2.093154060405618466e+01
2.096429731861652357e+01
2.099705403317686248e+01
2.102981074773720493e+01
2.106256746229754384e+01
2.109532417685788275e+01
2.112808089141821810e+01
2.116083760597855701e+01
2.119359432053888881e+01
2.122635103509923127e+01
2.125910774965957017e+01
2.129186446421990908e+01
2.132462117878024799e+01
2.135737789334059045e+01
2.139013460790092225e+01
2.142289132246126115e+01
2.145564803702159651e+01
2.148840475158193541e+01
2.152116146614227432e+01
2.155391818070261678e+01
2.158667489526295569e+01
2.161943160982329459e+01
2.165218832438363350e+01
2.168494503894396885e+01
2.171770175350430776e+01
2.175045846806464311e+01
2.178321518262498202e+01
2.181597189718532093e+01
2.184872861174565983e+01
2.188148532630600229e+01
2.191424204086634120e+01
2.194699875542667300e+01
2.197975546998701546e+01
2.201251218454734726e+01
2.204526889910768617e+01
2.207802561366802863e+01
2.211078232822836753e+01
2.214353904278870644e+01
2.217629575734904535e+01
2.220905247190938780e+01
2.224180918646971961e+01
2.227456590103005851e+01
2.230732261559039387e+01
2.234007933015073277e+01
2.237283604471107168e+01
2.240559275927141414e+01
2.243834947383175304e+01
2.247110618839209195e+01
2.250386290295242731e+01
2.253661961751276621e+01
2.256937633207309801e+01
2.260213304663344047e+01
2.263488976119377938e+01
2.266764647575411828e+01
2.270040319031445719e+01
2.273315990487479965e+01
2.276591661943513856e+01
2.279867333399547036e+01
2.283143004855581282e+01
2.286418676311614462e+01
2.289694347767648352e+01
2.292970019223682598e+01
2.296245690679716489e+01
2.299521362135750380e+01
2.302797033591784270e+01
2.306072705047817806e+01
2.309348376503851696e+01
2.312624047959885232e+01
2.315899719415919122e+01
2.319175390871953013e+01
2.322451062327986904e+01
2.325726733784021150e+01
2.329002405240055040e+01
2.332278076696088220e+01
2.335553748152122466e+01
2.338829419608156357e+01
2.342105091064189537e+01
2.345380762520223783e+01
2.348656433976257674e+01
2.351932105432291564e+01
2.355207776888325455e+01
2.358483448344359346e+01
2.361759119800392881e+01
2.365034791256426772e+01
2.368310462712460307e+01
2.371586134168494198e+01
2.374861805624528088e+01
2.378137477080562334e+01
2.381413148536596225e+01
2.384688819992630116e+01
2.387964491448663651e+01
2.391240162904697542e+01
2.394515834360730722e+01
2.397791505816764968e+01
2.401067177272798858e+01
2.404342848728832749e+01
2.407618520184866640e+01
2.410894191640900530e+01
2.414169863096934776e+01
2.417445534552967956e+01
2.420721206009002202e+01
2.423996877465035382e+01
2.427272548921069273e+01
2.430548220377103519e+01
2.433823891833137409e+01
2.437099563289171300e+01
2.440375234745205191e+01
2.443650906201238726e+01
2.446926577657272617e+01
2.450202249113306152e+01
2.453477920569340043e+01
2.456753592025373933e+01
2.460029263481407824e+01
2.463304934937441715e+01
2.466580606393475961e+01
2.469856277849509851e+01
2.473131949305543387e+01
2.476407620761577277e+01
2.479683292217610457e+01
2.482958963673644703e+01
2.486234635129678594e+01
2.489510306585712485e+01
2.492785978041746375e+01
2.496061649497780266e+01
2.499337320953813801e+01
2.502612992409847692e+01
2.505888663865881227e+01
2.509164335321915118e+01
2.512440006777949009e+01
2.515715678233982899e+01
2.518991349690017145e+01
2.522267021146051036e+01
2.525542692602084927e+01
2.528818364058118462e+01
2.532094035514152353e+01
2.535369706970185888e+01
2.538645378426219779e+01
2.541921049882253669e+01
2.545196721338287560e+01
2.548472392794321451e+01
2.551748064250355696e+01
2.555023735706388877e+01
2.558299407162422767e+01
2.561575078618456303e+01
2.564850750074490193e+01
2.568126421530524084e+01
2.571402092986558330e+01
2.574677764442592220e+01
2.577953435898626111e+01
2.581229107354660002e+01
2.584504778810693537e+01
2.587780450266727428e+01
2.591056121722760963e+01
2.594331793178794854e+01
2.597607464634828744e+01
2.600883136090862635e+01
2.604158807546896881e+01
2.607434479002930772e+01
2.610710150458963952e+01
2.613985821914998198e+01
2.617261493371031378e+01
2.620537164827065268e+01
2.623812836283099514e+01
2.627088507739133405e+01
2.630364179195167296e+01
2.633639850651201186e+01
2.636915522107235432e+01
2.640191193563268612e+01
2.643466865019302503e+01
2.646742536475336038e+01
2.650018207931369929e+01
2.653293879387403820e+01
2.656569550843438066e+01
2.659845222299471956e+01
2.663120893755505492e+01
2.666396565211539738e+01
2.669672236667572207e+01
2.672947908123606453e+01
2.676223579579640344e+01
2.679499251035674234e+01
2.682774922491708125e+01
2.686050593947742371e+01
2.689326265403776262e+01
2.692601936859810152e+01
2.695877608315844043e+01
2.699153279771876868e+01
2.702428951227910758e+01
2.705704622683945004e+01
2.708980294139978895e+01
2.712255965596012786e+01
2.715531637052046676e+01
2.718807308508080922e+01
2.722082979964114813e+01
2.725358651420147638e+01
2.728634322876181528e+01
2.731909994332215419e+01
2.735185665788249310e+01
2.738461337244283555e+01
2.741737008700317446e+01
2.745012680156351337e+01
2.748288351612385227e+01
2.751564023068418052e+01
2.754839694524451943e+01
2.758115365980486189e+01
2.761391037436520079e+01
2.764666708892553970e+01
2.767942380348587861e+01
2.771218051804622107e+01
2.774493723260655997e+01
2.777769394716689888e+01
2.781045066172722713e+01
2.784320737628756603e+01
2.787596409084790494e+01
2.790872080540824740e+01
2.794147751996858631e+01
2.797423423452892521e+01
2.800699094908926412e+01
2.803974766364960303e+01
2.807250437820993128e+01
2.810526109277027373e+01
2.813801780733061264e+01
2.817077452189095155e+01
2.820353123645129045e+01
2.823628795101163291e+01
2.826904466557197182e+01
2.830180138013231073e+01
2.833455809469264963e+01
2.836731480925297788e+01
2.840007152381331679e+01
2.843282823837365925e+01
2.846558495293399815e+01
2.849834166749433706e+01
2.853109838205467597e+01
2.856385509661501487e+01
2.859661181117535733e+01
2.862936852573568558e+01
2.866212524029602449e+01
2.869488195485636339e+01
2.872763866941670230e+01
2.876039538397704476e+01
2.879315209853738367e+01
2.882590881309772257e+01
2.885866552765806148e+01
2.889142224221840038e+01
2.892417895677872863e+01
2.895693567133907109e+01
2.898969238589941000e+01
2.902244910045974891e+01
2.905520581502008781e+01
2.908796252958042672e+01
2.912071924414076918e+01
2.915347595870110808e+01
2.918623267326143633e+01
2.921898938782177524e+01
2.925174610238211415e+01
2.928450281694245660e+01
2.931725953150279551e+01
2.935001624606313442e+01
2.938277296062347332e+01
2.941552967518381223e+01
2.944828638974415469e+01
2.948104310430448294e+01
2.951379981886482184e+01
2.954655653342516075e+01
2.957931324798549966e+01
2.961206996254583856e+01
2.964482667710618102e+01
2.967758339166651993e+01
2.971034010622685884e+01
2.974309682078718708e+01
2.977585353534752599e+01
2.980861024990786845e+01
2.984136696446820736e+01
2.987412367902854626e+01
2.990688039358888517e+01
2.993963710814922408e+01
2.997239382270956654e+01
3.000515053726990544e+01
3.003790725183023369e+01
3.007066396639057260e+01
3.010342068095091150e+01
3.013617739551125041e+01
3.016893411007159287e+01
3.020169082463193178e+01
3.023444753919227068e+01
3.026720425375260959e+01
3.029996096831293784e+01
3.033271768287328030e+01
3.036547439743361920e+01
3.039823111199395811e+01
3.043098782655429702e+01
3.046374454111463592e+01
3.049650125567497838e+01
3.052925797023531729e+01
3.056201468479565619e+01
3.059477139935598444e+01
3.062752811391632335e+01
3.066028482847666226e+01
3.069304154303700471e+01
3.072579825759734362e+01
3.075855497215768253e+01
3.079131168671802143e+01
3.082406840127836389e+01
3.085682511583869214e+01
3.088958183039903105e+01
3.092233854495936995e+01
3.095509525951970886e+01
3.098785197408004777e+01
3.102060868864039023e+01
3.105336540320072913e+01
3.108612211776106804e+01
3.111887883232139629e+01
3.115163554688173519e+01
3.118439226144207410e+01
3.121714897600241656e+01
3.124990569056275547e+01
3.128266240512309437e+01
3.131541911968343328e+01
3.134817583424377574e+01
3.138093254880411465e+01
3.141368926336444289e+01
3.144644597792478180e+01
3.147920269248512071e+01
3.151195940704545961e+01
3.154471612160580207e+01
3.157747283616614098e+01
3.161022955072647989e+01
3.164298626528681879e+01
3.167574297984714704e+01
3.170849969440748595e+01
3.174125640896782841e+01
3.177401312352816731e+01
3.180676983808850622e+01
3.183952655264884513e+01
3.187228326720918758e+01
3.190503998176952649e+01
3.193779669632986540e+01
3.197055341089019365e+01
3.200331012545053255e+01
3.203606684001087501e+01
3.206882355457121037e+01
3.210158026913155283e+01
3.213433698369189528e+01
3.216709369825223064e+01
3.219985041281257310e+01
3.223260712737290135e+01
3.226536384193323670e+01
3.229812055649357916e+01
3.233087727105392162e+01
3.236363398561425697e+01
3.239639070017459943e+01
3.242914741473493478e+01
3.246190412929527724e+01
3.249466084385561970e+01
3.252741755841594795e+01
3.256017427297628331e+01
3.259293098753662576e+01
3.262568770209696112e+01
3.265844441665730358e+01
3.269120113121764604e+01
3.272395784577798139e+01
