0.000000000000000000e+00
1.090798594859266002e+00
2.181597189718532004e+00
3.272395784577797784e+00
4.363194379437064008e+00
5.453992974296329344e+00
6.544791569155595568e+00
7.635590164014861791e+00
8.726388758874128015e+00
9.817187353733393351e+00
1.090798594859265869e+01
1.199878454345192580e+01
1.308958313831119114e+01
1.418038173317045647e+01
1.527118032802972536e+01
1.636197892288898714e+01
1.745277751774825603e+01
1.854357611260752137e+01
1.963437470746679026e+01
2.072517330232605204e+01
2.181597189718532093e+01
2.290677049204458271e+01
2.399756908690385160e+01
2.508836768176311693e+01
2.617916627662238582e+01
2.726996487148165116e+01
2.836076346634092005e+01
2.945156206120017828e+01
3.054236065605944717e+01
3.163315925091871605e+01
3.272395784577798139e+01
