0.000000000000000000e+00
6.232741458273405182e-06
2.492787460112104556e-05
5.607612723056100337e-05
9.966205067654036569e-05
1.556640272847601369e-04
2.240542808948429825e-04
3.047988903043413224e-04
3.978578057122784668e-04
5.031848681351028122e-04
6.207278317862830342e-04
7.504283894089383957e-04
8.922222005514182696e-04
1.046038922771500490e-03
1.211802245756791324e-03
1.389429928344388309e-03
1.578833838424480857e-03
1.779919995709378262e-03
1.992588617348417177e-03
2.216734166369065378e-03
2.452245402920839087e-03
2.699005438301220385e-03
2.956891791736845909e-03
3.225776449895702367e-03
3.505525929103679630e-03
3.796001340235219141e-03
4.097058456252066286e-03
4.408547782356748469e-03
4.730314628729690059e-03
5.062199185817580806e-03
5.404036602139089540e-03
5.755657064570371580e-03
6.116885881076864970e-03
6.487543565851329463e-03
6.867445926820862911e-03
7.256404155481149809e-03
7.654224919020081661e-03
8.060710454684288928e-03
8.475658666349408440e-03
8.898863223247569648e-03
9.330113660807165185e-03
9.769195483558574741e-03
1.021589027005979228e-02
1.066997577979063999e-02
1.113122606196997183e-02
1.159941156624278748e-02
1.207429925518667575e-02
1.255565271858732034e-02
1.304323228942586357e-02
1.353679516153058308e-02
1.403609550883092895e-02
1.454088460616421996e-02
1.505091095157505728e-02
1.556592039005290536e-02
1.608565623864593661e-02
1.660985941289823756e-02
1.713826855454477285e-02
1.767062016040937822e-02
1.820664871244091418e-02
1.874608680882774298e-02
1.928866529613146655e-02
1.983411340236912457e-02
2.038215887099046122e-02
2.093252809568044506e-02
2.148494625592304100e-02
2.203913745326346874e-02
2.259482484820404119e-02
2.315173079766429803e-02
2.370957699294343191e-02
2.426808459811573976e-02
2.482697438879474111e-02
2.538596689119579017e-02
2.594478252143200478e-02
2.650314172497558393e-02
2.706076511621472586e-02
2.761737361804188218e-02
2.817268860139869602e-02
2.872643202471639526e-02
2.927832657317702703e-02
2.982809579773109537e-02
3.037546425380141871e-02
3.092015763960044919e-02
3.146190293400125126e-02
3.200042853388444797e-02
3.253546439089794601e-02
3.306674214755732366e-02
3.359399527262412616e-02
3.411695919568553254e-02
3.463537144087548703e-02
3.514897175966404108e-02
3.565750226265002043e-02
3.616070755028962663e-02
3.665833484249274299e-02
3.715013410702270452e-02
3.763585818663017085e-02
3.811526292485963724e-02
3.858810729045894505e-02
3.905415350033264454e-02
3.951316714096807931e-02
3.996491728827628737e-02
4.040917662578359659e-02
4.084572156110971575e-02
4.127433234067175161e-02
4.169479316255352702e-02
4.210689228748153157e-02
4.251042214784255674e-02
4.290517945469252831e-02
4.329096530269047061e-02
4.366758527290710151e-02
4.403484953344945912e-02
4.439257293784447389e-02
4.474057512113200491e-02
4.507868059360973373e-02
4.540671883218092703e-02
4.572452436925192321e-02
4.603193687913078452e-02
4.632880126187832737e-02
4.661496772456034249e-02
4.689029185986319515e-02
4.715463472201546907e-02
4.740786289998147329e-02
4.764984858787884442e-02
4.788046965258142829e-02
4.809960969846460016e-02
4.830715812925603925e-02
4.850301020695260007e-02
4.868706710777159080e-02
4.885923597509576888e-02
4.901942996938254971e-02
4.916756831500635611e-02
4.930357634400031608e-02
4.942738553667332807e-02
4.953893355906992257e-02
4.963816429725267237e-02
4.972502788838000648e-02
4.979948074855522488e-02
4.986148559743272535e-02
4.991101147955430417e-02
4.994803378240297159e-02
4.997253425115760067e-02
4.998450100013330372e-02
4.998392852089368621e-02
4.997081768703209165e-02
4.994517575559962591e-02
4.990701636518632411e-02
4.985635953063984049e-02
4.979323163442487404e-02
4.971766541461808409e-02
4.962969994953736474e-02
4.952938063901065474e-02
4.941675918228657927e-02
4.929189355258933869e-02
4.915484796833085451e-02
4.900569286098307997e-02
4.884450483962475553e-02
4.867136665217626501e-02
4.848636714333371539e-02
4.828960120922073246e-02
4.808116974877608973e-02
4.786117961189743919e-02
4.762974354436260577e-02
4.738698012955008115e-02
4.713301372698876918e-02
4.686797440776056117e-02
4.659199788678605736e-02
4.630522545202558904e-02
4.600780389062530951e-02
4.569988541204576815e-02
4.538162756820974392e-02
4.505319317070215906e-02
4.471475020507009734e-02
4.436647174225625406e-02
4.400853584721563933e-02
4.364112548475542613e-02
4.326442842264927729e-02
4.287863713207012983e-02
4.248394868539341618e-02
4.208056465142492181e-02
4.166869098809818789e-02
4.124853793270834290e-02
4.082031988972771586e-02
4.038425531626598647e-02
3.994056660523469249e-02
3.948947996627558826e-02
3.903122530451402783e-02
3.856603609720378467e-02
3.809414926832593168e-02
3.761580506120967837e-02
3.713124690924054366e-02
3.664072130472825761e-02
3.614447766600326073e-02
3.564276820280851132e-02
3.513584778006982601e-02
3.462397378010619725e-02
3.410740596336448577e-02
3.358640632774888279e-02
3.306123896662383627e-02
3.253216992556907938e-02
3.199946705796349877e-02
3.146339987948050532e-02
3.092423942157089545e-02
3.038225808401994257e-02
2.983772948665625729e-02
2.929092832029761562e-02
2.874213019701738966e-02
2.819161149981305389e-02
2.763964923176509547e-02
2.708652086476840207e-02
2.653250418792235665e-02
2.597787715566758637e-02
2.542291773575321503e-02
2.486790375712403037e-02
2.431311275780899395e-02
2.375882183290746463e-02
2.320530748275082683e-02
2.265284546133366703e-02
2.210171062509901779e-02
2.155217678216491198e-02
2.100451654208234514e-02
2.045900116620769441e-02
1.991590041878174913e-02
1.937548241879825245e-02
1.883801349274959874e-02
1.830375802833936888e-02
1.777297832924065041e-02
1.724593447099416824e-02
1.672288415812383036e-02
1.620408258255990816e-02
1.568978228344866666e-02
1.518023300843648719e-02
1.467568157650838562e-02
1.417637174246192538e-02
1.368254406310023298e-02
1.319443576522232910e-02
1.271228061548994315e-02
1.223630879225016781e-02
1.176674675939040800e-02
1.130381714230112473e-02
1.084773860602333481e-02
1.039872573565212011e-02
9.956988919071480329e-03
9.522734232089153164e-03
9.096163326043398001e-03
8.677473317949817300e-03
8.266856683254535793e-03
7.864501151261157549e-03
7.470589603293460029e-03
7.085299973659048983e-03
6.708805153473156903e-03
6.341272897402071285e-03
5.982865733385629541e-03
5.633740875391850950e-03
5.294050139261173571e-03
4.963939861690026302e-03
4.643550822405815952e-03
4.333018169581375964e-03
4.032471348535369114e-03
3.742034033764530653e-03
3.461824064349151939e-03
3.191953382773219348e-03
2.932527977197924018e-03
2.683647827225336350e-03
2.445406853185852492e-03
2.217892868982912057e-03
2.001187538524211093e-03
1.795366335768102837e-03
1.600498508410195999e-03
1.416647045234511277e-03
1.243868647149660002e-03
1.082213701929665706e-03
9.317262626756449241e-04
7.924440300130015285e-04
6.643983380358767059e-04
5.476141440090238682e-04
4.421100218339035076e-04
3.478981592844110414e-04
2.649843590146038082e-04
1.933680433387309559e-04
1.330422627815496851e-04
8.399370839416199497e-05
4.620272782867164245e-05
1.964334516220716029e-05
4.283284458760484268e-06
8.399705467451251085e-08
7.000692551358600218e-06
2.498237349647102769e-05
5.397187373232989043e-05
9.390590038805015879e-05
1.447150794896164808e-04
2.063240051595326846e-04
2.786512923757416584e-04
3.616096332568604558e-04
4.551058568387518878e-04
5.590409923050910839e-04
6.733103356323172839e-04
7.978035196071784968e-04
9.324045871730556869e-04
1.076992068058707031e-03
1.231439058641366040e-03
1.395613304993691085e-03
1.569377289062277641e-03
1.752588317923105396e-03
1.945098616057462995e-03
2.146755420590043019e-03
2.357401079428529580e-03
2.576873152242775168e-03
2.805004514219082076e-03
3.041623462523699271e-03
3.286553825408063730e-03
3.539615073885816598e-03
3.800622435911265879e-03
4.069387012985459760e-03
4.345715899116399383e-03
4.629412302057068877e-03
4.920275666743923089e-03
5.218101800857155061e-03
5.522683002422115045e-03
5.833808189370911536e-03
6.151263030980882486e-03
6.474830081106208550e-03
6.804288913116862854e-03
7.139416256459621760e-03
7.479986134752383831e-03
7.825770005324899498e-03
8.176536900115150691e-03
8.532053567832216523e-03
8.892084617294128759e-03
9.256392661849579054e-03
9.624738464789891340e-03
9.996881085659325983e-03
1.037257802736969194e-02
1.075158538402498122e-02
1.113365798936182850e-02
1.151854956571048659e-02
1.190601287338112838e-02
1.229579986038117738e-02
1.268766181236555095e-02
1.308134950272699278e-02
1.347661334272846206e-02
1.387320353158332832e-02
1.427087020638653954e-02
1.466936359180237917e-02
1.506843414941280539e-02
1.546783272663156648e-02
1.586731070508973565e-02
1.626662014839811571e-02
1.666551394919296714e-02
1.706374597537234014e-02
1.746107121542926285e-02
1.785724592279162512e-02
1.825202775907583397e-02
1.864517593616561719e-02
1.903645135702561331e-02
1.942561675516105840e-02
1.981243683263631677e-02
2.019667839656691735e-02
2.057811049399767625e-02
2.095650454508387120e-02
2.133163447449316907e-02
2.170327684094529655e-02
2.207121096480984049e-02
2.243521905368373037e-02
2.279508632586954228e-02
2.315060113168053782e-02
2.350155507249607895e-02
2.384774311749662812e-02
2.418896371800554126e-02
2.452501891936888223e-02
2.485571447030588202e-02
2.518085992966391171e-02
2.550026877051394039e-02
2.581375848152388588e-02
2.612115066555099549e-02
2.642227113539338118e-02
2.671695000664581557e-02
2.700502178760458630e-02
2.728632546617028309e-02
2.756070459369780457e-02
2.782800736574604986e-02
2.808808669968156438e-02
2.834080030909300399e-02
2.858601077497473567e-02
2.882358561364094587e-02
2.905339734133366436e-02
2.927532353549009564e-02
2.948924689263763069e-02
2.969505528288652468e-02
2.989264180099301602e-02
3.008190481396861432e-02
3.026274800521163919e-02
3.043508041514297185e-02
3.059881647832602553e-02
3.075387605705790992e-02
3.090018447141719068e-02
3.103767252575915722e-02
3.116627653164985232e-02
3.128593832723421814e-02
3.139660529303400782e-02
3.149823036417678107e-02
3.159077203905596293e-02
3.167419438442732604e-02
3.174846703694839817e-02
3.181356520117036707e-02
3.186946964399257204e-02
3.191616668559551367e-02
3.195364818686659975e-02
3.198191153333945075e-02
3.200095961566641611e-02
3.201080080664682470e-02
3.201144893483950232e-02
3.200292325478364813e-02
3.198524841386187617e-02
3.195845441583546054e-02
3.192257658108654111e-02
3.187765550360524558e-02
3.182373700475970429e-02
3.176087208388960609e-02
3.168911686576752346e-02
3.160853254497218712e-02
3.151918532722020744e-02
3.142114636770778485e-02
3.131449170650990599e-02
3.119930220109211338e-02
3.107566345598913871e-02
3.094366574970684736e-02
3.080340395890497629e-02
3.065497747992001684e-02
3.049849014769403024e-02
3.033405015216487574e-02
3.016176995219013376e-02
2.998176618706625482e-02
2.979415958571217382e-02
2.959907487358565820e-02
2.939664067740406159e-02
2.918698942773929536e-02
2.897025725956125716e-02
2.874658391080344919e-02
2.851611261902490743e-02
2.827899001624705963e-02
2.803536602203893571e-02
2.778539373493325165e-02
2.752922932224844549e-02
2.726703190839955410e-02
2.699896346177676695e-02
2.672518868027258521e-02
2.644587487554197341e-02
2.616119185607571063e-02
2.587131180916981202e-02
2.557640918187773296e-02
2.527666056102389341e-02
2.497224455236838128e-02
2.466334165900385331e-02
2.435013415906965226e-02
2.403280598286947761e-02
2.371154258947589036e-02
2.338653084290834641e-02
2.305795888796740092e-02
2.272601602581245106e-02
2.239089258936508356e-02
2.205277981862548142e-02
2.171186973598214845e-02
2.136835502160355088e-02
2.102242888899025566e-02
2.067428496077411415e-02
2.032411714484469792e-02
1.997211951088665241e-02
1.961848616740718282e-02
1.926341113933636648e-02
1.890708824627780268e-02
1.854971098149130193e-02
1.819147239168232219e-02
1.783256495767904237e-02
1.747318047607043789e-02
1.711350994188272356e-02
1.675374343236599867e-02
1.639406999196714801e-02
1.603467751855855092e-02
1.567575265099391962e-02
1.531748065806214261e-02
1.496004532890459621e-02
1.460362886496552152e-02
1.424841177353951792e-02
1.389457276297954499e-02
1.354228863963062232e-02
1.319173420654654386e-02
1.284308216405252723e-02
1.249650301221022497e-02
1.215216495524084304e-02
1.181023380796263240e-02
1.147087290429507980e-02
1.113424300787983941e-02
1.080050222487062735e-02
1.046980591893760006e-02
1.014230662853326907e-02
9.818153986464343841e-03
9.497494641811156726e-03
9.180472184235554181e-03
8.867227070716446682e-03
8.557896554748822132e-03
8.252614618041630157e-03
7.951511904747318379e-03
7.654715658253967263e-03
7.362349660568850290e-03
7.074534174321164652e-03
6.791385887407858611e-03
6.513017860306264881e-03
6.239539476075289109e-03
5.971056393062341983e-03
5.707670500335397003e-03
5.449479875853211266e-03
5.196578747388324281e-03
4.949057456213145148e-03
4.707002423557736688e-03
4.470496119848144448e-03
4.239617036727798098e-03
4.014439661867826026e-03
3.795034456564884938e-03
3.581467836127649827e-03
3.373802153048406378e-03
3.172095682954363845e-03
2.976402613333619957e-03
2.786773035025593304e-03
2.603252936466632882e-03
2.425884200678111828e-03
2.254704604982658324e-03
2.089747823432563326e-03
1.931043431933271610e-03
1.778616916040975070e-03
1.632489681414678795e-03
1.492679066897814122e-03
1.359198360206536303e-03
1.232056816196310228e-03
1.111259677680260507e-03
9.968081987684668157e-04
8.886996706975269864e-04
7.869274501171053546e-04
6.914809897991625130e-04
6.023458717342307063e-04
5.195038425766426151e-04
4.429328514010878628e-04
3.726070897291150399e-04
3.084970337848482618e-04
2.505694889371171043e-04
1.987876362833393775e-04
1.531110813305433657e-04
1.134959047266106556e-04
7.989471499437288940e-05
5.225670321959974138e-05
3.052769964329406574e-05
1.465023210741166695e-05
4.563586302214376723e-06
2.038677626342894454e-07
1.504065559946642994e-06
8.394117634430994120e-06
2.080097771374229089e-05
3.864868376103604514e-05
6.185842789618140828e-05
9.034862773270417862e-05
1.240349990724909954e-04
1.628306298999043290e-04
2.066460556159957225e-04
2.553893354535969381e-04
3.089661300131044857e-04
3.672797798588058743e-04
4.302313851151386669e-04
4.977198860016980976e-04
5.696421442460706868e-04
6.458930253129777652e-04
7.263654813882440206e-04
8.109506350559208881e-04
8.995378636069171563e-04
9.920148839173950541e-04
1.088267837835061713e-03
1.188181378012389796e-03
1.291638754124361599e-03
1.398521899409954075e-03
1.508711517476457771e-03
1.622087169305130383e-03
1.738527360397984153e-03
1.857909628005370399e-03
1.980110628374584774e-03
2.105006223959894878e-03
2.232471570534529538e-03
2.362381204147636065e-03
2.494609127865828665e-03
2.629028898244058828e-03
2.765513711468092599e-03
2.903936489111550064e-03
3.044169963454127024e-03
3.186086762304208772e-03
3.329559493272438251e-03
3.474460827443615323e-03
3.620663582393698465e-03
3.768040804500167283e-03
3.916465850496096343e-03
4.065812468216967179e-03
4.215954876491496625e-03
4.366767844129272255e-03
4.518126767957396372e-03
4.669907749860544369e-03
4.821987672779213217e-03
4.974244275623908307e-03
5.126556227058988793e-03
5.278803198118677160e-03
5.430865933612138118e-03
5.582626322278338819e-03
5.733967465654099017e-03
5.884773745615952921e-03
6.034930890562588066e-03
6.184326040201290620e-03
6.332847808905531922e-03
6.480386347612727103e-03
6.626833404228758481e-03
6.772082382513314007e-03
6.916028399414095827e-03
7.058568340825302316e-03
7.199600915743948996e-03
7.339026708798904348e-03
7.476748231131600912e-03
7.612669969603929991e-03
7.746698434315377711e-03
7.878742204408751421e-03
8.008711972147376443e-03
8.136520585247530510e-03
8.262083087449745289e-03
8.385316757317955172e-03
8.506141145250504382e-03
8.624478108695373541e-03
8.740251845556622212e-03
8.853388925786648961e-03
8.963818321155348975e-03
9.071471433190382225e-03
9.176282119285414027e-03
9.278186716971094372e-03
9.377124066348382220e-03
9.473035530684089864e-03
9.565865015167186736e-03
9.655558983828945244e-03
9.742066474631556894e-03
9.825339112726814636e-03
9.905331121892067478e-03
9.981999334149824210e-03
1.005530319758047610e-02
1.012520478233374863e-02
1.019166878485376453e-02
1.025466253032531090e-02
1.031415597335648936e-02
1.037012169690883917e-02
1.042253490949406579e-02
1.047137344064757135e-02
1.051661773469973228e-02
1.055825084286261643e-02
1.059625841364815121e-02
1.063062868164115111e-02
1.066135245464557534e-02
1.068842309922630324e-02
1.071183652467134345e-02
1.073159116539394546e-02
1.074768796180195635e-02
1.076013033965928824e-02
1.076892418796623029e-02
1.077407783538223383e-02
1.077560202522221192e-02
1.077350988905456317e-02
1.076781691892791243e-02
1.075854093825637063e-02
1.074570207139769092e-02
1.072932271194875463e-02
1.070942748979694485e-02
1.068604323695402161e-02
1.065919895220925409e-02
1.062892576463073287e-02
1.059525689595477993e-02
1.055822762189100733e-02
1.051787523238300638e-02
1.047423899085534252e-02
1.042736009248657232e-02
1.037728162154048783e-02
1.032404850779343811e-02
1.026770748209474352e-02
1.020830703109329787e-02
1.014589735117376983e-02
1.008053030163252178e-02
1.001225935713459005e-02
9.941139559488528302e-03
9.867227468776454402e-03
9.790581113875988090e-03
9.711259942414634042e-03
9.629324770190364480e-03
9.544837730100161344e-03
9.457862220612008736e-03
9.368462853818310468e-03
9.276705403110072773e-03
9.182656750506851956e-03
9.086384833683316259e-03
8.987958592726611601e-03
8.887447916664089828e-03
8.784923589796923143e-03
8.680457237879087018e-03
8.574121274174168264e-03
8.465988845430394774e-03
8.356133777809008137e-03
8.244630522799086328e-03
8.131554103159183491e-03
8.016980058917461127e-03
7.900984393465423222e-03
7.783643519781962943e-03
7.665034206819782044e-03
7.545233526088082100e-03
7.424318798466173451e-03
7.302367541279381272e-03
7.179457415669536317e-03
7.055666174293898259e-03
6.931071609381162305e-03
6.805751501177545286e-03
6.679783566811582814e-03
6.553245409609355192e-03
6.426214468888081545e-03
6.298767970254986852e-03
6.170982876445058225e-03
6.042935838717867006e-03
5.914703148846145800e-03
5.786360691719318050e-03
5.657983898588606411e-03
5.529647700977784880e-03
5.401426485285215628e-03
5.273394048099932716e-03
5.145623552253467126e-03
5.018187483632870205e-03
4.891157608772989628e-03
4.764604933250855476e-03
4.638599660902854339e-03
4.513211153881176510e-03
4.388507893571364296e-03
4.264557442388297419e-03
4.141426406465797787e-03
4.019180399259491589e-03
3.897884006075561826e-03
3.777600749543609353e-03
3.658393056045153996e-03
3.540322223113040023e-03
3.423448387813815726e-03
3.307830496125718518e-03
3.193526273322878136e-03
3.080592195376680598e-03
2.969083461384902471e-03
2.859053967035930354e-03
2.750556279117876302e-03
2.643641611080134370e-03
2.538359799653169650e-03
2.434759282533980902e-03
2.332887077142040220e-03
2.232788760449402974e-03
2.134508449891563912e-03
2.038088785359222933e-03
1.943570912275853317e-03
1.850994465761228317e-03
1.760397555883417772e-03
1.671816753998368963e-03
1.585287080178172372e-03
1.500841991725178478e-03
1.418513372772755958e-03
1.338331524967939458e-03
1.260325159234983996e-03
1.184521388615065920e-03
1.110945722178086114e-03
1.039622060001894758e-03
9.705726892139599415e-04
9.038182810873438564e-04
8.393778891874623593e-04
7.772689485589938429e-04
7.175072759476431401e-04
6.601070710465643029e-04
6.050809187594602487e-04
5.524397924703603304e-04
5.021930583097463079e-04
4.543484804069912951e-04
4.089122271173958444e-04
3.658888782125105030e-04
3.252814330212129264e-04
2.870913195095145553e-04
2.513184042854272335e-04
2.179610035155878816e-04
1.870158947398209274e-04
1.584783295687715885e-04
1.323420472503435857e-04
1.085992890893094112e-04
8.724081370465809517e-05
6.825591310866443420e-05
5.163242959133351750e-05
3.735677339356160135e-05
2.541394115195190302e-05
1.578753509792789811e-05
8.459782993654611961e-06
3.411558786524939644e-06
6.224039643562011186e-07
7.054959254085640648e-08
1.732939014560960091e-06
5.585251196864818216e-06
1.160192469889100016e-05
1.975618224892032314e-05
3.002005590603290286e-05
4.236441278854835460e-05
5.675898134889446802e-05
7.317237817479381803e-05
9.157213529670993519e-05
1.119247279808699837e-04
1.341956029877104206e-04
1.583492072749842158e-04
1.843490171248012444e-04
2.121575676740865659e-04
2.417364828273992820e-04
2.730465055314102861e-04
3.060475283901348069e-04
3.406986245997866152e-04
3.769580791827993604e-04
4.147834204995606302e-04
4.541314520172615990e-04
4.949582843147895799e-04
5.372193673032106542e-04
5.808695226402522819e-04
6.258629763189931319e-04
6.721533914093184630e-04
7.196939009319448062e-04
7.684371408445197105e-04
8.183352831192973248e-04
8.693400688917659030e-04
9.214028416612137992e-04
9.744745805216078029e-04
1.028505933404276484e-03
1.083447250312240305e-03
1.139248616525965303e-03
1.195859885762880648e-03
1.253230713269066132e-03
1.311310588826462191e-03
1.370048869655404343e-03
1.429394813194201060e-03
1.489297609737736750e-03
1.549706414916521150e-03
1.610570381998842684e-03
1.671838693997104936e-03
1.733460595563815531e-03
1.795385424655402459e-03
1.857562643952361805e-03
1.919941872015057697e-03
1.982472914160387026e-03
2.045105793044029504e-03
2.107790778930362496e-03
2.170478419637616313e-03
2.233119570139942191e-03
2.295665421813828343e-03
2.358067531313573148e-03
2.420277849061419888e-03
2.482248747338708112e-03
2.543933047964807865e-03
2.605284049549483685e-03
2.666255554307924401e-03
2.726801894422965864e-03
2.786877957945439657e-03
2.846439214218455561e-03
2.905441738815173897e-03
2.963842237978576901e-03
3.021598072553186454e-03
3.078667281396533454e-03
3.135008604263278195e-03
3.190581504148561065e-03
3.245346189085062359e-03
3.299263633381371418e-03
3.352295598295535438e-03
3.404404652134848490e-03
3.455554189772842844e-03
3.505708451578292729e-03
3.554832541747056894e-03
3.602892446030456393e-03
3.649855048855591040e-03
3.695688149828924365e-03
3.740360479618937313e-03
3.783841715213053739e-03
3.826102494542890208e-03
3.867114430474542786e-03
3.906850124157482812e-03
3.945283177731738131e-03
3.982388206387484260e-03
4.018140849773562187e-03
4.052517782755358199e-03
4.085496725515891381e-03
4.117056453001903364e-03
4.147176803709319397e-03
4.175838687811557134e-03
4.203024094625210962e-03
4.228716099416292458e-03
4.252898869544339926e-03
4.275557669946756199e-03
4.296678867961066690e-03
4.316249937489577589e-03
4.334259462504694294e-03
4.350697139897269708e-03
4.365553781671253214e-03
4.378821316484838091e-03
4.390492790541633203e-03
4.400562367835162726e-03
4.409025329749293419e-03
4.415878074017183692e-03
4.421118113044836435e-03
4.424744071601718030e-03
4.426755683882358829e-03
4.427153789945278105e-03
4.425940331533788873e-03
4.423118347282191040e-03
4.418691967315593709e-03
4.412666407247818785e-03
4.405047961582899720e-03
4.395843996527382287e-03
4.385062942220956973e-03
4.372714284390033859e-03
4.358808555433423687e-03
4.343357324946666743e-03
4.326373189692546070e-03
4.307869763025763861e-03
4.287861663781035795e-03
4.266364504630112790e-03
4.243394879919949562e-03
4.218970352997089730e-03
4.193109443030328988e-03
4.165831611339343779e-03
4.137157247238275673e-03
4.107107653404203605e-03
4.075705030781777947e-03
4.042972463031548579e-03
4.008933900532820303e-03
3.973614143952439691e-03
3.937038827388772422e-03
3.899234401102038856e-03
3.860228113840575258e-03
3.820047994776246646e-03
3.778722835057304538e-03
3.736282168992025726e-03
3.692756254872674344e-03
3.648176055453591742e-03
3.602573218090928970e-03
3.555980054560194288e-03
3.508429520560316615e-03
3.459955194917102225e-03
3.410591258497634466e-03
3.360372472847894445e-03
3.309334158565853737e-03
3.257512173421686467e-03
3.204942890237462861e-03
3.151663174538476414e-03
3.097710361989921592e-03
3.043122235628469528e-03
2.987937002903593570e-03
2.932193272540837593e-03
2.875930031238396484e-03
2.819186620209633651e-03
2.762002711586167107e-03
2.704418284690817895e-03
2.646473602195938395e-03
2.588209186177488959e-03
2.529665794079258029e-03
2.470884394598036986e-03
2.411906143503861257e-03
2.352772359406843199e-03
2.293524499483389021e-03
2.234204135174748182e-03
2.174852927868940657e-03
2.115512604580719203e-03
2.056224933639850920e-03
1.997031700400663055e-03
1.937974682986210199e-03
1.879095628077206894e-03
1.820436226760160708e-03
1.762038090444670042e-03
1.703942726863017648e-03
1.646191516164546191e-03
1.588825687114833220e-03
1.531886293413013385e-03
1.475414190138395242e-03
1.419450010337775609e-03
1.364034141764752794e-03
1.309206703782994814e-03
1.255007524444331536e-03
1.201476117752485863e-03
1.148651661123894227e-03
1.096572973056631666e-03
1.045278491017314661e-03
9.948062495578045318e-04
9.451938586710945025e-04
8.964784823974757295e-04
8.486968176908315153e-04
8.018850735550755613e-04
7.560789504608833719e-04
7.113136200522256940e-04
6.676237051524614883e-04
6.250432600791006564e-04
5.836057512770350016e-04
5.433440382789263279e-04
5.042903550014867691e-04
4.664762913870953444e-04
4.299327753986168454e-04
