8.000000000000014478e-04
2.177999999999989406e-03
2.080800000000003827e-02
1.248200000000002259e-02
2.553799999999999473e-02
3.276799999999999852e-02
5.407999999999986603e-03
8.191999999999985752e-03
4.049999999999987638e-03
1.057999999999996877e-03
6.479999999999971026e-04
2.887999999999996906e-03
6.480000000000011142e-04
2.000000000000025846e-04
2.420000000000004342e-04
1.999999999999559452e-06
4.999999999999897918e-05
1.152000000000001981e-03
2.000000000000003721e-06
1.800000000000003095e-05
8.711999999999985381e-03
3.361999999999987828e-03
1.567999999999977832e-03
1.999999999999959167e-04
2.419999999999955553e-04
1.279999999999966874e-04
1.800000000000016431e-03
1.095199999999998605e-02
5.780000000000010390e-04
3.041999999999970943e-03
7.219999999999970582e-04
