0.000000000000000000e+00
1.275465997029729702e-06
5.100910386733870117e-06
1.147347250918832808e-05
2.038838510077217224e-05
3.183897506002462003e-05
4.581666452644109992e-05
6.231097227950060848e-05
8.130951546601414173e-05
1.027980116672426800e-04
1.267602813175486959e-04
1.531782504894757763e-04
1.820319540615335577e-04
2.132995392867790435e-04
2.469572697820275695e-04
2.829795299598499188e-04
3.213388299257877124e-04
3.620058108681643220e-04
4.049492509641334690e-04
4.501360718344797314e-04
4.975313455736390987e-04
5.470983023886989184e-04
5.987983388808395093e-04
6.525910270018143045e-04
7.084341237244942734e-04
7.662835814620852764e-04
8.260935592766345190e-04
8.878164349158076171e-04
9.514028177195300645e-04
1.016801562438358810e-03
1.083959784007000387e-03
1.152822873316630345e-03
1.223334514032591415e-03
1.295436700500654081e-03
1.369069756791325455e-03
1.444172356926198093e-03
1.520681546338150574e-03
1.598532764608537890e-03
1.677659869535115967e-03
1.757995162574364171e-03
1.839469415711472450e-03
1.922011899804450513e-03
2.005550414451628873e-03
2.090011319432480159e-03
2.175319567769055940e-03
2.261398740457129606e-03
2.348171082913783504e-03
2.435557543189341683e-03
2.523477811990610699e-03
2.611850364559043305e-03
2.700592504450100104e-03
2.789620409258309567e-03
2.878849178327065519e-03
2.968192882486635556e-03
3.057564615861467321e-03
3.146876549780550786e-03
3.236039988831233925e-03
3.324965429089082880e-03
3.413562618556086753e-03
3.501740619839164952e-03
3.589407875095607277e-03
3.676472273272685803e-03
3.762841219663951801e-03
3.848421707803563463e-03
3.933120393715247923e-03
4.016843672534465594e-03
4.099497757510573055e-03
4.180988761405557592e-03
4.261222780283679956e-03
4.340105979709158769e-03
4.417544683336546013e-03
4.493445463898429644e-03
4.567715236576438097e-03
4.640261354748017111e-03
4.710991708085993795e-03
4.779814822996246958e-03
4.846639965365215526e-03
4.911377245589771366e-03
4.973937725854528716e-03
5.034233529618509576e-03
5.092177953269658337e-03
5.147685579898237870e-03
5.200672395136798215e-03
5.251055905010790399e-03
5.298755255737349311e-03
5.343691355401867897e-03
5.385786997445776193e-03
5.424966985881384159e-03
5.461158262158407641e-03
5.494290033587669736e-03
5.524293903231291408e-03
5.551104001165039700e-03
5.574657116997804897e-03
5.594892833554562794e-03
5.611753661592983229e-03
5.625185175445562152e-03
5.635136149455048822e-03
5.641558695075196694e-03
5.644408398501977141e-03
5.643644458691514203e-03
5.639229825621436612e-03
5.631131338642815336e-03
5.619319864767107972e-03
5.603770436725709521e-03
5.584462390635040047e-03
5.561379503101638450e-03
5.534510127584666220e-03
5.503847329839993939e-03
5.469389022257824771e-03
5.431138096911653466e-03
5.389102557116500283e-03
5.343295647306757316e-03
5.293735981030610847e-03
5.240447666854460181e-03
5.183460431975438036e-03
5.122809743323990771e-03
5.058536925950111486e-03
4.990689278471191828e-03
4.919320185364308567e-03
4.844489225885646559e-03
4.766262279386961759e-03
4.684711626811571654e-03
4.599916048136443517e-03
4.511960915542448033e-03
4.420938282075464673e-03
4.326946965576204847e-03
4.230092627647668614e-03
4.130487847433721681e-03
4.028252189976946028e-03
3.923512268934282489e-03
3.816401803422224664e-03
3.707061668764900005e-03
3.595639940928211948e-03
3.482291934416077272e-03
3.367180233414615326e-03
3.250474715967011964e-03
3.132352570973033316e-03
3.012998307803879845e-03
2.892603758330484446e-03
2.771368071169102911e-03
2.649497697950553479e-03
2.527206371429276816e-03
2.404715075247316168e-03
2.282252005181633139e-03
2.160052521709112956e-03
2.038359093724217194e-03
1.917421233259430750e-03
1.797495421065637734e-03
1.678845022912237852e-03
1.561740196483237929e-03
1.446457788748284736e-03
1.333281223703908225e-03
1.222500380381789931e-03
1.114411461041068000e-03
1.009316849463345921e-03
9.075249592871005404e-04
8.093500723255323036e-04
7.151121668253468920e-04
6.251367356366903296e-04
5.397545942752424424e-04
4.593016788718021020e-04
3.841188340173940711e-04
3.145515905252427909e-04
2.509499331437649891e-04
1.936680582710763624e-04
1.430641217332058023e-04
9.949997670308253757e-05
6.334090185385064570e-05
3.495531985178605488e-05
1.471450631188749319e-05
2.992289352590673814e-06
1.647399016505072113e-07
6.609852920861282922e-06
2.270721973250188231e-05
4.883769164570667034e-05
8.538303509672495685e-05
1.327255785325387027e-04
1.912478512821971257e-04
2.613322146771923345e-04
3.433604856952134510e-04
4.377135534200094738e-04
5.447709886219676868e-04
6.649106467822428913e-04
7.985082648958326647e-04
9.459370524048239630e-04
1.107567276627474456e-03
1.283765843063025937e-03
1.474895870965306759e-03
1.681316264594036975e-03
1.903381280563059110e-03
2.141440091721673756e-03
2.395836348011607959e-03
2.666907734764805468e-03
2.954985528906101458e-03
3.260394153546522077e-03
3.583450731461853937e-03
3.924464637952195314e-03
4.283737053606584584e-03
4.661560517486484576e-03
5.058218481261891192e-03
5.473984864842101894e-03
5.909123614043374807e-03
6.363888260851661288e-03
6.838521486835529538e-03
7.333254690279734402e-03
7.848307557605915113e-03
8.383887639652969070e-03
8.940189933401459718e-03
9.517396469715208585e-03
1.011567590768210241e-02
1.073518313614320839e-02
1.137605888298327990e-02
1.203842933277481098e-02
1.272240575334672094e-02
1.342808413186234902e-02
1.415554482097960629e-02
1.490485219566377306e-02
1.567605432121820311e-02
1.646918263309364583e-02
1.728425162903092852e-02
1.812125857408078411e-02
1.898018321903672395e-02
1.986098753281219029e-02
2.076361544927770794e-02
2.168799262906267317e-02
2.263402623682178941e-02
2.360160473443789417e-02
2.459059769064227130e-02
2.560085560749089661e-02
2.663220976414682611e-02
2.768447207838257984e-02
2.875743498621118402e-02
2.985087134002810394e-02
3.096453432563787619e-02
3.209815739850681304e-02
3.325145423957730911e-02
3.442411873094537028e-02
3.561582495169127865e-02
3.682622719412231849e-02
3.805496000067774137e-02
3.930163822169865234e-02
4.056585709427053266e-02
4.184719234229729995e-02
4.314520029795534256e-02
4.445941804463690583e-02
4.578936358149385960e-02
4.713453600961468176e-02
4.849441573990834892e-02
4.986846472267764119e-02
5.125612669887641415e-02
5.265682747300897554e-02
5.406997520758970860e-02
5.549496073906894089e-02
5.693115791508421286e-02
5.837792395289590625e-02
5.983459981879749034e-02
6.130051062830499387e-02
6.277496606686355785e-02
6.425726083080750273e-02
6.574667508827175544e-02
6.724247495971438782e-02
6.874391301770110818e-02
7.025022880555975568e-02
7.176064937449340431e-02
7.327438983870226963e-02
7.479065394805707589e-02
7.630863467781066889e-02
7.782751483485265964e-02
7.934646767992201144e-02
8.086465756524335857e-02
8.238124058696313923e-02
8.389536525177405946e-02
8.540617315707921264e-02
8.691279968404000411e-02
8.841437470280409661e-02
8.991002328920605358e-02
9.139886645222834727e-02
9.288002187144626942e-02
9.435260464371288125e-02
9.581572803828306006e-02
9.726850425958412372e-02
9.871004521681311927e-02
1.001394632995317446e-01
1.015558721584067237e-01
1.029583874902498808e-01
1.043461278264872089e-01
1.057182153241611883e-01
1.070737765586171619e-01
1.084119433169375285e-01
1.097318533912480382e-01
1.110326513709896240e-01
1.123134894332252776e-01
1.135735281301047811e-01
1.148119371725315058e-01
1.160278962091405158e-01
1.172205955996827864e-01
1.183892371818755229e-01
1.195330350308391743e-01
1.206512162101937707e-01
1.217430215139456984e-01
1.228077061982430218e-01
1.238445407021502576e-01
1.248528113565491177e-01
1.258318210803146819e-01
1.267808900629276425e-01
1.276993564326706354e-01
1.285865769096043720e-01
1.294419274425296640e-01
1.302648038291187582e-01
1.310546223184944070e-01
1.318108201954592551e-01
1.325328563456990572e-01
1.332202118012182912e-01
1.338723902653442543e-01
1.344889186166371431e-01
1.350693473910767883e-01
1.356132512419108149e-01
1.361202293765930160e-01
1.365899059702501972e-01
1.370219305551632627e-01
1.374159783857567263e-01
1.377717507786307416e-01
1.380889754272126568e-01
1.383674066906161737e-01
1.386068258563225297e-01
1.388070413763815014e-01
1.389678890767782060e-01
1.390892323397329988e-01
1.391709622586649875e-01
1.392129977656431372e-01
1.392152857311248493e-01
1.391778010358626638e-01
1.391005466148831915e-01
1.389835534734508160e-01
1.388268806750161122e-01
1.386306153011251097e-01
1.383948723833434147e-01
1.381197948072755421e-01
1.378055531887763530e-01
1.374523457225101386e-01
1.370603980030367097e-01
1.366299628186343762e-01
1.361613199181131439e-01
1.356547757509010965e-01
1.351106631807160174e-01
1.345293411731816324e-01
1.339111944577494051e-01
1.332566331643669777e-01
1.325660924353200820e-01
1.318400320127207093e-01
1.310789358021561546e-01
1.302833114130406700e-01
1.294536896761996347e-01
1.285906241393250660e-01
1.276946905408680444e-01
1.267664862630525080e-01
1.258066297646501241e-01
1.248157599942209678e-01
1.237945357845333660e-01
1.227436352288872462e-01
1.216637550401093032e-01
1.205556098929862069e-01
1.194199317509468117e-01
1.182574691777782960e-01
1.170689866352186553e-01
1.158552637672807528e-01
1.146170946721264960e-01
1.133552871624065872e-01
1.120706620148946009e-01
1.107640522103604669e-01
1.094363021645146372e-01
1.080882669510061372e-01
1.067208115173055305e-01
1.053348098944548727e-01
1.039311444015608710e-01
1.025107048459787257e-01
1.010743877200907387e-01
9.962309539561717275e-02
9.815773531637227156e-02
9.667921919037980594e-02
9.518846218227028366e-02
9.368638210686290602e-02
9.217389862483645058e-02
9.065193244137284556e-02
8.912140450868154262e-02
8.758323523325078908e-02
8.603834368870545701e-02
8.448764683512416385e-02
8.293205874564789359e-02
8.137248984119116457e-02
7.980984613409100592e-02
7.824502848145623024e-02
7.667893184900585746e-02
7.511244458614267649e-02
7.354644771300347661e-02
7.198181422019482578e-02
7.041940838190900720e-02
6.886008508309095222e-02
6.730468916130358248e-02
6.575405476392380544e-02
6.420900472125645742e-02
6.267034993615171190e-02
6.113888879067431309e-02
5.961540657034831298e-02
5.810067490647770339e-02
5.659545123700623903e-02
5.510047828637282263e-02
5.361648356476839822e-02
5.214417888718662908e-02
5.068425991262326402e-02
4.923740570376823611e-02
4.780427830747484980e-02
4.638552235629034987e-02
4.498176469129596539e-02
4.359361400645863499e-02
4.222166051469593284e-02
4.086647563579594994e-02
3.952861170633327481e-02
3.820860171167497765e-02
3.690695904014475864e-02
3.562417725939441560e-02
3.436072991498732854e-02
3.311707035118893055e-02
3.189363155391291421e-02
3.069082601576627115e-02
2.950904562308176785e-02
2.834866156482956229e-02
2.721002426324928281e-02
2.609346332603292018e-02
2.499928751985899464e-02
2.392778476505528704e-02
2.287922215113665642e-02
2.185384597295644826e-02
2.085188178717025526e-02
1.987353448870425587e-02
1.891898840688214373e-02
1.798840742086283209e-02
1.708193509400890778e-02
1.619969482679053246e-02
1.534179002780788718e-02
1.450830430250784307e-02
1.369930165914148672e-02
1.291482673150294233e-02
1.215490501796837389e-02
1.141954313634490487e-02
1.070872909402481588e-02
1.002243257292387106e-02
9.360605228681413356e-03
8.723181003575329259e-03
8.110076452607844349e-03
7.521191082202714241e-03
6.956407700949428230e-03
6.415592781820791610e-03
5.898596835286012974e-03
5.405254792734200293e-03
4.935386399623987487e-03
4.488796617764803480e-03
4.065276036136720832e-03
3.664601289653556752e-03
3.286535485275491383e-03
2.930828634870008033e-03
2.597218094228561248e-03
2.285429007648857955e-03
1.995174757482622799e-03
1.726157418070632015e-03
1.478068213472924801e-03
1.250587978420956503e-03
1.043387621913167236e-03
8.561285928893681884e-04
6.884633474221094713e-04
5.400358168703878626e-04
4.104818764527810946e-04
2.994298137018432462e-04
2.065007962726887140e-04
1.313093385899570423e-04
7.346376682455647389e-05
3.256668170574481837e-05
8.215418683534184136e-06
2.504969580081414089e-09
7.516112995984463772e-06
3.034050984539552744e-05
6.805650221803546940e-05
1.202418765152006607e-04
1.864718336331344303e-04
2.663194180739922507e-04
3.593559409968505401e-04
4.651513968452260792e-04
5.832748732023785134e-04
7.132949535418607644e-04
8.547801125561760478e-04
1.007299103758856019e-03
1.170421339075750598e-03
1.343717260153160431e-03
1.526758701128367191e-03
1.719119242621039651e-03
1.920374556723753552e-03
2.130102742784812861e-03
2.347884653786010307e-03
2.573304213146201426e-03
2.805948721783226452e-03
3.045409155293316190e-03
3.291280451117511562e-03
3.543161785577180964e-03
3.800656840684792526e-03
4.063374060642103124e-03
4.330926897955175194e-03
4.602934049115079557e-03
4.879019679798968050e-03
5.158813639569542232e-03
5.441951666055096920e-03
5.728075578612969176e-03
6.016833461494856296e-03
6.307879836528945683e-03
6.600875825372431831e-03
6.895489301373416112e-03
7.191395031116177075e-03
7.488274805714858172e-03
7.785817561950786683e-03
8.083719493345707663e-03
8.381684151277204661e-03
8.679422536257714454e-03
8.976653179501624738e-03
9.273102214918414743e-03
9.568503441674080026e-03
9.862598377480222625e-03
1.015513630276495757e-02
1.044587429590422209e-02
1.073457725967722973e-02
1.102101793914667636e-02
1.130497693113365065e-02
1.158624268550069968e-02
1.186461149843310789e-02
1.213988749792647287e-02
1.241188262169597330e-02
1.268041658771651772e-02
1.294531685761845553e-02
1.320641859315648849e-02
1.346356460598219576e-02
1.371660530094414437e-02
1.396539861314915684e-02
1.420980993901643091e-02
1.444971206155981278e-02
1.468498507013092126e-02
1.491551627486169262e-02
1.514120011604264994e-02
1.536193806867489249e-02
1.557763854242774464e-02
1.578821677724453337e-02
1.599359473482858326e-02
1.619370098624230148e-02
1.638847059585523194e-02
1.657784500187113944e-02
1.676177189366242701e-02
1.694020508613720138e-02
1.711310439137071066e-02
1.728043548770999763e-02
1.744216978658404832e-02
1.759828429722674545e-02
1.774876148952430135e-02
1.789358915520158910e-02
1.803276026754680947e-02
1.816627283987398700e-02
1.829412978292817640e-02
1.841633876141505338e-02
1.853291204985094837e-02
1.864386638791000472e-02
1.874922283545404911e-02
1.884900662741219313e-02
1.894324702868272620e-02
1.903197718922219200e-02
1.911523399947685775e-02
1.919305794631152862e-02
1.926549296958551469e-02
1.933258631951992670e-02
1.939438841498723753e-02
1.945095270286796574e-02
1.950233551858618700e-02
1.954859594795954267e-02
1.958979569047390387e-02
1.962599892409120500e-02
1.965727217170194774e-02
1.968368416932256976e-02
1.970530573612244013e-02
1.972220964638536980e-02
1.973447050348127105e-02
1.974216461592714564e-02
1.974536987561300444e-02
1.974416563826446661e-02
1.973863260620433921e-02
1.972885271346579150e-02
1.971490901332584311e-02
1.969688556829418333e-02
1.967486734261014378e-02
1.964894009728585314e-02
1.961919028773114609e-02
1.958570496399348118e-02
1.954857167363350731e-02
1.950787836726954397e-02
1.946371330679710215e-02
1.941616497631008451e-02
1.936532199572581908e-02
1.931127303712315210e-02
1.925410674380104853e-02
1.919391165204964445e-02
1.913077611563863273e-02
1.906478823300922915e-02
1.899603577716399774e-02
1.892460612823809382e-02
1.885058620874046492e-02
1.877406242144097001e-02
1.869512058988525433e-02
1.861384590151151514e-02
1.853032285334569110e-02
1.844463520024147360e-02
1.835686590563912271e-02
1.826709709480592303e-02
1.817541001052759217e-02
1.808188497120856095e-02
1.798660133134587918e-02
1.788963744434104997e-02
1.779107062759612348e-02
1.769097712986194768e-02
1.758943210079327163e-02
1.748650956265732428e-02
1.738228238415969254e-02
1.727682225633295210e-02
1.717019967044389542e-02
1.706248389786603828e-02
1.695374297187429713e-02
1.684404367130559049e-02
1.673345150603742018e-02
1.662203070423388246e-02
1.650984420130635968e-02
1.639695363053806851e-02
1.628341931532172743e-02
1.616930026295726811e-02
1.605465415995696241e-02
1.593953736881232458e-02
1.582400492615950935e-02
1.570811054230775161e-02
1.559190660206631607e-02
1.547544416682416525e-02
1.535877297783619887e-02
1.524194146066091930e-02
1.512499673070237007e-02
1.500798459980613037e-02
1.489094958386636726e-02
1.477393491138877940e-02
1.465698253296998307e-02
1.454013313164197012e-02
1.442342613404196290e-02
1.430689972235458553e-02
1.419059084699245826e-02
1.407453523996800120e-02
1.395876742891085341e-02
1.384332075169726964e-02
1.372822737164579483e-02
1.361351829324190799e-02
1.349922337835540893e-02
1.338537136290742641e-02
1.327198987395820408e-02
1.315910544717491422e-02
1.304674354464778821e-02
1.293492857301904025e-02
1.282368390189523623e-02
1.271303188250783901e-02
1.260299386659826174e-02
1.249359022548828489e-02
1.238484036931682998e-02
1.227676276640925213e-02
1.216937496275857788e-02
1.206269360158589848e-02
1.195673444296524446e-02
1.185151238347822295e-02
1.174704147588597619e-02
1.164333494879079070e-02
1.154040522627161960e-02
1.143826394746556840e-02
1.133692198608748231e-02
1.123638946986224400e-02
1.113667579985502636e-02
1.103778966968247538e-02
1.093973908459273080e-02
1.084253138039594812e-02
1.074617324223259111e-02
1.065067072316925288e-02
1.055602926260803577e-02
1.046225370449640514e-02
1.036934831533130145e-02
1.027731680194393649e-02
1.018616232905786463e-02
1.009588753661108326e-02
1.000649455683664743e-02
9.917985031090096465e-03
9.830360126422878903e-03
9.743620551891608514e-03
9.657766574598342785e-03
9.572798035459387581e-03
9.488714364697264231e-03
9.405514597050988745e-03
9.323197386701599643e-03
9.241761021913775728e-03
9.161203439385067968e-03
9.081522238307817782e-03
9.002714694136262560e-03
8.924777772061775680e-03
8.847708140195838580e-03
8.771502182454713262e-03
8.696156011156501095e-03
8.621665479321078199e-03
8.548026192677894708e-03
8.475233521384274715e-03
8.403282611451793477e-03
8.332168395887460874e-03
8.261885605543523373e-03
8.192428779690336463e-03
8.123792276301016260e-03
8.055970282060745391e-03
7.988956822098427710e-03
7.922745769446053882e-03
7.857330854226492536e-03
7.792705672576976349e-03
7.728863695305180498e-03
7.665798276291061787e-03
7.603502660628033878e-03
7.541969992514145453e-03
7.481193322895290931e-03
7.421165616862802558e-03
7.361879760812068720e-03
7.303328569365544719e-03
7.245504792063907351e-03
7.188401119827362955e-03
7.132010191199403791e-03
7.076324598366349680e-03
7.021336892965629808e-03
6.967039591683696353e-03
6.913425181648750681e-03
6.860486125621664821e-03
6.808214866991419562e-03
6.756603834578579770e-03
6.705645447250605136e-03
6.655332118353139703e-03
6.605656259965819385e-03
6.556610286979420305e-03
6.508186621006636745e-03
6.460377694124675926e-03
6.413175952458149802e-03
6.366573859603745326e-03
6.320563899902030894e-03
6.275138581561627397e-03
6.230290439637058836e-03
6.186012038866720020e-03
6.142295976374000620e-03
6.099134884236094914e-03
6.056521431925050887e-03
6.014448328618576291e-03
5.972908325398643657e-03
5.931894217323767544e-03
5.891398845392029765e-03
5.851415098393808294e-03
5.811935914655035583e-03
5.772954283679991236e-03
5.734463247692213501e-03
5.696455903078732029e-03
5.658925401742454821e-03
5.621864952362140393e-03
5.585267821566010198e-03
5.549127335021733498e-03
5.513436878444620895e-03
5.478189898526246958e-03
5.443379903790991625e-03
5.409000465374745430e-03
5.375045217738330140e-03
5.341507859310629276e-03
5.308382153066410619e-03
5.275661927046010335e-03
5.243341074807165124e-03
5.211413555827358775e-03
5.179873395846118674e-03
5.148714687154253185e-03
5.117931588833939983e-03
5.087518326948922004e-03
5.057469194688034124e-03
5.027778552462899321e-03
4.998440827965111230e-03
4.969450516179969683e-03
4.940802179361652481e-03
4.912490446971936285e-03
4.884510015581622691e-03
4.856855648739411349e-03
4.829522176806433365e-03
4.802504496762186048e-03
4.775797571978447273e-03
4.749396431967530668e-03
4.723296172102505949e-03
4.697491953312236262e-03
4.671979001753734026e-03
4.646752608461044223e-03
4.621808128971321289e-03
4.597140982934086982e-03
4.572746653698031398e-03
4.548620687882451268e-03
4.524758694929883855e-03
4.501156346643617537e-03
4.477809376711329795e-03
4.454713580212842083e-03
4.431864813116376950e-03
4.409258991763012961e-03
4.386892092337921906e-03
4.364760150333245499e-03
4.342859260000797930e-03
4.321185573795383560e-03
4.299735301810434125e-03
4.278504711206125924e-03
4.257490125631352602e-03
4.236687924638312362e-03
4.216094543092564068e-03
4.195706470579417015e-03
4.175520250802242962e-03
4.155532480982070120e-03
4.135739811250128961e-03
4.116138944039566226e-03
4.096726633474124905e-03
4.077499684756145069e-03
4.058454953551886291e-03
4.039589345377445941e-03
4.020899814982418011e-03
4.002383365736481881e-03
3.984037049012737614e-03
3.965857963573826347e-03
3.947843254959351733e-03
3.929990114873197285e-03
3.912295780573770212e-03
3.894757534265278279e-03
3.877372702491726272e-03
3.860138655533524102e-03
3.843052806806424634e-03
3.826112612263284345e-03
3.809315569799750535e-03
3.792659218662580104e-03
3.776141138862344152e-03
3.759758950589263751e-03
3.743510313633572045e-03
3.727392926809006655e-03
3.711404527381864920e-03
3.695542890504376413e-03
3.679805828651944340e-03
3.664191191064537691e-03
3.648696863196075266e-03
3.633320766164742106e-03
3.618060856210675909e-03
3.602915124159067513e-03
3.587881594886904290e-03
3.572958326796841968e-03
3.558143411294859872e-03
3.543434972275304358e-03
3.528831165609759915e-03
3.514330178642113660e-03
3.499930229689635856e-03
3.485629567549572514e-03
3.471426471011495977e-03
3.457319248375693207e-03
3.443306236976066952e-03
3.429385802711475920e-03
3.415556339580182697e-03
3.401816269221626110e-03
3.388164040464933420e-03
3.374598128880665609e-03
3.361117036341342533e-03
3.347719290586359964e-03
3.334403444792711016e-03
3.321168077152636053e-03
3.308011790456110747e-03
3.294933211679465079e-03
3.281930991580783805e-03
3.269003804299572616e-03
3.256150346963924795e-03
3.243369339301695967e-03
3.230659523259407466e-03
3.218019662625257529e-03
3.205448542658324591e-03
3.192944969724368590e-03
3.180507770936095296e-03
3.168135793798765743e-03
3.155827905863402890e-03
3.143582994382881392e-03
3.131399965975855283e-03
3.119277746294196307e-03
3.107215279697133053e-03
3.095211528929896466e-03
3.083265474808714445e-03
3.071376115909483628e-03
3.059542468263674528e-03
3.047763565056661392e-03
3.036038456334563904e-03
3.024366208712499660e-03
3.012745905091206242e-03
3.001176644375679915e-03
2.989657541200800486e-03
2.978187725660683648e-03
2.966766343043116070e-03
2.955392553568298233e-03
2.944065532133962378e-03
2.932784468061313578e-03
2.921548564850552122e-03
2.910357039936156947e-03
2.899209124449813116e-03
2.888104062985777463e-03
2.877041113371830907e-03
2.866019546443961726e-03
2.855038645824329625e-03
2.844097707704934010e-03
2.833196040634861426e-03
2.822332965310014527e-03
2.811507814369551377e-03
2.800719932193354317e-03
2.789968674705714351e-03
2.779253409180763249e-03
2.768573514053343163e-03
2.757928378732084525e-03
2.747317403417035009e-03
2.736739998920363712e-03
2.726195586491320186e-03
2.715683597642422949e-03
2.705203473982285920e-03
2.694754667048723275e-03
2.684336638147011202e-03
2.673948858190727893e-03
2.663590807545243317e-03
2.653261975874998506e-03
2.642961861993813229e-03
2.632689973717656541e-03
2.622445827720527693e-03
2.612228949393466046e-03
2.602038872706213379e-03
2.591875140071360755e-03
2.581737302212097976e-03
2.571624918031143077e-03
2.561537554483507301e-03
2.551474786452190453e-03
2.541436196624282610e-03
2.531421375372137732e-03
2.521429920635125804e-03
2.511461437804641053e-03
2.501515539611153232e-03
2.491591846013426880e-03
2.481689984090326186e-03
2.471809587935004226e-03
2.461950298549742296e-03
2.452111763745213648e-03
2.442293638040272854e-03
2.432495582563581372e-03
2.422717264958653121e-03
2.412958359289520648e-03
2.403218545948516797e-03
2.393497511566492365e-03
2.383794948924749819e-03
2.374110556867693039e-03
2.364444040219250941e-03
2.354795109698655346e-03
2.345163481840083827e-03
2.335548878912363253e-03
2.325951028840985303e-03
2.316369665131797709e-03
2.306804526795743285e-03
2.297255358275657189e-03
2.287721909374069475e-03
2.278203935182815647e-03
2.268701196013701935e-03
2.259213457331151181e-03
2.249740489685296725e-03
2.240282068647358321e-03
2.230837974745499431e-03
2.221407993402704610e-03
2.211991914875287030e-03
2.202589534192697478e-03
2.193200651098805697e-03
2.183825069994516175e-03
2.174462599880438995e-03
2.165113054302255161e-03
2.155776251295430518e-03
2.146452013332774637e-03
2.137140167271577712e-03
2.127840544302287470e-03
2.118552979898594667e-03
2.109277313767829974e-03
2.100013389802562590e-03
2.090761056033260505e-03
2.081520164581826798e-03
2.072290571615272546e-03
2.063072137301757633e-03
2.053864725766077308e-03
2.044668205046650585e-03
2.035482447052940590e-03
2.026307327524542838e-03
2.017142725989291233e-03
2.007988525724261047e-03
1.998844613715749716e-03
1.989710880620979786e-03
1.980587220730180894e-03
