0.000000000000000000e+00
1.822276247058143145e-02
3.644552494116286290e-02
5.466828741174429435e-02
7.289104988232469884e-02
9.111381235290613723e-02
1.093365748234875617e-01
1.275593372940689862e-01
1.457820997646504246e-01
1.640048622352318630e-01
1.822276247058122745e-01
2.004503871763936851e-01
2.186731496469751235e-01
2.368959121175565619e-01
2.551186745881379725e-01
2.733414370587194386e-01
2.915641995292998501e-01
3.097869619998812607e-01
3.280097244704626713e-01
3.462324869410441375e-01
3.644552494116255481e-01
3.826780118822070142e-01
4.009007743527884249e-01
4.191235368233688363e-01
4.373462992939502469e-01
4.555690617645317131e-01
4.737918242351131237e-01
4.920145867056945344e-01
5.102373491762749458e-01
5.284601116468563564e-01
5.466828741174378781e-01
5.649056365880192887e-01
5.831283990586006993e-01
6.013511615291821100e-01
6.195739239997635206e-01
6.377966864703439320e-01
6.560194489409253427e-01
6.742422114115068643e-01
6.924649738820882749e-01
7.106877363526696856e-01
7.289104988232510962e-01
7.471332612938315076e-01
7.653560237644129183e-01
7.835787862349944399e-01
8.018015487055758506e-01
8.200243111761572612e-01
8.382470736467386718e-01
8.564698361173190833e-01
8.746925985879004939e-01
8.929153610584819045e-01
9.111381235290634262e-01
9.293608859996448368e-01
9.475836484702262474e-01
9.658064109408076581e-01
9.840291734113880695e-01
1.002251935881969480e+00
1.020474698352551002e+00
1.038697460823132301e+00
1.056920223293713823e+00
1.075142985764294234e+00
1.093365748234875756e+00
1.111588510705457056e+00
1.129811273176038577e+00
1.148034035646619877e+00
1.166256798117201399e+00
1.184479560587782920e+00
1.202702323058363110e+00
1.220925085528944631e+00
1.239147847999526153e+00
1.257370610470107453e+00
1.275593372940688974e+00
1.293816135411270274e+00
1.312038897881851796e+00
1.330261660352432207e+00
1.348484422823013729e+00
1.366707185293595028e+00
1.384929947764176550e+00
1.403152710234757850e+00
1.421375472705338261e+00
1.439598235175919783e+00
1.457820997646501304e+00
1.476043760117082604e+00
1.494266522587664126e+00
1.512489285058245425e+00
1.530712047528826947e+00
1.548934809999407358e+00
1.567157572469988880e+00
1.585380334940570179e+00
1.603603097411151701e+00
1.621825859881733001e+00
1.640048622352313412e+00
1.658271384822896044e+00
1.676494147293476455e+00
1.694716909764057755e+00
1.712939672234639277e+00
1.731162434705220576e+00
1.749385197175802098e+00
1.767607959646382509e+00
1.785830722116963809e+00
1.804053484587545331e+00
1.822276247058126852e+00
1.840499009528708152e+00
1.858721771999289674e+00
1.876944534469870973e+00
1.895167296940451385e+00
1.913390059411032906e+00
1.931612821881614428e+00
1.949835584352195728e+00
1.968058346822777249e+00
1.986281109293357661e+00
2.004503871763940293e+00
2.022726634234520482e+00
2.040949396705102004e+00
2.059172159175683525e+00
2.077394921646264603e+00
2.095617684116846124e+00
2.113840446587426758e+00
2.132063209058007835e+00
2.150285971528589357e+00
2.168508733999170879e+00
2.186731496469752400e+00
2.204954258940332590e+00
2.223177021410915000e+00
2.241399783881495633e+00
2.259622546352077155e+00
2.277845308822658676e+00
2.296068071293239754e+00
2.314290833763821276e+00
2.332513596234401909e+00
2.350736358704984319e+00
2.368959121175564508e+00
2.387181883646146030e+00
2.405404646116727552e+00
2.423627408587307741e+00
2.441850171057890151e+00
2.460072933528470784e+00
2.478295695999052306e+00
2.496518458469633384e+00
2.514741220940214905e+00
2.532963983410796427e+00
2.551186745881377060e+00
2.569409508351959470e+00
2.587632270822539660e+00
2.605855033293121181e+00
2.624077795763702703e+00
2.642300558234284225e+00
2.660523320704865302e+00
2.678746083175445936e+00
2.696968845646028345e+00
2.715191608116608535e+00
2.733414370587190056e+00
2.751637133057771578e+00
2.769859895528352212e+00
2.788082657998934621e+00
2.806305420469514811e+00
2.824528182940096332e+00
2.842750945410677854e+00
2.860973707881259376e+00
2.879196470351840453e+00
2.897419232822421087e+00
2.915641995293003497e+00
2.933864757763583686e+00
2.952087520234165208e+00
2.970310282704746729e+00
2.988533045175326919e+00
3.006755807645909773e+00
3.024978570116489962e+00
3.043201332587072372e+00
3.061424095057653005e+00
3.079646857528234083e+00
3.097869619998815605e+00
3.116092382469396238e+00
3.134315144939978648e+00
3.152537907410558837e+00
3.170760669881140359e+00
3.188983432351721881e+00
3.207206194822303402e+00
3.225428957292884924e+00
3.243651719763465113e+00
3.261874482234047523e+00
3.280097244704628157e+00
3.298320007175210566e+00
3.316542769645790756e+00
3.334765532116371389e+00
3.352988294586953799e+00
3.371211057057533989e+00
3.389433819528116398e+00
3.407656581998697032e+00
3.425879344469277221e+00
3.444102106939860075e+00
3.462324869410440265e+00
3.480547631881022674e+00
3.498770394351603308e+00
3.516993156822183497e+00
3.535215919292765907e+00
3.553438681763348317e+00
3.571661444233928950e+00
3.589884206704509140e+00
3.608106969175091550e+00
3.626329731645672183e+00
3.644552494116254593e+00
3.662775256586834782e+00
3.680998019057415416e+00
3.699220781527997826e+00
3.717443543998578459e+00
3.735666306469160869e+00
3.753889068939741058e+00
3.772111831410321692e+00
3.790334593880904102e+00
3.808557356351484291e+00
3.826780118822066701e+00
3.845002881292647334e+00
3.863225643763227524e+00
3.881448406233809933e+00
3.899671168704390567e+00
3.917893931174972977e+00
3.936116693645553166e+00
3.954339456116133800e+00
3.972562218586716210e+00
3.990784981057298619e+00
4.009007743527878809e+00
4.027230505998459442e+00
4.045453268469041852e+00
4.063676030939622486e+00
4.081898793410204895e+00
4.100121555880785529e+00
4.118344318351365274e+00
4.136567080821947684e+00
4.154789843292528317e+00
4.173012605763110727e+00
4.191235368233691361e+00
4.209458130704271994e+00
4.227680893174854404e+00
4.245903655645435038e+00
4.264126418116017447e+00
4.282349180586597193e+00
4.300571943057177826e+00
4.318794705527760236e+00
4.337017467998342646e+00
4.355240230468923279e+00
4.373462992939503913e+00
4.391685755410086323e+00
4.409908517880666068e+00
4.428131280351249366e+00
4.446354042821829111e+00
4.464576805292409745e+00
4.482799567762992154e+00
4.501022330233572788e+00
4.519245092704155198e+00
4.537467855174735831e+00
4.555690617645315577e+00
4.573913380115897986e+00
4.592136142586478620e+00
4.610358905057061030e+00
4.628581667527641663e+00
4.646804429998222297e+00
4.665027192468804706e+00
4.683249954939387116e+00
4.701472717409967750e+00
4.719695479880547495e+00
4.737918242351128129e+00
4.756141004821710538e+00
4.774363767292292948e+00
4.792586529762873582e+00
4.810809292233454215e+00
4.829032054704036625e+00
4.847254817174616370e+00
4.865477579645199668e+00
4.883700342115779414e+00
4.901923104586360047e+00
4.920145867056942457e+00
4.938368629527524867e+00
4.956591391998105500e+00
4.974814154468686134e+00
4.993036916939265879e+00
5.011259679409848289e+00
5.029482441880430699e+00
5.047705204351011332e+00
5.065927966821591966e+00
5.084150729292172599e+00
5.102373491762755009e+00
5.120596254233337419e+00
5.138819016703918052e+00
5.157041779174497798e+00
5.175264541645080207e+00
5.193487304115660841e+00
5.211710066586243251e+00
5.229932829056823884e+00
5.248155591527404518e+00
5.266378353997986927e+00
5.284601116468569337e+00
5.302823878939149083e+00
5.321046641409729716e+00
5.339269403880310350e+00
5.357492166350892759e+00
5.375714928821475169e+00
5.393937691292055803e+00
5.412160453762636436e+00
5.430383216233216181e+00
5.448605978703798591e+00
5.466828741174381001e+00
5.485051503644961635e+00
5.503274266115542268e+00
5.521497028586122902e+00
5.539719791056705311e+00
5.557942553527287721e+00
5.576165315997867467e+00
5.594388078468448100e+00
5.612610840939030510e+00
5.630833603409612920e+00
5.649056365880193553e+00
5.667279128350774187e+00
5.685501890821354820e+00
5.703724653291937230e+00
5.721947415762519640e+00
5.740170178233099385e+00
5.758392940703680019e+00
5.776615703174260652e+00
5.794838465644843062e+00
5.813061228115425472e+00
5.831283990586006105e+00
5.849506753056585850e+00
5.867729515527166484e+00
5.885952277997748894e+00
5.904175040468331304e+00
5.922397802938911937e+00
5.940620565409492571e+00
5.958843327880074980e+00
5.977066090350655614e+00
5.995288852821238024e+00
6.013511615291817769e+00
6.031734377762398402e+00
6.049957140232980812e+00
6.068179902703563222e+00
6.086402665174143856e+00
6.104625427644724489e+00
6.122848190115305123e+00
6.141070952585887532e+00
6.159293715056469942e+00
6.177516477527049688e+00
6.195739239997630321e+00
6.213962002468210954e+00
6.232184764938793364e+00
6.250407527409375774e+00
6.268630289879956408e+00
6.286853052350536153e+00
6.305075814821119451e+00
6.323298577291699196e+00
6.341521339762281606e+00
6.359744102232862240e+00
6.377966864703442873e+00
6.396189627174025283e+00
6.414412389644607693e+00
6.432635152115188326e+00
6.450857914585768071e+00
6.469080677056348705e+00
6.487303439526931115e+00
6.505526201997513525e+00
6.523748964468094158e+00
6.541971726938674792e+00
6.560194489409254537e+00
6.578417251879837835e+00
6.596640014350420245e+00
6.614862776820999990e+00
6.633085539291580623e+00
6.651308301762163033e+00
6.669531064232743667e+00
6.687753826703326077e+00
6.705976589173906710e+00
6.724199351644486455e+00
6.742422114115068865e+00
6.760644876585652163e+00
6.778867639056231909e+00
6.797090401526812542e+00
6.815313163997393175e+00
6.833535926467975585e+00
6.851758688938557995e+00
6.869981451409138629e+00
6.888204213879718374e+00
6.906426976350299007e+00
6.924649738820881417e+00
6.942872501291463827e+00
6.961095263762044461e+00
6.979318026232625094e+00
6.997540788703204839e+00
7.015763551173787249e+00
7.033986313644370547e+00
7.052209076114950292e+00
7.070431838585530926e+00
7.088654601056113336e+00
7.106877363526695746e+00
7.125100125997276379e+00
7.143322888467857013e+00
7.161545650938436758e+00
7.179768413409019168e+00
7.197991175879601577e+00
7.216213938350182211e+00
7.234436700820762844e+00
7.252659463291343478e+00
7.270882225761925888e+00
7.289104988232508298e+00
7.307327750703088931e+00
7.325550513173668676e+00
7.343773275644249310e+00
7.361996038114831720e+00
7.380218800585414130e+00
7.398441563055994763e+00
7.416664325526575396e+00
7.434887087997157806e+00
7.453109850467737552e+00
7.471332612938319961e+00
7.489555375408900595e+00
7.507778137879481228e+00
7.526000900350063638e+00
7.544223662820646048e+00
7.562446425291226682e+00
7.580669187761807315e+00
7.598891950232387060e+00
7.617114712702969470e+00
7.635337475173551880e+00
7.653560237644132513e+00
7.671783000114713147e+00
7.690005762585293780e+00
7.708228525055876190e+00
7.726451287526458600e+00
7.744674049997039234e+00
7.762896812467618979e+00
7.781119574938201389e+00
7.799342337408782022e+00
7.817565099879364432e+00
7.835787862349945065e+00
7.854010624820525699e+00
7.872233387291108109e+00
7.890456149761690519e+00
7.908678912232270264e+00
7.926901674702850897e+00
7.945124437173431531e+00
7.963347199644013941e+00
7.981569962114596350e+00
7.999792724585176984e+00
8.018015487055757617e+00
8.036238249526338251e+00
8.054461011996920661e+00
8.072683774467503071e+00
8.090906536938083704e+00
8.109129299408662561e+00
8.127352061879244971e+00
8.145574824349825604e+00
8.163797586820408014e+00
8.182020349290988648e+00
8.200243111761569281e+00
8.218465874232151691e+00
8.236688636702734101e+00
8.254911399173314734e+00
8.273134161643895368e+00
8.291356924114476001e+00
8.309579686585058411e+00
8.327802449055640821e+00
8.346025211526221455e+00
8.364247973996802088e+00
8.382470736467380945e+00
8.400693498937963355e+00
8.418916261408545765e+00
8.437139023879126398e+00
8.455361786349707032e+00
8.473584548820289442e+00
8.491807311290870075e+00
8.510030073761452485e+00
8.528252836232033118e+00
8.546475598702613752e+00
8.564698361173196162e+00
8.582921123643778571e+00
8.601143886114359205e+00
8.619366648584939838e+00
8.637589411055520472e+00
8.655812173526102882e+00
8.674034935996685292e+00
8.692257698467265925e+00
8.710480460937844782e+00
8.728703223408425416e+00
8.746925985879007825e+00
8.765148748349590235e+00
8.783371510820170869e+00
8.801594273290751502e+00
8.819817035761332136e+00
8.838039798231914546e+00
8.856262560702496955e+00
8.874485323173077589e+00
8.892708085643658222e+00
8.910930848114240632e+00
8.929153610584823042e+00
8.947376373055403675e+00
8.965599135525984309e+00
8.983821897996563166e+00
9.002044660467145576e+00
9.020267422937727986e+00
9.038490185408308619e+00
9.056712947878889253e+00
9.074935710349469886e+00
9.093158472820052296e+00
9.111381235290634706e+00
9.129603997761215339e+00
9.147826760231795973e+00
9.166049522702376606e+00
9.184272285172959016e+00
9.202495047643541426e+00
9.220717810114122059e+00
9.238940572584702693e+00
9.257163335055285103e+00
9.275386097525865736e+00
9.293608859996446370e+00
9.311831622467027003e+00
9.330054384937607637e+00
9.348277147408186494e+00
9.366499909878772456e+00
9.384722672349353090e+00
9.402945434819931947e+00
9.421168197290512580e+00
9.439390959761096767e+00
9.457613722231677400e+00
9.475836484702258034e+00
9.494059247172838667e+00
9.512282009643419300e+00
9.530504772114003487e+00
9.548727534584584120e+00
9.566950297055164754e+00
9.585173059525745387e+00
9.603395821996326021e+00
9.621618584466910207e+00
9.639841346937490840e+00
9.658064109408071474e+00
9.676286871878650331e+00
9.694509634349230964e+00
9.712732396819815150e+00
9.730955159290395784e+00
9.749177921760976417e+00
9.767400684231557051e+00
9.785623446702137684e+00
9.803846209172721871e+00
9.822068971643302504e+00
9.840291734113883138e+00
9.858514496584463771e+00
9.876737259055047957e+00
9.894960021525628591e+00
9.913182783996209224e+00
9.931405546466789858e+00
9.949628308937368715e+00
9.967851071407954677e+00
9.986073833878533534e+00
1.000429659634911417e+01
1.002251935881969480e+01
1.004074212129027543e+01
1.005896488376085962e+01
1.007718764623144025e+01
1.009541040870202089e+01
1.011363317117260152e+01
1.013185593364318215e+01
1.015007869611376634e+01
1.016830145858434697e+01
1.018652422105492761e+01
1.020474698352550824e+01
1.022296974599609243e+01
1.024119250846667306e+01
1.025941527093725192e+01
1.027763803340783255e+01
1.029586079587841319e+01
1.031408355834899737e+01
1.033230632081957800e+01
1.035052908329015864e+01
1.036875184576073927e+01
1.038697460823131991e+01
1.040519737070190409e+01
1.042342013317248473e+01
1.044164289564306536e+01
1.045986565811364599e+01
1.047808842058422663e+01
1.049631118305481081e+01
1.051453394552539145e+01
1.053275670799597208e+01
1.055097947046655094e+01
1.056920223293713690e+01
1.058742499540771576e+01
1.060564775787829639e+01
1.062387052034887702e+01
1.064209328281945766e+01
1.066031604529004184e+01
1.067853880776062248e+01
1.069676157023120311e+01
1.071498433270178374e+01
1.073320709517236438e+01
1.075142985764294856e+01
1.076965262011352920e+01
1.078787538258410983e+01
1.080609814505469046e+01
1.082432090752526932e+01
1.084254366999585528e+01
1.086076643246643414e+01
1.087898919493701477e+01
1.089721195740759541e+01
1.091543471987817959e+01
1.093365748234876023e+01
1.095188024481934086e+01
1.097010300728992149e+01
1.098832576976050213e+01
1.100654853223108631e+01
1.102477129470166695e+01
1.104299405717224758e+01
1.106121681964282821e+01
1.107943958211340885e+01
1.109766234458399303e+01
1.111588510705457367e+01
1.113410786952515252e+01
1.115233063199573316e+01
1.117055339446631379e+01
1.118877615693689798e+01
1.120699891940747861e+01
1.122522168187805924e+01
1.124344444434863988e+01
1.126166720681922406e+01
1.127988996928980470e+01
1.129811273176038533e+01
1.131633549423096596e+01
1.133455825670154660e+01
1.135278101917213078e+01
1.137100378164271142e+01
1.138922654411329205e+01
1.140744930658387091e+01
1.142567206905445154e+01
1.144389483152503750e+01
1.146211759399561636e+01
1.148034035646619699e+01
1.149856311893677763e+01
1.151678588140735826e+01
1.153500864387794245e+01
1.155323140634852308e+01
1.157145416881910371e+01
1.158967693128968435e+01
1.160789969376026498e+01
1.162612245623084917e+01
1.164434521870142980e+01
1.166256798117201043e+01
1.168079074364258929e+01
1.169901350611317525e+01
1.171723626858375589e+01
1.173545903105433474e+01
1.175368179352491538e+01
1.177190455599549601e+01
1.179012731846608020e+01
1.180835008093666083e+01
1.182657284340724146e+01
1.184479560587782210e+01
1.186301836834840273e+01
1.188124113081898692e+01
1.189946389328956755e+01
1.191768665576014818e+01
1.193590941823072882e+01
1.195413218070130768e+01
1.197235494317189364e+01
1.199057770564247427e+01
1.200880046811305313e+01
1.202702323058363376e+01
1.204524599305421795e+01
1.206346875552479858e+01
1.208169151799537921e+01
1.209991428046595985e+01
1.211813704293654048e+01
1.213635980540712467e+01
1.215458256787770530e+01
1.217280533034828593e+01
1.219102809281886657e+01
1.220925085528944720e+01
1.222747361776003139e+01
1.224569638023061202e+01
1.226391914270119265e+01
1.228214190517177151e+01
1.230036466764235215e+01
1.231858743011293633e+01
1.233681019258351697e+01
1.235503295505409760e+01
1.237325571752467823e+01
1.239147847999526242e+01
1.240970124246584305e+01
1.242792400493642369e+01
1.244614676740700432e+01
1.246436952987758495e+01
1.248259229234816914e+01
1.250081505481874977e+01
1.251903781728933041e+01
1.253726057975991104e+01
1.255548334223048990e+01
1.257370610470107586e+01
1.259192886717165472e+01
1.261015162964223535e+01
1.262837439211281598e+01
1.264659715458339662e+01
1.266481991705398080e+01
1.268304267952456144e+01
1.270126544199514207e+01
1.271948820446572270e+01
1.273771096693630689e+01
1.275593372940688752e+01
1.277415649187746816e+01
1.279237925434804879e+01
1.281060201681862942e+01
1.282882477928921361e+01
1.284704754175979424e+01
1.286527030423037310e+01
1.288349306670095373e+01
1.290171582917153437e+01
1.291993859164211855e+01
1.293816135411269919e+01
1.295638411658327982e+01
1.297460687905386045e+01
1.299282964152444109e+01
1.301105240399502527e+01
1.302927516646560591e+01
1.304749792893618654e+01
1.306572069140676717e+01
1.308394345387735136e+01
1.310216621634793199e+01
1.312038897881851263e+01
1.313861174128909148e+01
1.315683450375967212e+01
1.317505726623025808e+01
1.319328002870083694e+01
1.321150279117141757e+01
1.322972555364199820e+01
1.324794831611257884e+01
1.326617107858316302e+01
1.328439384105374366e+01
1.330261660352432429e+01
1.332083936599490492e+01
1.333906212846548556e+01
1.335728489093606974e+01
1.337550765340665038e+01
1.339373041587723101e+01
1.341195317834781164e+01
1.343017594081839050e+01
1.344839870328897646e+01
1.346662146575955532e+01
1.348484422823013595e+01
1.350306699070071659e+01
1.352128975317130077e+01
1.353951251564188141e+01
1.355773527811246204e+01
1.357595804058304267e+01
1.359418080305362331e+01
1.361240356552420749e+01
1.363062632799478813e+01
1.364884909046536876e+01
1.366707185293594939e+01
1.368529461540653003e+01
1.370351737787711421e+01
1.372174014034769485e+01
1.373996290281827370e+01
1.375818566528885434e+01
1.377640842775943497e+01
1.379463119023001916e+01
1.381285395270059979e+01
1.383107671517118042e+01
1.384929947764176106e+01
1.386752224011234524e+01
1.388574500258292588e+01
1.390396776505350651e+01
1.392219052752408714e+01
1.394041328999466778e+01
1.395863605246525196e+01
1.397685881493583260e+01
1.399508157740641323e+01
1.401330433987699209e+01
1.403152710234757272e+01
1.404974986481815868e+01
1.406797262728873754e+01
1.408619538975931818e+01
1.410441815222989881e+01
1.412264091470047944e+01
1.414086367717106363e+01
1.415908643964164426e+01
1.417730920211222490e+01
1.419553196458280553e+01
1.421375472705338971e+01
1.423197748952397035e+01
1.425020025199455098e+01
1.426842301446513162e+01
1.428664577693571047e+01
1.430486853940629643e+01
1.432309130187687707e+01
1.434131406434745593e+01
1.435953682681803656e+01
1.437775958928861719e+01
1.439598235175920138e+01
1.441420511422978201e+01
1.443242787670036265e+01
1.445065063917094328e+01
1.446887340164152391e+01
1.448709616411210810e+01
1.450531892658268873e+01
1.452354168905326937e+01
1.454176445152385000e+01
1.455998721399443419e+01
1.457820997646501482e+01
1.459643273893559545e+01
1.461465550140617431e+01
1.463287826387675494e+01
1.465110102634733913e+01
1.466932378881791976e+01
1.468754655128850040e+01
1.470576931375908103e+01
1.472399207622966166e+01
1.474221483870024585e+01
1.476043760117082648e+01
1.477866036364140712e+01
1.479688312611198775e+01
1.481510588858256838e+01
1.483332865105315257e+01
1.485155141352373320e+01
1.486977417599431384e+01
1.488799693846489269e+01
1.490621970093547333e+01
1.492444246340605751e+01
1.494266522587663815e+01
1.496088798834721878e+01
1.497911075081779941e+01
1.499733351328838360e+01
1.501555627575896423e+01
1.503377903822954487e+01
1.505200180070012550e+01
1.507022456317070613e+01
1.508844732564129032e+01
1.510667008811187095e+01
1.512489285058245159e+01
1.514311561305303222e+01
1.516133837552361108e+01
1.517956113799419704e+01
1.519778390046477590e+01
1.521600666293535653e+01
1.523422942540593716e+01
1.525245218787651780e+01
1.527067495034710198e+01
1.528889771281768262e+01
1.530712047528826325e+01
1.532534323775884388e+01
1.534356600022942807e+01
1.536178876270000870e+01
1.538001152517058934e+01
1.539823428764116997e+01
1.541645705011175060e+01
1.543467981258233479e+01
1.545290257505291542e+01
1.547112533752349428e+01
1.548934809999407491e+01
1.550757086246465555e+01
1.552579362493523973e+01
1.554401638740582037e+01
1.556223914987640100e+01
1.558046191234698163e+01
1.559868467481756227e+01
1.561690743728814645e+01
1.563513019975872709e+01
1.565335296222930772e+01
1.567157572469988835e+01
1.568979848717047254e+01
1.570802124964105317e+01
1.572624401211163381e+01
1.574446677458221266e+01
1.576268953705279330e+01
1.578091229952337926e+01
1.579913506199395812e+01
1.581735782446453875e+01
1.583558058693511938e+01
1.585380334940570002e+01
1.587202611187628420e+01
1.589024887434686484e+01
1.590847163681744547e+01
1.592669439928802610e+01
1.594491716175860674e+01
1.596313992422919092e+01
1.598136268669977156e+01
1.599958544917035219e+01
1.601780821164093283e+01
1.603603097411151523e+01
1.605425373658209764e+01
1.607247649905267650e+01
1.609069926152325891e+01
1.610892202399383777e+01
1.612714478646442373e+01
1.614536754893500259e+01
1.616359031140558500e+01
1.618181307387616386e+01
1.620003583634674271e+01
1.621825859881732868e+01
1.623648136128790753e+01
1.625470412375848994e+01
1.627292688622906880e+01
1.629114964869965121e+01
1.630937241117023362e+01
1.632759517364081603e+01
1.634581793611139489e+01
1.636404069858197730e+01
1.638226346105255971e+01
1.640048622352314212e+01
1.641870898599372097e+01
1.643693174846430338e+01
1.645515451093488224e+01
1.647337727340546820e+01
1.649160003587604706e+01
1.650982279834662592e+01
1.652804556081720833e+01
1.654626832328778718e+01
1.656449108575837315e+01
1.658271384822895200e+01
1.660093661069953441e+01
1.661915937317011327e+01
1.663738213564069568e+01
1.665560489811127809e+01
1.667382766058186050e+01
1.669205042305243936e+01
1.671027318552302177e+01
1.672849594799360062e+01
1.674671871046418659e+01
1.676494147293476544e+01
1.678316423540534430e+01
1.680138699787592671e+01
1.681960976034650912e+01
1.683783252281709153e+01
1.685605528528767039e+01
1.687427804775825280e+01
1.689250081022883165e+01
1.691072357269941762e+01
1.692894633516999647e+01
1.694716909764057888e+01
1.696539186011115774e+01
1.698361462258174015e+01
1.700183738505232256e+01
1.702006014752290497e+01
1.703828290999348383e+01
1.705650567246406268e+01
1.707472843493464509e+01
1.709295119740522750e+01
1.711117395987580991e+01
1.712939672234638877e+01
1.714761948481697118e+01
1.716584224728755359e+01
1.718406500975813600e+01
1.720228777222871486e+01
1.722051053469929727e+01
1.723873329716987612e+01
1.725695605964046209e+01
1.727517882211104094e+01
1.729340158458162335e+01
1.731162434705220221e+01
1.732984710952278107e+01
1.734806987199336703e+01
1.736629263446394589e+01
1.738451539693452830e+01
1.740273815940510715e+01
1.742096092187568956e+01
1.743918368434627197e+01
1.745740644681685438e+01
1.747562920928743324e+01
1.749385197175801565e+01
1.751207473422859806e+01
1.753029749669918047e+01
1.754852025916975933e+01
1.756674302164034174e+01
1.758496578411092059e+01
1.760318854658150656e+01
1.762141130905208541e+01
1.763963407152266427e+01
1.765785683399324668e+01
1.767607959646382554e+01
1.769430235893441150e+01
1.771252512140499036e+01
1.773074788387557277e+01
1.774897064634615163e+01
1.776719340881673403e+01
1.778541617128731644e+01
1.780363893375789885e+01
1.782186169622847771e+01
1.784008445869906012e+01
1.785830722116964253e+01
1.787652998364022494e+01
1.789475274611080380e+01
1.791297550858138621e+01
1.793119827105196507e+01
1.794942103352255103e+01
1.796764379599312988e+01
1.798586655846370874e+01
1.800408932093429115e+01
1.802231208340487001e+01
1.804053484587545597e+01
1.805875760834603483e+01
1.807698037081661724e+01
1.809520313328719610e+01
1.811342589575777851e+01
1.813164865822836092e+01
1.814987142069894333e+01
1.816809418316952218e+01
1.818631694564010459e+01
1.820453970811068700e+01
