0.000000000000000000e+00
6.068179902703566553e-01
1.213635980540712200e+00
1.820453970811068967e+00
2.427271961081425733e+00
3.034089951351781167e+00
3.640907941622137045e+00
4.247725931892493811e+00
4.854543922162850578e+00
5.461361912433206456e+00
6.068179902703563222e+00
6.674997892973918212e+00
7.281815883244274978e+00
7.888633873514631745e+00
8.495451863784987623e+00
9.102269854055345277e+00
9.709087844325702932e+00
1.031590583459605703e+01
1.092272382486641114e+01
1.152954181513677057e+01
1.213635980540712467e+01
1.274317779567747877e+01
1.334999578594783820e+01
1.395681377621819763e+01
1.456363176648855173e+01
1.517044975675890583e+01
1.577726774702926527e+01
1.638408573729962114e+01
1.699090372756997880e+01
1.759772171784033290e+01
1.820453970811068700e+01
