0.000000000000000000e+00
1.305551924156996000e-06
5.221302049286267076e-06
1.174453356093023671e-05
2.087071886115675663e-05
3.259352021054898576e-05
4.690479063293716164e-05
6.379457508830543345e-05
8.325111192141165231e-05
1.052608345952384648e-04
1.298083737195607245e-04
1.568765593870255178e-04
1.864464238305101268e-04
2.184972044171162690e-04
2.530063469954990760e-04
2.899495096148546136e-04
3.293005666360530014e-04
3.710316132555114958e-04
4.151129704646841783e-04
4.615131904699845493e-04
5.101990625980307344e-04
5.611356197130040442e-04
6.142861451753051745e-04
6.696121803695161828e-04
7.270735328341198806e-04
7.866282850219155111e-04
8.482328037280512144e-04
9.118417502162186154e-04
9.774080910798564701e-04
1.044883109873543129e-03
1.114216419552899922e-03
1.185355975758512316e-03
1.258248090984365446e-03
1.332837449670645682e-03
1.409067124256699506e-03
1.486878592241754407e-03
1.566211754287515556e-03
1.647004953408449934e-03
1.729194995291079891e-03
1.812717169782869552e-03
1.897505273595854374e-03
1.983491634265072308e-03
2.070607135406875299e-03
2.158781243317549510e-03
2.247942034958058319e-03
2.338016227362827836e-03
2.428929208520086858e-03
2.520605069761294812e-03
2.612966639703059174e-03
2.705935519782402907e-03
2.799432121424775318e-03
2.893375704884211877e-03
2.987684419796387322e-03
3.082275347477902994e-03
3.177064545013306030e-03
3.271967091161613606e-03
3.366897134119065018e-03
3.461767941167569803e-03
3.556491950245732961e-03
3.650980823465307078e-03
3.745145502607774481e-03
3.838896266623042716e-03
3.932142791155219044e-03
4.024794210121757608e-03
4.116759179358248089e-03
4.207945942356806565e-03
4.298262398106207464e-03
4.387616171050131089e-03
4.475914683174197009e-03
4.563065228228590370e-03
4.648975048094168908e-03
4.733551411292009903e-03
4.816701693633771569e-03
4.898333461019810375e-03
4.978354554361468128e-03
5.056673176634285567e-03
5.133197982035873561e-03
5.207838167240297356e-03
5.280503564722680704e-03
5.351104738133980777e-03
5.419553079696470474e-03
5.485760909586906778e-03
5.549641577273723737e-03
5.611109564770138183e-03
5.670080591754218628e-03
5.726471722516632799e-03
5.780201474673383501e-03
5.831189929599789150e-03
5.879358844514583592e-03
5.924631766155518883e-03
5.966934145976925119e-03
6.006193456791809188e-03
6.042339310785969746e-03
6.075303578818414853e-03
6.105020510920916750e-03
6.131426857906038461e-03
6.154461993990101125e-03
6.174068040323916519e-03
6.190189989334402183e-03
6.202775829760641922e-03
6.211776672277014889e-03
6.217146875573540538e-03
6.218844172787825995e-03
6.216829798143260789e-03
6.211068613673488906e-03
6.201529235892760950e-03
6.188184162273333011e-03
6.171009897382139821e-03
6.149987078535816727e-03
6.125100600810409746e-03
6.096339741262448222e-03
6.063698282189989436e-03
6.027174633277666144e-03
5.986771952452782548e-03
5.942498265288496083e-03
5.894366582772186253e-03
5.842395017271719872e-03
5.786606896508292644e-03
5.727030875364449471e-03
5.663701045335490722e-03
5.596657041438102623e-03
5.525944146387413991e-03
5.451613391851342291e-03
5.373721656586028309e-03
5.292331761260123460e-03
5.207512559772754270e-03
5.119339026863329797e-03
5.027892341817840477e-03
4.933259968077253511e-03
4.835535728538899528e-03
4.734819876362885392e-03
4.631219161078356170e-03
4.524846889790993393e-03
4.415822983300048826e-03
4.304274026924809898e-03
4.190333315842977718e-03
4.074140894757870626e-03
3.955843591690496631e-03
3.835595045721256011e-03
3.713555728484085449e-03
3.589892959238992400e-03
3.464780913339890033e-03
3.338400623921356902e-03
3.210939976635232649e-03
3.082593697269344919e-03
2.953563332085152541e-03
2.824057220716594784e-03
2.694290461481900229e-03
2.564484868957654651e-03
2.434868923678064345e-03
2.305677713825267459e-03
2.177152868785028200e-03
2.049542484445071415e-03
1.923101040129266423e-03
1.798089307058377100e-03
1.674774248244785373e-03
1.553428909732269261e-03
1.434332303101095623e-03
1.317769279171916589e-03
1.204030392844163046e-03
1.093411759021372309e-03
9.862148995817482996e-04
8.827465813640178070e-04
7.833186451475981828e-04
6.882478256216510281e-04
5.978555623399017501e-04
5.124678016802662909e-04
4.324147898302955649e-04
3.580308568374281162e-04
2.896541917723157757e-04
2.276266090658326320e-04
1.722933060940339749e-04
1.240026120958171026e-04
8.310572852300216308e-05
4.995646093305418367e-05
2.491094254977096334e-05
8.327349628257667329e-06
5.656087752080355240e-07
1.987096387770132224e-06
1.295433038766148023e-05
3.383065444070365509e-05
6.497991486479336740e-05
1.067661304428354076e-04
1.595531553704912617e-04
2.237043355806548966e-04
2.995821587020645708e-04
3.875478979193939166e-04
4.879612500165822790e-04
6.011799679002646822e-04
7.275594879054644208e-04
8.674525522087190741e-04
1.021208826674973279e-03
1.189174514485724513e-03
1.371691965901598908e-03
1.569099284525661076e-03
1.781729930447586291e-03
2.009912320655426674e-03
2.253969427113501015e-03
2.514218372919916223e-03
2.790970026956785584e-03
3.084528597468660059e-03
3.395191224998668229e-03
3.723247575137331265e-03
4.068979431529716820e-03
4.432660289609722214e-03
4.814554951525643403e-03
5.214919122734609086e-03
5.633999010745705319e-03
6.072030926501754619e-03
6.529240888886775340e-03
7.005844232862234490e-03
7.502045221722869819e-03
8.018036663983938231e-03
8.553999535400353890e-03
9.110102606625213734e-03
9.686502077018526585e-03
1.028334121511161221e-02
1.090075000624133629e-02
1.153884480785426214e-02
1.219772801299422865e-02
1.287748772247301540e-02
1.357819742622838784e-02
1.429991569435883417e-02
1.504268587834120714e-02
1.580653582290474091e-02
1.659147758905065925e-02
1.739750718869221766e-02
1.822460433137608124e-02
1.907273218355440975e-02
1.994183714084905509e-02
2.083184861374962754e-02
2.174267882718089809e-02
2.267422263435325824e-02
2.362635734530555212e-02
2.459894257053429900e-02
2.559182008009031062e-02
2.660481367851115844e-02
2.763772909594262514e-02
2.869035389578291489e-02
2.976245739917664224e-02
3.085379062665978209e-02
3.196408625724242447e-02
3.309305860520268816e-02
3.424040361484223527e-02
3.540579887342970578e-02
3.658890364255857480e-02
3.778935890809435871e-02
3.900678744889992527e-02
4.024079392448011439e-02
4.149096498167613445e-02
4.275686938052659924e-02
4.403805813936093050e-02
4.533406469921769794e-02
4.664440510759273323e-02
4.796857822156772033e-02
4.930606593028086237e-02
5.065633339673374785e-02
5.201882931886517986e-02
5.339298620981366983e-02
5.477822069727134036e-02
5.617393384179352606e-02
5.757951147391653784e-02
5.899432454990363728e-02
6.041772952591469015e-02
6.184906875037633062e-02
6.328767087430134386e-02
6.473285127927481952e-02
6.618391252282188053e-02
6.764014480080809966e-02
6.910082642654859220e-02
7.056522432624427743e-02
7.203259455034163872e-02
7.350218280040786423e-02
7.497322497108602213e-02
7.644494770664136962e-02
7.791656897164600526e-02
7.938729863526371167e-02
8.085633906863491649e-02
8.232288575479350390e-02
8.378612791055536912e-02
8.524524911979049213e-02
8.669942797747449970e-02
8.814783874389135743e-02
8.958965200834981268e-02
9.102403536176008336e-02
9.245015407737978974e-02
9.386717179907066999e-02
9.527425123633333215e-02
9.667055486542747156e-02
9.805524563583212228e-02
9.942748768132604609e-02
1.007864470349173758e-01
1.021312923468782052e-01
1.034611956051069565e-01
1.047753328570520392e-01
1.060728849324027168e-01
1.073530381657641780e-01
1.086149851185258669e-01
1.098579252991289529e-01
1.110810658809163326e-01
1.122836224167884228e-01
1.134648195498443035e-01
1.146238917192234641e-01
1.157600838603251164e-01
1.168726520986409501e-01
1.179608644363794590e-01
1.190240014311123862e-01
1.200613568656484914e-01
1.210722384083780523e-01
1.220559682632990639e-01
1.230118838089834937e-01
1.239393382257358150e-01
1.248377011101948070e-01
1.257063590766747119e-01
1.265447163445129475e-01
1.273521953107525084e-01
1.281282371074632664e-01
1.288723021430252524e-01
1.295838706267733453e-01
1.302624430763103525e-01
1.309075408069325930e-01
1.315187064025473418e-01
1.320955041675236641e-01
1.326375205589285788e-01
1.331443645986196689e-01
1.336156682646887917e-01
1.340510868617888485e-01
1.344502993698854509e-01
1.348130087709909497e-01
1.351389423535000744e-01
1.354278519937386627e-01
1.356795144143647658e-01
1.358937314193291168e-01
1.360703301050663616e-01
1.362091630476839899e-01
1.363101084658774331e-01
1.363730703593959703e-01
1.363979786228574909e-01
1.363847891347730323e-01
1.363334838216579692e-01
1.362440706971506654e-01
1.361165838760578228e-01
1.359510835633252201e-01
1.357476560179139702e-01
1.355064134916280083e-01
1.352274941429395527e-01
1.349110619259321076e-01
1.345573064544481889e-01
1.341664428416326216e-01
1.337387115150168726e-01
1.332743780073854523e-01
1.327737327236508114e-01
1.322370906840124871e-01
1.316647912436909595e-01
1.310571977895688411e-01
1.304146974141076054e-01
1.297377005668777228e-01
1.290266406841640012e-01
1.282819737970412322e-01
1.275041781183915146e-01
1.266937536093506178e-01
1.258512215256834543e-01
1.249771239446190174e-01
1.240720232727141881e-01
1.231365017352932661e-01
1.221711608480794270e-01
1.211766208716356097e-01
1.201535202492331200e-01
1.191025150288163165e-01
1.180242782697280002e-01
1.169194994348807387e-01
1.157888837690863176e-01
1.146331516642477705e-01
1.134530380121466508e-01
1.122492915455844398e-01
1.110226741686100027e-01
1.097739602766143879e-01
1.085039360670525671e-01
1.072133988415982092e-01
1.059031563004922544e-01
1.045740258299053121e-01
1.032268337830957172e-01
1.018624147561880550e-01
1.004816108593625246e-01
9.908527098426792024e-02
9.767425006848484692e-02
9.624940835782494486e-02
9.481161066728864550e-02
9.336172564148649544e-02
9.190062501533208250e-02
9.042918287578277647e-02
8.894827492543977421e-02
8.745877774880322919e-02
8.596156808192492726e-02
8.445752208625822988e-02
8.294751462745951487e-02
8.143241855987402855e-02
7.991310401746627712e-02
7.839043771190713772e-02
7.686528223852973074e-02
7.533849539085303582e-02
7.381092948436578094e-02
7.228343069021789247e-02
7.075683837948751331e-02
6.923198447865730465e-02
6.770969283689326490e-02
6.619077860575220407e-02
6.467604763187366490e-02
6.316629586322557166e-02
6.166230876943065708e-02
6.016486077669873367e-02
5.867471471785570825e-02
5.719262129793041549e-02
5.571931857577328701e-02
5.425553146210268518e-02
5.280197123441102841e-02
5.135933506908794272e-02
4.992830559112435007e-02
4.850955044173706904e-02
4.710372186420101748e-02
4.571145630819444666e-02
4.433337405289131811e-02
4.297007884905169189e-02
4.162215758030923807e-02
4.029017994383966850e-02
3.897469815056240489e-02
3.767624664502124132e-02
3.639534184503385311e-02
3.513248190120873277e-02
3.388814647637693883e-02
3.266279654497818846e-02
3.145687421240300069e-02
3.027080255428827790e-02
2.910498547571399586e-02
2.795980759024916176e-02
2.683563411875453456e-02
2.573281080783818009e-02
2.465166386783359739e-02
2.359249993014611926e-02
2.255560602378971560e-02
2.154124957093031187e-02
2.054967840120611872e-02
1.958112078460181454e-02
1.863578548261189682e-02
1.771386181742489255e-02
1.681551975883147088e-02
1.594091002855293690e-02
1.509016422165617745e-02
1.426339494471345892e-02
1.346069597035053945e-02
1.268214240780348584e-02
1.192779088909902765e-02
1.119767977045636048e-02
1.049182934848718468e-02
9.810242090777439652e-03
9.152902880399653440e-03
8.519779273914505555e-03
7.910821772394618923e-03
7.325964105003332331e-03
6.765123524649651471e-03
6.228201115232426081e-03
5.715082109979971112e-03
5.225636220386190717e-03
4.759717975235520059e-03
4.317167069209374569e-03
3.897808720555844594e-03
3.501454037308174977e-03
3.127900391527895473e-03
2.776931801054292187e-03
2.448319318232255667e-03
2.141821425097072476e-03
1.857184434491529566e-03
1.594142896590752378e-03
1.352420010315954048e-03
1.131728039115435531e-03
9.317687305972758476e-04
7.522337395013320698e-04
5.928050535008051996e-04
4.531554213299746601e-04
3.329487827398110210e-04
2.318406997876548822e-04
1.494787889757681891e-04
8.550315375878045875e-05
3.954681694895387662e-05
1.123615255470643198e-05
1.913165979196318094e-07
6.026676463345966477e-06
2.835123834336882143e-05
6.676907235101574647e-05
1.208797348843148386e-04
1.902786878356903114e-04
2.745577142511276239e-04
3.733053300548823958e-04
4.861071914669301466e-04
6.125464977531043043e-04
7.522043889585991851e-04
9.046603382885754852e-04
1.069492538813606375e-03
1.246278284186024942e-03
1.434594343072746617e-03
1.634017327017438063e-03
1.844124051460030401e-03
2.064491889657652565e-03
2.294699119258548654e-03
2.534325261301741995e-03
2.782951411420261662e-03
3.040160563046382606e-03
3.305537922427707453e-03
3.578671215276295337e-03
3.859150984886061155e-03
4.146570881571251359e-03
4.440527943286915261e-03
4.740622867306995211e-03
5.046460272851766363e-03
5.357648954567546980e-03
5.673802126770907499e-03
5.994537658391641856e-03
6.319478298548202554e-03
6.648251892716783296e-03
6.980491589454131465e-03
7.315836037653836686e-03
7.653929574327324702e-03
7.994422402906523409e-03
8.336970762085090317e-03
8.681237085220158689e-03
9.026890150325274018e-03
9.373605220705358634e-03
9.721064176286497299e-03
1.006895563570043249e-02
1.041697506920598489e-02
1.076482490252795785e-02
1.111221461170246519e-02
1.145886080903765411e-02
1.180448732029285193e-02
1.214882525319711110e-02
1.249161305743274643e-02
1.283259657621345015e-02
1.317152908960344745e-02
1.350817134971348324e-02
1.384229160793514282e-02
1.417366563437143234e-02
1.450207672961820356e-02
1.482731572908030197e-02
1.514918099998365658e-02
1.546747843126852241e-02
1.578202141654552401e-02
1.609263083030227498e-02
1.639913499754695747e-02
1.670136965708724636e-02
1.699917791863660155e-02
1.729241021394915118e-02
1.758092424218210548e-02
1.786458490969411450e-02
1.814326426447181867e-02
1.841684142540402774e-02
1.868520250660139423e-02
1.894824053697020949e-02
1.920585537525006103e-02
1.945795362072177959e-02
1.970444851978919026e-02
1.994525986864916639e-02
2.018031391225085999e-02
2.040954323974817144e-02
2.063288667665450285e-02
2.085028917389751199e-02
2.106170169397660399e-02
2.126708109442262615e-02
2.146639000875642106e-02
2.165959672513609324e-02
2.184667506289494215e-02
2.202760424714624021e-02
2.220236878165435246e-02
2.237095832014314792e-02
2.253336753623417024e-02
2.268959599217770101e-02
2.283964800656296604e-02
2.298353252116812351e-02
2.312126296712032486e-02
2.325285713052370820e-02
2.337833701772150732e-02
2.349772872033683083e-02
2.361106228024579048e-02
2.371837155463247734e-02
2.381969408125866883e-02
2.391507094409735940e-02
2.400454663944596306e-02
2.408816894266800623e-02
2.416598877566574974e-02
2.423806007521888198e-02
2.430443966229894198e-02
2.436518711246538765e-02
2.442036462745061226e-02
2.447003690804589252e-02
2.451427102836265665e-02
2.455313631158018151e-02
2.458670420726202441e-02
2.461504817031527279e-02
2.463824354168466652e-02
2.465636743084512889e-02
2.466949860016283760e-02
2.467771735119943938e-02
2.468110541300747376e-02
2.467974583248148598e-02
2.467372286681555199e-02
2.466312187811355375e-02
2.464802923019859121e-02
2.462853218765830368e-02
2.460471881717201173e-02
2.457667789113249582e-02
2.454449879361537967e-02
2.450827142870053502e-02
2.446808613117968864e-02
2.442403357966032099e-02
2.437620471208815781e-02
2.432469064368701639e-02
2.426958258734194726e-02
2.421097177640696430e-02
2.414894938996636417e-02
2.408360648052055436e-02
2.401503390411722713e-02
2.394332225290253524e-02
2.386856179009080522e-02
2.379084238734445120e-02
2.371025346454012916e-02
2.362688393191313130e-02
2.354082213455511302e-02
2.345215579924977284e-02
2.336097198361409416e-02
2.326735702753438689e-02
2.317139650685580074e-02
2.307317518930437211e-02
2.297277699261218373e-02
2.287028494480976976e-02
2.276578114665406272e-02
2.265934673616157649e-02
2.255106185520022039e-02
2.244100561812111330e-02
2.232925608236821513e-02
2.221589022105134939e-02
2.210098389742145425e-02
2.198461184122808137e-02
2.186684762689539152e-02
2.174776365349572610e-02
2.162743112645923796e-02
2.150592004099666568e-02
2.138329916716967191e-02
2.125963603658432427e-02
2.113499693064980686e-02
2.100944687036565561e-02
2.088304960759087073e-02
2.075586761774890487e-02
2.062796209392560309e-02
2.049939294231691370e-02
2.037021877897409947e-02
2.024049692781674722e-02
2.011028341985396720e-02
1.997963299357766176e-02
1.984859909648730228e-02
1.971723388769246535e-02
1.958558824156375958e-02
1.945371175237769687e-02
1.932165273992101848e-02
1.918945825600699637e-02
1.905717409187598216e-02
1.892484478641572390e-02
1.879251363519039708e-02
1.866022270021547302e-02
1.852801282045470413e-02
1.839592362299501821e-02
1.826399353486267418e-02
1.813225979544636976e-02
1.800075846948884228e-02
1.786952446061798941e-02
1.773859152537409292e-02
1.760799228770685426e-02
1.747775825390943463e-02
1.734791982795346604e-02
1.721850632719970284e-02
1.708954599844764166e-02
1.696106603430141621e-02
1.683309258981948581e-02
1.670565079942220449e-02
1.657876479402825218e-02
1.645245771839704343e-02
1.632675174864989948e-02
1.620166810994775469e-02
1.607722709429624044e-02
1.595344807846568388e-02
1.583034954199276367e-02
1.570794908525230751e-02
1.558626344757075427e-02
1.546530852537054100e-02
1.534509939031771485e-02
1.522565030746295643e-02
1.510697475335176683e-02
1.498908543409457374e-02
1.487199430337463046e-02
1.475571258038207122e-02
1.464025076766055540e-02
1.452561866885067506e-02
1.441182540631891565e-02
1.429887943866021624e-02
1.418678857806105614e-02
1.407556000751438059e-02
1.396520029787350937e-02
1.385571542473886669e-02
1.374711078516468662e-02
1.363939121418083524e-02
1.353256100112017885e-02
1.342662390574377029e-02
1.332158317415783541e-02
1.321744155451614819e-02
1.311420131250438416e-02
1.301186424659489353e-02
1.291043170307560294e-02
1.280990459084235984e-02
1.271028339595224946e-02
1.261156819593828304e-02
1.251375867387548475e-02
1.241685413220416749e-02
1.232085350629900759e-02
1.222575537779164480e-02
1.213155798763767591e-02
1.203825924892823820e-02
1.194585675945141964e-02
1.185434781399590312e-02
1.176372941639612472e-02
1.167399829132943247e-02
1.158515089585088371e-02
1.149718343067634811e-02
1.141009185121341987e-02
1.132387187833854350e-02
1.123851900892054549e-02
1.115402852609920226e-02
1.107039550931015331e-02
1.098761484406805128e-02
1.090568123150325620e-02
1.082458919765654989e-02
1.074433310253473245e-02
1.066490714892700219e-02
1.058630539099191317e-02
1.050852174260437540e-02
1.043154998548183506e-02
1.035538377707893171e-02
1.028001665826148471e-02
1.020544206075815231e-02
1.013165331440024630e-02
1.005864365414194279e-02
9.986406226876633555e-03
9.914934098040742438e-03
9.844220258018270692e-03
9.774257628345224547e-03
9.705039067716096993e-03
9.636557377798489130e-03
9.568805308860100362e-03
9.501775565208373658e-03
9.435460810448515270e-03
9.369853672564399175e-03
9.304946748824659969e-03
9.240732610517433249e-03
9.177203807516246675e-03
9.114352872685979948e-03
9.052172326124516971e-03
8.990654679251365924e-03
8.929792438741583627e-03
8.869578110309781632e-03
8.810004202349282915e-03
8.751063229428836937e-03
8.692747715650315718e-03
8.635050197869396232e-03
8.577963228787481229e-03
8.521479379911236357e-03
8.465591244389353981e-03
8.410291439724540061e-03
8.355572610369345690e-03
8.301427430205605626e-03
8.247848604908458725e-03
8.194828874204470454e-03
8.142361014022124477e-03
8.090437838537415521e-03
8.039052202120979332e-03
7.988197001186574109e-03
7.937865175943893681e-03
7.888049712062399771e-03
7.838743642241971857e-03
7.789940047700706638e-03
7.741632059575427952e-03
7.693812860244764705e-03
7.646475684569343720e-03
7.599613821058840563e-03
7.553220612964337520e-03
7.507289459298148449e-03
7.461813815786633858e-03
7.416787195753820477e-03
7.372203170942045157e-03
7.328055372269979585e-03
7.284337490529760144e-03
7.241043277026715762e-03
7.198166544161908008e-03
7.155701165962146358e-03
7.113641078554543487e-03
7.071980280595116866e-03
7.030712833645398098e-03
6.989832862503676629e-03
6.949334555490319261e-03
6.909212164690847410e-03
6.869460006158129538e-03
6.830072460071290492e-03
6.791043970858755448e-03
6.752369047285692975e-03
6.714042262501231616e-03
6.676058254055964973e-03
6.638411723885939350e-03
6.601097438262736213e-03
6.564110227718926785e-03
6.527444986937342049e-03
6.491096674621133281e-03
6.455060313331583213e-03
6.419330989303461202e-03
6.383903852236418389e-03
6.348774115062970173e-03
6.313937053694781629e-03
6.279388006749044362e-03
6.245122375255353353e-03
6.211135622342103639e-03
6.177423272906729795e-03
6.143980913269500230e-03
6.110804190810441294e-03
6.077888813590737356e-03
6.045230549961871577e-03
6.012825228159132500e-03
5.980668735884299425e-03
5.948757019875227162e-03
5.917086085464363238e-03
5.885651996128478738e-03
5.854450873026045311e-03
5.823478894527069592e-03
5.792732295734917547e-03
5.762207367998942176e-03
5.731900458419958953e-03
5.701807969351422624e-03
5.671926357890355250e-03
5.642252135365719880e-03
5.612781866821610864e-03
5.583512170494641519e-03
5.554439717286654109e-03
5.525561230236817473e-03
5.496873483985840331e-03
5.468373304242745911e-03
5.440057567244370278e-03
5.411923199215571897e-03
5.383967175828145366e-03
5.356186521655629043e-03
5.328578309631374840e-03
5.301139660501535261e-03
5.273867742281396730e-03
5.246759769710077938e-03
5.219813003705625447e-03
5.193024750820582000e-03
5.166392362699857681e-03
5.139913235537328651e-03
5.113584809536705043e-03
5.087404568370723981e-03
5.061370038644748791e-03
5.035478789362906119e-03
5.009728431392924605e-03
4.984116616936646108e-03
4.958641039003498958e-03
4.933299430883384892e-03
4.908089565626103275e-03
4.883009255522615874e-03
4.858056351588404577e-03
4.833228743052162511e-03
4.808524356847564303e-03
4.783941157107935924e-03
4.759477144665307316e-03
4.735130356553231105e-03
4.710898865513819291e-03
4.686780779509382155e-03
4.662774241236890445e-03
4.638877427647691148e-03
4.615088549472222759e-03
4.591405850747720327e-03
4.567827608351463821e-03
4.544352131538481263e-03
4.520977761483828058e-03
4.497702870829138957e-03
4.474525863234102285e-03
4.451445172934641488e-03
4.428459264301889443e-03
4.405566631409524141e-03
4.382765797605227796e-03
4.360055315085956291e-03
4.337433764479034677e-03
4.314899754428281643e-03
4.292451921184210588e-03
4.270088928201354328e-03
4.247809465737280299e-03
4.225612250459495275e-03
4.203496025056159546e-03
4.181459557851780612e-03
4.159501642428064215e-03
4.137621097249701528e-03
4.115816765295259028e-03
4.094087513692228238e-03
4.072432233359165286e-03
4.050849838649705700e-03
4.029339267004499944e-03
4.007899478604560160e-03
3.986529456034395083e-03
3.965228203944202133e-03
3.943994748721971720e-03
3.922828138167059990e-03
3.901727441169419806e-03
3.880691747394882443e-03
3.859720166972509681e-03
3.838811830189481095e-03
3.817965887187922507e-03
3.797181507668397071e-03
3.776457880596907450e-03
3.755794213916222209e-03
3.735189734262363455e-03
3.714643686685055284e-03
3.694155334372386298e-03
3.673723958380462496e-03
3.653348857366600731e-03
3.633029347326832085e-03
3.612764761338369598e-03
3.592554449305338134e-03
3.572397777708749989e-03
3.552294129361106573e-03
3.532242903164165091e-03
3.512243513871312652e-03
3.492295391853452759e-03
3.472397982868630131e-03
3.452550747836704865e-03
3.432753162615277340e-03
3.413004717781813451e-03
3.393304918418448696e-03
3.373653283899396074e-03
3.354049347683794521e-03
3.334492657110906151e-03
3.314982773198693611e-03
3.295519270445974869e-03
3.276101736638353627e-03
3.256729772657076648e-03
3.237402992290862661e-03
3.218121022051401072e-03
3.198883500991703439e-03
3.179690080527742668e-03
3.160540424262969685e-03
3.141434207816155583e-03
3.122371118651542671e-03
3.103350855912386051e-03
3.084373130257357046e-03
3.065437663699654980e-03
3.046544189448609566e-03
3.027692451754310406e-03
3.008882205755157319e-03
2.990113217326927694e-03
2.971385262935791194e-03
2.952698129493026239e-03
2.934051614212336827e-03
2.915445524469450957e-03
2.896879677664515856e-03
2.878353901086832482e-03
2.859868031781278349e-03
2.841421916417312052e-03
2.823015411160484031e-03
2.804648381546144369e-03
2.786320702354098608e-03
2.768032257487300276e-03
2.749782939850925045e-03
2.731572651233937690e-03
2.713401302193167892e-03
2.695268811938821528e-03
2.677175108221309038e-03
2.659120127221543690e-03
2.641103813441294905e-03
2.623126119596157126e-03
2.605187006510430777e-03
2.587286443013272173e-03
2.569424405836482316e-03
2.551600879514533907e-03
2.533815856284904553e-03
2.516069335992016879e-03
2.498361325990477392e-03
2.480691841051129495e-03
2.463060903268443538e-03
2.445468541968949441e-03
2.427914793621309929e-03
2.410399701747505292e-03
2.392923316835683049e-03
2.375485696254442652e-03
2.358086904167873508e-03
2.340727011451550123e-03
2.323406095611277658e-03
2.306124240701287135e-03
2.288881537244427753e-03
2.271678082153643329e-03
