0.000000000000000000e+00
1.965164130597328931e-02
3.930328261194657863e-02
5.895492391791986447e-02
7.860656522389204703e-02
9.825820652986533288e-02
1.179098478358386187e-01
1.375614891418119046e-01
1.572131304477852043e-01
1.768647717537584763e-01
1.965164130597306658e-01
2.161680543657039655e-01
2.358196956716772374e-01
2.554713369776505094e-01
2.751229782836238091e-01
2.947746195895971089e-01
3.144262608955704086e-01
3.340779022015425981e-01
3.537295435075158423e-01
3.733811848134891420e-01
3.930328261194624417e-01
4.126844674254357415e-01
4.323361087314090412e-01
4.519877500373811752e-01
4.716393913433544749e-01
4.912910326493277746e-01
5.109426739553010188e-01
5.305943152612743186e-01
5.502459565672476183e-01
5.698975978732198078e-01
5.895492391791931075e-01
6.092008804851664072e-01
6.288525217911397069e-01
6.485041630971130067e-01
6.681558044030863064e-01
6.878074457090594951e-01
7.074590870150316846e-01
7.271107283210049843e-01
7.467623696269782840e-01
7.664140109329515838e-01
7.860656522389248835e-01
8.057172935448981832e-01
8.253689348508714829e-01
8.450205761568436724e-01
8.646722174628169721e-01
8.843238587687901608e-01
9.039755000747634606e-01
9.236271413807367603e-01
9.432787826867089498e-01
9.629304239926822495e-01
9.825820652986555492e-01
1.002233706604628738e+00
1.021885347910602038e+00
1.041536989216575337e+00
1.061188630522548637e+00
1.080840271828520827e+00
1.100491913134494126e+00
1.120143554440467426e+00
1.139795195746440726e+00
1.159446837052414025e+00
1.179098478358387325e+00
1.198750119664360625e+00
1.218401760970332814e+00
1.238053402276306114e+00
1.257705043582279414e+00
1.277356684888252714e+00
1.297008326194226013e+00
1.316659967500198203e+00
1.336311608806172613e+00
1.355963250112144802e+00
1.375614891418117880e+00
1.395266532724091180e+00
1.414918174030064479e+00
1.434569815336037779e+00
1.454221456642009969e+00
1.473873097947983268e+00
1.493524739253956568e+00
1.513176380559929868e+00
1.532828021865903168e+00
1.552479663171876467e+00
1.572131304477849767e+00
1.591782945783821956e+00
1.611434587089795256e+00
1.631086228395768556e+00
1.650737869701741856e+00
1.670389511007715155e+00
1.690041152313687345e+00
1.709692793619661755e+00
1.729344434925633944e+00
1.748996076231607244e+00
1.768647717537580322e+00
1.788299358843553621e+00
1.807951000149526921e+00
1.827602641455499111e+00
1.847254282761472410e+00
1.866905924067445710e+00
1.886557565373419010e+00
1.906209206679392310e+00
1.925860847985365609e+00
1.945512489291338909e+00
1.965164130597311098e+00
1.984815771903284398e+00
2.004467413209257476e+00
2.024119054515230776e+00
2.043770695821204075e+00
2.063422337127176487e+00
2.083073978433150675e+00
2.102725619739123086e+00
2.122377261045096386e+00
2.142028902351069686e+00
2.161680543657042985e+00
2.181332184963016285e+00
2.200983826268988253e+00
2.220635467574961552e+00
2.240287108880934852e+00
2.259938750186908152e+00
2.279590391492881452e+00
2.299242032798854751e+00
2.318893674104828051e+00
2.338545315410800463e+00
2.358196956716773318e+00
2.377848598022746618e+00
2.397500239328719918e+00
2.417151880634693217e+00
2.436803521940665629e+00
2.456455163246639817e+00
2.476106804552612228e+00
2.495758445858585528e+00
2.515410087164558828e+00
2.535061728470532127e+00
2.554713369776505427e+00
2.574365011082477395e+00
2.594016652388452027e+00
2.613668293694423994e+00
2.633319935000397294e+00
2.652971576306370594e+00
2.672623217612343893e+00
2.692274858918317193e+00
2.711926500224289605e+00
2.731578141530263792e+00
2.751229782836235760e+00
2.770881424142209060e+00
2.790533065448182359e+00
2.810184706754154771e+00
2.829836348060128959e+00
2.849487989366101370e+00
2.869139630672074670e+00
2.888791271978047970e+00
2.908442913284021270e+00
2.928094554589994569e+00
2.947746195895966537e+00
2.967397837201941169e+00
2.987049478507913136e+00
3.006701119813886436e+00
3.026352761119859736e+00
3.046004402425833035e+00
3.065656043731806335e+00
3.085307685037778747e+00
3.104959326343752934e+00
3.124610967649725346e+00
3.144262608955698202e+00
3.163914250261671501e+00
3.183565891567643913e+00
3.203217532873618101e+00
3.222869174179590512e+00
3.242520815485563812e+00
3.262172456791537112e+00
3.281824098097510412e+00
3.301475739403483711e+00
3.321127380709455679e+00
3.340779022015430311e+00
3.360430663321402278e+00
3.380082304627376910e+00
3.399733945933348878e+00
3.419385587239321289e+00
3.439037228545295477e+00
3.458688869851267889e+00
3.478340511157242076e+00
3.497992152463214488e+00
3.517643793769186455e+00
3.537295435075160643e+00
3.556947076381133055e+00
3.576598717687107243e+00
3.596250358993079654e+00
3.615902000299051622e+00
3.635553641605026254e+00
3.655205282911000442e+00
3.674856924216972853e+00
3.694508565522944821e+00
3.714160206828919453e+00
3.733811848134891420e+00
3.753463489440866052e+00
3.773115130746838020e+00
3.792766772052810431e+00
3.812418413358784619e+00
3.832070054664757031e+00
3.851721695970731218e+00
3.871373337276703630e+00
3.891024978582675597e+00
3.910676619888649785e+00
3.930328261194624417e+00
3.949979902500596385e+00
3.969631543806568796e+00
3.989283185112542984e+00
4.008934826418514952e+00
4.028586467724490028e+00
4.048238109030461551e+00
4.067889750336433963e+00
4.087541391642408151e+00
4.107193032948380562e+00
4.126844674254354750e+00
4.146496315560327162e+00
4.166147956866299573e+00
4.185799598172273761e+00
4.205451239478246173e+00
4.225102880784220361e+00
4.244754522090192772e+00
4.264406163396165184e+00
4.284057804702139371e+00
4.303709446008113559e+00
4.323361087314085971e+00
4.343012728620057494e+00
4.362664369926032570e+00
4.382316011232004094e+00
4.401967652537979170e+00
4.421619293843950693e+00
4.441270935149923105e+00
4.460922576455897293e+00
4.480574217761869704e+00
4.500225859067843892e+00
4.519877500373816304e+00
4.539529141679788715e+00
4.559180782985762903e+00
4.578832424291735315e+00
4.598484065597709503e+00
4.618135706903681914e+00
4.637787348209654326e+00
4.657438989515628514e+00
4.677090630821602701e+00
4.696742272127575113e+00
4.716393913433546636e+00
4.736045554739521712e+00
4.755697196045493236e+00
4.775348837351468312e+00
4.795000478657439835e+00
4.814652119963412247e+00
4.834303761269386435e+00
4.853955402575358846e+00
4.873607043881333034e+00
4.893258685187305446e+00
4.912910326493277857e+00
4.932561967799252045e+00
4.952213609105224457e+00
4.971865250411198645e+00
4.991516891717171056e+00
5.011168533023143468e+00
5.030820174329117656e+00
5.050471815635091843e+00
5.070123456941064255e+00
5.089775098247035778e+00
5.109426739553008190e+00
5.129078380858982378e+00
5.148730022164957454e+00
5.168381663470928977e+00
5.188033304776901389e+00
5.207684946082875577e+00
5.227336587388847988e+00
5.246988228694822176e+00
5.266639870000794588e+00
5.286291511306766999e+00
5.305943152612741187e+00
5.325594793918715375e+00
5.345246435224687787e+00
5.364898076530660198e+00
5.384549717836632610e+00
5.404201359142606798e+00
5.423853000448580985e+00
5.443504641754553397e+00
5.463156283060525809e+00
5.482807924366497332e+00
5.502459565672471520e+00
5.522111206978446596e+00
5.541762848284418119e+00
5.561414489590390531e+00
5.581066130896364719e+00
5.600717772202337130e+00
5.620369413508311318e+00
5.640021054814283730e+00
5.659672696120256141e+00
5.679324337426230329e+00
5.698975978732204517e+00
5.718627620038176929e+00
5.738279261344149340e+00
5.757930902650121752e+00
5.777582543956095940e+00
5.797234185262070127e+00
5.816885826568042539e+00
5.836537467874014951e+00
5.856189109179986474e+00
5.875840750485960662e+00
5.895492391791935738e+00
5.915144033097907261e+00
5.934795674403879673e+00
5.954447315709853861e+00
5.974098957015826272e+00
5.993750598321800460e+00
6.013402239627772872e+00
6.033053880933745283e+00
6.052705522239719471e+00
6.072357163545693659e+00
6.092008804851666071e+00
6.111660446157638482e+00
6.131312087463610894e+00
6.150963728769585082e+00
6.170615370075559269e+00
6.190267011381531681e+00
6.209918652687504093e+00
6.229570293993475616e+00
6.249221935299450692e+00
6.268873576605424880e+00
6.288525217911396403e+00
6.308176859217368815e+00
6.327828500523343003e+00
6.347480141829318079e+00
6.367131783135289602e+00
6.386783424441262014e+00
6.406435065747234425e+00
6.426086707053208613e+00
6.445738348359182801e+00
6.465389989665155213e+00
6.485041630971127624e+00
6.504693272277100036e+00
6.524344913583074224e+00
6.543996554889048411e+00
6.563648196195020823e+00
6.583299837500993235e+00
6.602951478806967422e+00
6.622603120112939834e+00
6.642254761418914022e+00
6.661906402724885545e+00
6.681558044030857957e+00
6.701209685336832145e+00
6.720861326642807221e+00
6.740512967948778744e+00
6.760164609254751156e+00
6.779816250560723567e+00
6.799467891866697755e+00
6.819119533172671943e+00
6.838771174478644355e+00
6.858422815784616766e+00
6.878074457090589178e+00
6.897726098396563366e+00
6.917377739702537554e+00
6.937029381008509965e+00
6.956681022314482377e+00
6.976332663620456565e+00
6.995984304926428976e+00
7.015635946232403164e+00
7.035287587538374687e+00
7.054939228844347099e+00
7.074590870150321287e+00
7.094242511456296363e+00
7.113894152762267886e+00
7.133545794068240298e+00
7.153197435374212709e+00
7.172849076680186897e+00
7.192500717986161085e+00
7.212152359292133497e+00
7.231804000598105908e+00
7.251455641904078320e+00
7.271107283210052508e+00
7.290758924516026696e+00
7.310410565821999107e+00
7.330062207127971519e+00
7.349713848433945707e+00
7.369365489739918118e+00
7.389017131045892306e+00
7.408668772351864718e+00
7.428320413657836241e+00
7.447972054963810429e+00
7.467623696269785505e+00
7.487275337575757028e+00
7.506926978881729440e+00
7.526578620187701851e+00
7.546230261493676039e+00
7.565881902799650227e+00
7.585533544105622639e+00
7.605185185411595050e+00
7.624836826717567462e+00
7.644488468023541650e+00
7.664140109329515838e+00
7.683791750635488249e+00
7.703443391941460661e+00
7.723095033247434849e+00
7.742746674553407260e+00
7.762398315859381448e+00
7.782049957165353860e+00
7.801701598471325383e+00
7.821353239777299571e+00
7.841004881083274647e+00
7.860656522389246170e+00
7.880308163695218582e+00
7.899959805001190993e+00
7.919611446307165181e+00
7.939263087613139369e+00
7.958914728919111781e+00
7.978566370225084192e+00
7.998218011531056604e+00
8.017869652837029903e+00
8.037521294143004980e+00
8.057172935448976503e+00
8.076824576754949803e+00
8.096476218060923102e+00
8.116127859366896402e+00
8.135779500672869702e+00
8.155431141978843002e+00
8.175082783284814525e+00
8.194734424590789601e+00
8.214386065896762901e+00
8.234037707202736200e+00
8.253689348508707724e+00
8.273340989814679247e+00
8.292992631120654323e+00
8.312644272426629399e+00
8.332295913732600923e+00
8.351947555038572446e+00
8.371599196344545746e+00
8.391250837650519045e+00
8.410902478956494122e+00
8.430554120262465645e+00
8.450205761568438945e+00
8.469857402874412244e+00
8.489509044180385544e+00
8.509160685486358844e+00
8.528812326792332144e+00
8.548463968098303667e+00
8.568115609404278743e+00
8.587767250710252043e+00
8.607418892016225342e+00
8.627070533322196866e+00
8.646722174628168389e+00
8.666373815934143465e+00
8.686025457240118541e+00
8.705677098546090065e+00
8.725328739852061588e+00
8.744980381158034888e+00
8.764632022464008188e+00
8.784283663769983264e+00
8.803935305075954787e+00
8.823586946381928087e+00
8.843238587687901386e+00
8.862890228993876462e+00
8.882541870299847986e+00
8.902193511605821286e+00
8.921845152911792809e+00
8.941496794217767885e+00
8.961148435523741185e+00
8.980800076829714484e+00
9.000451718135686008e+00
9.020103359441657531e+00
9.039755000747632607e+00
9.059406642053607683e+00
9.079058283359579207e+00
9.098709924665550730e+00
9.118361565971525806e+00
9.138013207277497330e+00
9.157664848583472406e+00
9.177316489889443929e+00
9.196968131195417229e+00
9.216619772501390528e+00
9.236271413807365604e+00
9.255923055113337128e+00
9.275574696419310428e+00
9.295226337725281951e+00
9.314877979031257027e+00
9.334529620337230327e+00
9.354181261643203626e+00
9.373832902949175150e+00
9.393484544255146673e+00
9.413136185561121749e+00
9.432787826867096825e+00
9.452439468173068349e+00
9.472091109479039872e+00
9.491742750785014948e+00
9.511394392090986472e+00
9.531046033396961548e+00
9.550697674702933071e+00
9.570349316008906371e+00
9.590000957314879670e+00
9.609652598620854747e+00
9.629304239926826270e+00
9.648955881232799570e+00
9.668607522538771093e+00
9.688259163844746169e+00
9.707910805150719469e+00
9.727562446456692768e+00
9.747214087762664292e+00
9.766865729068637592e+00
9.786517370374610891e+00
9.806169011680585967e+00
9.825820652986557491e+00
9.845472294292529014e+00
9.865123935598504090e+00
9.884775576904475614e+00
9.904427218210450690e+00
9.924078859516422213e+00
9.943730500822395513e+00
9.963382142128368812e+00
9.983033783434343889e+00
1.000268542474031541e+01
1.002233706604628871e+01
1.004198870735226201e+01
1.006164034865823531e+01
1.008129198996420683e+01
1.010094363127018191e+01
1.012059527257615343e+01
1.014024691388212851e+01
1.015989855518810003e+01
1.017955019649407511e+01
1.019920183780004663e+01
1.021885347910601816e+01
1.023850512041199323e+01
1.025815676171796476e+01
1.027780840302393983e+01
1.029746004432991136e+01
1.031711168563588465e+01
1.033676332694185795e+01
1.035641496824783125e+01
1.037606660955380455e+01
1.039571825085977785e+01
1.041536989216575115e+01
1.043502153347172445e+01
1.045467317477769598e+01
1.047432481608367105e+01
1.049397645738964258e+01
1.051362809869561765e+01
1.053327974000158918e+01
1.055293138130756425e+01
1.057258302261353577e+01
1.059223466391950730e+01
1.061188630522548237e+01
1.063153794653145390e+01
1.065118958783742897e+01
1.067084122914340050e+01
1.069049287044937557e+01
1.071014451175534710e+01
1.072979615306132040e+01
1.074944779436729370e+01
1.076909943567326700e+01
1.078875107697924030e+01
1.080840271828521360e+01
1.082805435959118512e+01
1.084770600089716019e+01
1.086735764220313172e+01
1.088700928350910679e+01
1.090666092481507832e+01
1.092631256612105339e+01
1.094596420742702492e+01
1.096561584873299644e+01
1.098526749003897152e+01
1.100491913134494304e+01
1.102457077265091812e+01
1.104422241395688964e+01
1.106387405526286472e+01
1.108352569656883624e+01
1.110317733787480954e+01
1.112282897918078284e+01
1.114248062048675614e+01
1.116213226179272944e+01
1.118178390309870274e+01
1.120143554440467426e+01
1.122108718571064934e+01
1.124073882701662086e+01
1.126039046832259594e+01
1.128004210962856746e+01
1.129969375093454254e+01
1.131934539224051406e+01
1.133899703354648558e+01
1.135864867485246066e+01
1.137830031615843218e+01
1.139795195746440726e+01
1.141760359877037878e+01
1.143725524007635386e+01
1.145690688138232538e+01
1.147655852268829868e+01
1.149621016399427198e+01
1.151586180530024528e+01
1.153551344660621858e+01
1.155516508791219188e+01
1.157481672921816340e+01
1.159446837052413848e+01
1.161412001183011000e+01
1.163377165313608508e+01
1.165342329444205660e+01
1.167307493574803168e+01
1.169272657705400320e+01
1.171237821835997650e+01
1.173202985966594980e+01
1.175168150097192132e+01
1.177133314227789640e+01
1.179098478358386792e+01
1.181063642488984300e+01
1.183028806619581452e+01
1.184993970750178782e+01
1.186959134880776112e+01
1.188924299011373442e+01
1.190889463141970772e+01
1.192854627272568102e+01
1.194819791403165254e+01
1.196784955533762762e+01
1.198750119664359914e+01
1.200715283794957422e+01
1.202680447925554574e+01
1.204645612056152082e+01
1.206610776186749234e+01
1.208575940317346564e+01
1.210541104447943894e+01
1.212506268578541047e+01
1.214471432709138554e+01
1.216436596839735707e+01
1.218401760970333214e+01
1.220366925100930366e+01
1.222332089231527696e+01
1.224297253362125026e+01
1.226262417492722356e+01
1.228227581623319686e+01
1.230192745753917016e+01
1.232157909884514346e+01
1.234123074015111676e+01
1.236088238145708829e+01
1.238053402276306336e+01
1.240018566406903489e+01
1.241983730537500996e+01
1.243948894668098148e+01
1.245914058798695478e+01
1.247879222929292808e+01
1.249844387059890138e+01
1.251809551190487468e+01
1.253774715321084621e+01
1.255739879451682128e+01
1.257705043582279281e+01
1.259670207712876611e+01
1.261635371843473941e+01
1.263600535974071271e+01
1.265565700104668601e+01
1.267530864235265931e+01
1.269496028365863260e+01
1.271461192496460590e+01
1.273426356627057743e+01
1.275391520757655250e+01
1.277356684888252403e+01
1.279321849018849910e+01
1.281287013149447063e+01
1.283252177280044393e+01
1.285217341410641723e+01
1.287182505541239053e+01
1.289147669671836383e+01
1.291112833802433535e+01
1.293077997933031043e+01
1.295043162063628195e+01
1.297008326194225525e+01
1.298973490324822855e+01
1.300938654455420185e+01
1.302903818586017515e+01
1.304868982716614845e+01
1.306834146847212175e+01
1.308799310977809505e+01
1.310764475108406657e+01
1.312729639239004165e+01
1.314694803369601317e+01
1.316659967500198825e+01
1.318625131630795977e+01
1.320590295761393484e+01
1.322555459891990637e+01
1.324520624022587967e+01
1.326485788153185297e+01
1.328450952283782449e+01
1.330416116414379779e+01
1.332381280544976931e+01
1.334346444675574261e+01
1.336311608806171769e+01
1.338276772936769099e+01
1.340241937067366784e+01
1.342207101197963937e+01
1.344172265328561089e+01
1.346137429459158419e+01
1.348102593589755571e+01
1.350067757720352901e+01
1.352032921850950054e+01
1.353998085981547739e+01
1.355963250112144891e+01
1.357928414242742576e+01
1.359893578373339729e+01
1.361858742503937059e+01
1.363823906634534211e+01
1.365789070765131541e+01
1.367754234895728693e+01
1.369719399026325846e+01
1.371684563156923176e+01
1.373649727287520683e+01
1.375614891418118013e+01
1.377580055548715698e+01
1.379545219679312851e+01
1.381510383809910003e+01
1.383475547940507333e+01
1.385440712071104485e+01
1.387405876201701815e+01
1.389371040332298968e+01
1.391336204462896653e+01
1.393301368593493805e+01
1.395266532724091491e+01
1.397231696854688643e+01
1.399196860985285973e+01
1.401162025115883125e+01
1.403127189246480455e+01
1.405092353377077607e+01
1.407057517507674760e+01
1.409022681638272090e+01
1.410987845768869597e+01
1.412953009899466927e+01
1.414918174030064613e+01
1.416883338160661765e+01
1.418848502291258917e+01
1.420813666421856247e+01
1.422778830552453400e+01
1.424743994683050730e+01
1.426709158813647882e+01
1.428674322944245567e+01
1.430639487074842719e+01
1.432604651205440405e+01
1.434569815336037557e+01
1.436534979466634887e+01
1.438500143597232039e+01
1.440465307727829369e+01
1.442430471858426522e+01
1.444395635989023674e+01
1.446360800119621004e+01
1.448325964250218512e+01
1.450291128380815842e+01
1.452256292511413527e+01
1.454221456642010679e+01
1.456186620772607831e+01
1.458151784903205161e+01
1.460116949033802314e+01
1.462082113164399644e+01
1.464047277294996796e+01
1.466012441425594481e+01
1.467977605556191634e+01
1.469942769686789319e+01
1.471907933817386471e+01
1.473873097947983801e+01
1.475838262078580954e+01
1.477803426209178284e+01
1.479768590339775436e+01
1.481733754470372588e+01
1.483698918600970273e+01
1.485664082731567426e+01
1.487629246862164756e+01
1.489594410992762441e+01
1.491559575123359593e+01
1.493524739253956746e+01
1.495489903384554076e+01
1.497455067515151228e+01
1.499420231645748558e+01
1.501385395776345710e+01
1.503350559906943396e+01
1.505315724037540548e+01
1.507280888168138233e+01
1.509246052298735385e+01
1.511211216429332715e+01
1.513176380559929868e+01
1.515141544690527198e+01
1.517106708821124350e+01
1.519071872951721502e+01
1.521037037082319188e+01
1.523002201212916518e+01
1.524967365343513670e+01
1.526932529474111355e+01
1.528897693604708508e+01
1.530862857735305660e+01
1.532828021865902990e+01
1.534793185996500142e+01
1.536758350127097472e+01
1.538723514257694625e+01
1.540688678388292310e+01
1.542653842518889462e+01
1.544619006649487147e+01
1.546584170780084300e+01
1.548549334910681630e+01
1.550514499041278782e+01
1.552479663171876112e+01
1.554444827302473264e+01
1.556409991433070417e+01
1.558375155563668102e+01
1.560340319694265432e+01
1.562305483824862584e+01
1.564270647955460269e+01
1.566235812086057422e+01
1.568200976216654574e+01
1.570166140347251904e+01
1.572131304477849056e+01
1.574096468608446386e+01
1.576061632739043539e+01
1.578026796869641224e+01
1.579991961000238376e+01
1.581957125130836062e+01
1.583922289261433214e+01
1.585887453392030544e+01
1.587852617522627696e+01
1.589817781653225026e+01
1.591782945783822178e+01
1.593748109914419331e+01
1.595713274045017016e+01
1.597678438175614346e+01
1.599643602306211498e+01
1.601608766436809006e+01
1.603573930567406336e+01
1.605539094698003666e+01
1.607504258828600641e+01
1.609469422959197971e+01
1.611434587089795301e+01
1.613399751220392275e+01
1.615364915350989961e+01
1.617330079481587291e+01
1.619295243612184976e+01
1.621260407742782306e+01
1.623225571873379280e+01
1.625190736003976610e+01
1.627155900134573940e+01
1.629121064265170915e+01
1.631086228395768245e+01
1.633051392526365930e+01
1.635016556656963260e+01
1.636981720787560235e+01
1.638946884918157920e+01
1.640912049048755250e+01
1.642877213179352580e+01
1.644842377309949555e+01
1.646807541440546885e+01
1.648772705571144215e+01
1.650737869701741189e+01
1.652703033832338875e+01
1.654668197962936205e+01
1.656633362093533890e+01
1.658598526224131220e+01
1.660563690354728195e+01
1.662528854485325525e+01
1.664494018615922855e+01
1.666459182746519829e+01
1.668424346877117159e+01
1.670389511007714844e+01
1.672354675138312174e+01
1.674319839268909149e+01
1.676285003399506834e+01
1.678250167530104164e+01
1.680215331660701494e+01
1.682180495791298469e+01
1.684145659921895799e+01
1.686110824052493129e+01
1.688075988183090104e+01
1.690041152313687789e+01
1.692006316444285119e+01
1.693971480574882804e+01
1.695936644705480134e+01
1.697901808836077109e+01
1.699866972966674439e+01
1.701832137097271769e+01
1.703797301227868743e+01
1.705762465358466073e+01
1.707727629489063759e+01
1.709692793619661089e+01
1.711657957750258063e+01
1.713623121880855749e+01
1.715588286011453079e+01
1.717553450142050409e+01
1.719518614272647383e+01
1.721483778403244713e+01
1.723448942533842043e+01
1.725414106664439018e+01
1.727379270795036703e+01
1.729344434925634033e+01
1.731309599056231718e+01
1.733274763186829048e+01
1.735239927317426023e+01
1.737205091448023353e+01
1.739170255578620683e+01
1.741135419709217658e+01
1.743100583839814988e+01
1.745065747970412673e+01
1.747030912101010003e+01
1.748996076231606978e+01
1.750961240362204663e+01
1.752926404492801993e+01
1.754891568623399323e+01
1.756856732753996297e+01
1.758821896884593627e+01
1.760787061015190957e+01
1.762752225145787932e+01
1.764717389276385617e+01
1.766682553406982947e+01
1.768647717537580633e+01
1.770612881668177963e+01
1.772578045798774937e+01
1.774543209929372267e+01
1.776508374059969597e+01
1.778473538190566572e+01
1.780438702321163902e+01
1.782403866451761587e+01
1.784369030582358917e+01
1.786334194712955892e+01
1.788299358843553577e+01
1.790264522974150907e+01
1.792229687104748237e+01
1.794194851235345212e+01
1.796160015365942542e+01
1.798125179496539872e+01
1.800090343627136846e+01
1.802055507757734532e+01
1.804020671888331862e+01
1.805985836018929547e+01
1.807951000149526877e+01
1.809916164280123851e+01
1.811881328410721181e+01
1.813846492541318511e+01
1.815811656671915486e+01
1.817776820802512816e+01
1.819741984933110501e+01
1.821707149063707831e+01
1.823672313194305517e+01
1.825637477324902491e+01
1.827602641455499821e+01
1.829567805586097151e+01
1.831532969716694126e+01
1.833498133847291456e+01
1.835463297977888786e+01
1.837428462108485760e+01
1.839393626239083446e+01
1.841358790369680776e+01
1.843323954500278461e+01
1.845289118630875791e+01
1.847254282761472766e+01
1.849219446892070096e+01
1.851184611022667426e+01
1.853149775153264400e+01
1.855114939283861730e+01
1.857080103414459415e+01
1.859045267545056745e+01
1.861010431675654431e+01
1.862975595806251405e+01
1.864940759936848735e+01
1.866905924067446065e+01
1.868871088198043040e+01
1.870836252328640370e+01
1.872801416459237700e+01
1.874766580589835030e+01
1.876731744720432360e+01
1.878696908851029690e+01
1.880662072981627375e+01
1.882627237112224705e+01
1.884592401242821680e+01
1.886557565373419010e+01
1.888522729504016340e+01
1.890487893634613314e+01
1.892453057765210644e+01
1.894418221895808330e+01
1.896383386026405660e+01
1.898348550157003345e+01
1.900313714287600320e+01
1.902278878418197650e+01
1.904244042548794980e+01
1.906209206679391954e+01
1.908174370809989284e+01
1.910139534940586614e+01
1.912104699071183944e+01
1.914069863201781274e+01
1.916035027332378604e+01
1.918000191462976289e+01
1.919965355593573619e+01
1.921930519724170594e+01
1.923895683854767924e+01
1.925860847985365254e+01
1.927826012115962229e+01
1.929791176246559559e+01
1.931756340377157244e+01
1.933721504507754574e+01
1.935686668638352259e+01
1.937651832768949234e+01
1.939616996899546564e+01
1.941582161030143894e+01
1.943547325160740868e+01
1.945512489291338198e+01
1.947477653421935528e+01
1.949442817552532858e+01
1.951407981683130188e+01
1.953373145813727518e+01
1.955338309944325204e+01
1.957303474074922534e+01
1.959268638205519508e+01
1.961233802336116838e+01
1.963198966466714168e+01
