0.000000000000000000e+00
1.821607650104153237e-02
3.643215300208306473e-02
5.464822950312460403e-02
7.286430600416510250e-02
9.108038250520664181e-02
1.092964590062481811e-01
1.275125355072897204e-01
1.457286120083312320e-01
1.639446885093727713e-01
1.821607650104132836e-01
2.003768415114548229e-01
2.185929180124963622e-01
2.368089945135378738e-01
2.550250710145794408e-01
2.732411475156209524e-01
2.914572240166614647e-01
3.096733005177029763e-01
3.278893770187445433e-01
3.461054535197860549e-01
3.643215300208275664e-01
3.825376065218691335e-01
4.007536830229106450e-01
4.189697595239511574e-01
4.371858360249927244e-01
4.554019125260342360e-01
4.736179890270757475e-01
4.918340655281173146e-01
5.100501420291577714e-01
5.282662185301993940e-01
5.464822950312409056e-01
5.646983715322824171e-01
5.829144480333239287e-01
6.011305245343654402e-01
6.193466010354070628e-01
6.375626775364474641e-01
6.557787540374890867e-01
6.739948305385305982e-01
6.922109070395721098e-01
7.104269835406136213e-01
7.286430600416551329e-01
7.468591365426956452e-01
7.650752130437372678e-01
7.832912895447787793e-01
8.015073660458202909e-01
8.197234425468618024e-01
8.379395190479033140e-01
8.561555955489438263e-01
8.743716720499854489e-01
8.925877485510269604e-01
9.108038250520684720e-01
9.290199015531099835e-01
9.472359780541514951e-01
9.654520545551931177e-01
9.836681310562335190e-01
1.001884207557275142e+00
1.020100284058316653e+00
1.038316360559358165e+00
1.056532437060399676e+00
1.074748513561440300e+00
1.092964590062481811e+00
1.111180666563523323e+00
1.129396743064564834e+00
1.147612819565606346e+00
1.165828896066647857e+00
1.184044972567689369e+00
1.202261049068729992e+00
1.220477125569771504e+00
1.238693202070813015e+00
1.256909278571854527e+00
1.275125355072896038e+00
1.293341431573937550e+00
1.311557508074979062e+00
1.329773584576019685e+00
1.347989661077061196e+00
1.366205737578102708e+00
1.384421814079144220e+00
1.402637890580185731e+00
1.420853967081226354e+00
1.439070043582267866e+00
1.457286120083309378e+00
1.475502196584350889e+00
1.493718273085392401e+00
1.511934349586433912e+00
1.530150426087475424e+00
1.548366502588516047e+00
1.566582579089557559e+00
1.584798655590599070e+00
1.603014732091640582e+00
1.621230808592682093e+00
1.639446885093722717e+00
1.657662961594765116e+00
1.675879038095805740e+00
1.694095114596847251e+00
1.712311191097888763e+00
1.730527267598930274e+00
1.748743344099971786e+00
1.766959420601012409e+00
1.785175497102053921e+00
1.803391573603095432e+00
1.821607650104136944e+00
1.839823726605178456e+00
1.858039803106219967e+00
1.876255879607261479e+00
1.894471956108302102e+00
1.912688032609343614e+00
1.930904109110385125e+00
1.949120185611426637e+00
1.967336262112468148e+00
1.985552338613508772e+00
2.003768415114551171e+00
2.021984491615591573e+00
2.040200568116633306e+00
2.058416644617674596e+00
2.076632721118716329e+00
2.094848797619758063e+00
2.113064874120798464e+00
2.131280950621839754e+00
2.149497027122881487e+00
2.167713103623922777e+00
2.185929180124964510e+00
2.204145256626004912e+00
2.222361333127047534e+00
2.240577409628087935e+00
2.258793486129129668e+00
2.277009562630170958e+00
2.295225639131212692e+00
2.313441715632254425e+00
2.331657792133294826e+00
2.349873868634337448e+00
2.368089945135377850e+00
2.386306021636419139e+00
2.404522098137460873e+00
2.422738174638501274e+00
2.440954251139543896e+00
2.459170327640584297e+00
2.477386404141626031e+00
2.495602480642667320e+00
2.513818557143709054e+00
2.532034633644750787e+00
2.550250710145791189e+00
2.568466786646833810e+00
2.586682863147874212e+00
2.604898939648915501e+00
2.623115016149957235e+00
2.641331092650998968e+00
2.659547169152040258e+00
2.677763245653080659e+00
2.695979322154123281e+00
2.714195398655163682e+00
2.732411475156205416e+00
2.750627551657247150e+00
2.768843628158287551e+00
2.787059704659330173e+00
2.805275781160370574e+00
2.823491857661411863e+00
2.841707934162453597e+00
2.859924010663495331e+00
2.878140087164536620e+00
2.896356163665577022e+00
2.914572240166619643e+00
2.932788316667660045e+00
2.951004393168701778e+00
2.969220469669743068e+00
2.987436546170783913e+00
3.005652622671826535e+00
3.023868699172866936e+00
3.042084775673909558e+00
3.060300852174949959e+00
3.078516928675991249e+00
3.096733005177032982e+00
3.114949081678073384e+00
3.133165158179116005e+00
3.151381234680156407e+00
3.169597311181198140e+00
3.187813387682239430e+00
3.206029464183281164e+00
3.224245540684322897e+00
3.242461617185363298e+00
3.260677693686405920e+00
3.278893770187446322e+00
3.297109846688488943e+00
3.315325923189529345e+00
3.333541999690569746e+00
3.351758076191612368e+00
3.369974152692652769e+00
3.388190229193695391e+00
3.406406305694735792e+00
3.424622382195776638e+00
3.442838458696819259e+00
3.461054535197859661e+00
3.479270611698902282e+00
3.497486688199942684e+00
3.515702764700983085e+00
3.533918841202025707e+00
3.552134917703068329e+00
3.570350994204108730e+00
3.588567070705149131e+00
3.606783147206191753e+00
3.624999223707232154e+00
3.643215300208274776e+00
3.661431376709315622e+00
3.679647453210356023e+00
3.697863529711398645e+00
3.716079606212439046e+00
3.734295682713481668e+00
3.752511759214522069e+00
3.770727835715562470e+00
3.788943912216605092e+00
3.807159988717645493e+00
3.825376065218688115e+00
3.843592141719728517e+00
3.861808218220769362e+00
3.880024294721811540e+00
3.898240371222852385e+00
3.916456447723895007e+00
3.934672524224935408e+00
3.952888600725975810e+00
3.971104677227018431e+00
3.989320753728061053e+00
4.007536830229101454e+00
4.025752906730142300e+00
4.043968983231184922e+00
4.062185059732224879e+00
4.080401136233267501e+00
4.098617212734308346e+00
4.116833289235348303e+00
4.135049365736390925e+00
4.153265442237431770e+00
4.171481518738474392e+00
4.189697595239514349e+00
4.207913671740555195e+00
4.226129748241597817e+00
4.244345824742638662e+00
4.262561901243681284e+00
4.280777977744721241e+00
4.298994054245762086e+00
4.317210130746804708e+00
4.335426207247847330e+00
4.353642283748887287e+00
4.371858360249928133e+00
4.390074436750970754e+00
4.408290513252010712e+00
4.426506589753053333e+00
4.444722666254094179e+00
4.462938742755135024e+00
4.481154819256177646e+00
4.499370895757217603e+00
4.517586972258260225e+00
4.535803048759301070e+00
4.554019125260341028e+00
4.572235201761383649e+00
4.590451278262424495e+00
4.608667354763467117e+00
4.626883431264507074e+00
4.645099507765547919e+00
4.663315584266590541e+00
4.681531660767633163e+00
4.699747737268674008e+00
4.717963813769713965e+00
4.736179890270754811e+00
4.754395966771797433e+00
4.772612043272840054e+00
4.790828119773880012e+00
4.809044196274920857e+00
4.827260272775963479e+00
4.845476349277003436e+00
4.863692425778046058e+00
4.881908502279086903e+00
4.900124578780127749e+00
4.918340655281169482e+00
4.936556731782212104e+00
4.954772808283252949e+00
4.972988884784293795e+00
4.991204961285333752e+00
5.009421037786376374e+00
5.027637114287418996e+00
5.045853190788459841e+00
5.064069267289499798e+00
5.082285343790540644e+00
5.100501420291583266e+00
5.118717496792625887e+00
5.136933573293665845e+00
5.155149649794706690e+00
5.173365726295749312e+00
5.191581802796790157e+00
5.209797879297832779e+00
5.228013955798872736e+00
5.246230032299913582e+00
5.264446108800956203e+00
5.282662185301998825e+00
5.300878261803038782e+00
5.319094338304079628e+00
5.337310414805120473e+00
5.355526491306162207e+00
5.373742567807204829e+00
5.391958644308245674e+00
5.410174720809286519e+00
5.428390797310326477e+00
5.446606873811369098e+00
5.464822950312411720e+00
5.483039026813452566e+00
5.501255103314492523e+00
5.519471179815533368e+00
5.537687256316575990e+00
5.555903332817618612e+00
5.574119409318658569e+00
5.592335485819699414e+00
5.610551562320742036e+00
5.628767638821784658e+00
5.646983715322825503e+00
5.665199791823865461e+00
5.683415868324906306e+00
5.701631944825948928e+00
5.719848021326991550e+00
5.738064097828031507e+00
5.756280174329072352e+00
5.774496250830113198e+00
5.792712327331154931e+00
5.810928403832197553e+00
5.829144480333238398e+00
5.847360556834279244e+00
5.865576633335319201e+00
5.883792709836361823e+00
5.902008786337404445e+00
5.920224862838445290e+00
5.938440939339485247e+00
5.956657015840527869e+00
5.974873092341568714e+00
5.993089168842611336e+00
6.011305245343651293e+00
6.029521321844692139e+00
6.047737398345734761e+00
6.065953474846777382e+00
6.084169551347818228e+00
6.102385627848858185e+00
6.120601704349899030e+00
6.138817780850941652e+00
6.157033857351984274e+00
6.175249933853024231e+00
6.193466010354065077e+00
6.211682086855105034e+00
6.229898163356147656e+00
6.248114239857190277e+00
6.266330316358231123e+00
6.284546392859271968e+00
6.302762469360314590e+00
6.320978545861354547e+00
6.339194622362397169e+00
6.357410698863438014e+00
6.375626775364477972e+00
6.393842851865520593e+00
6.412058928366563215e+00
6.430275004867604061e+00
6.448491081368644018e+00
6.466707157869684863e+00
6.484923234370727485e+00
6.503139310871770107e+00
6.521355387372810952e+00
6.539571463873850909e+00
6.557787540374891755e+00
6.576003616875934377e+00
6.594219693376976998e+00
6.612435769878016956e+00
6.630651846379057801e+00
6.648867922880100423e+00
6.667083999381140380e+00
6.685300075882183002e+00
6.703516152383223847e+00
6.721732228884264693e+00
6.739948305385306426e+00
6.758164381886349048e+00
6.776380458387389893e+00
6.794596534888430739e+00
6.812812611389470696e+00
6.831028687890513318e+00
6.849244764391555940e+00
6.867460840892596785e+00
6.885676917393636742e+00
6.903892993894677588e+00
6.922109070395720209e+00
6.940325146896762831e+00
6.958541223397802788e+00
6.976757299898843634e+00
6.994973376399884479e+00
7.013189452900927101e+00
7.031405529401969723e+00
7.049621605903009680e+00
7.067837682404050526e+00
7.086053758905093147e+00
7.104269835406135769e+00
7.122485911907175726e+00
7.140701988408216572e+00
7.158918064909257417e+00
7.177134141410299151e+00
7.195350217911341772e+00
7.213566294412382618e+00
7.231782370913423463e+00
7.249998447414463421e+00
7.268214523915506042e+00
7.286430600416548664e+00
7.304646676917589510e+00
7.322862753418629467e+00
7.341078829919670312e+00
7.359294906420712934e+00
7.377510982921755556e+00
7.395727059422795513e+00
7.413943135923836358e+00
7.432159212424878980e+00
7.450375288925919826e+00
7.468591365426962447e+00
7.486807441928002405e+00
7.505023518429043250e+00
7.523239594930085872e+00
7.541455671431128494e+00
7.559671747932168451e+00
7.577887824433209296e+00
7.596103900934249253e+00
7.614319977435291875e+00
7.632536053936334497e+00
7.650752130437375342e+00
7.668968206938416188e+00
7.687184283439456145e+00
7.705400359940498767e+00
7.723616436441541389e+00
7.741832512942582234e+00
7.760048589443622191e+00
7.778264665944664813e+00
7.796480742445705658e+00
7.814696818946748280e+00
7.832912895447788237e+00
7.851128971948829083e+00
7.869345048449871705e+00
7.887561124950914326e+00
7.905777201451955172e+00
7.923993277952995129e+00
7.942209354454035974e+00
7.960425430955078596e+00
7.978641507456121218e+00
7.996857583957161175e+00
8.015073660458201132e+00
8.033289736959241978e+00
8.051505813460284600e+00
8.069721889961327221e+00
8.087937966462368067e+00
8.106154042963408912e+00
8.124370119464451534e+00
8.142586195965492379e+00
8.160802272466535001e+00
8.179018348967574070e+00
8.197234425468614916e+00
8.215450501969657537e+00
8.233666578470700159e+00
8.251882654971741005e+00
8.270098731472781850e+00
8.288314807973822695e+00
8.306530884474863541e+00
8.324746960975906163e+00
8.342963037476947008e+00
8.361179113977987853e+00
8.379395190479028699e+00
8.397611266980071321e+00
8.415827343481113942e+00
8.434043419982154788e+00
8.452259496483193857e+00
8.470475572984236479e+00
8.488691649485277324e+00
8.506907725986319946e+00
8.525123802487360791e+00
8.543339878988401637e+00
8.561555955489444258e+00
8.579772031990486880e+00
8.597988108491527726e+00
8.616204184992566795e+00
8.634420261493607640e+00
8.652636337994650262e+00
8.670852414495692884e+00
8.689068490996733729e+00
8.707284567497774574e+00
8.725500643998813644e+00
8.743716720499856265e+00
8.761932797000898887e+00
8.780148873501939732e+00
8.798364950002980578e+00
8.816581026504021423e+00
8.834797103005064045e+00
8.853013179506106667e+00
8.871229256007147512e+00
8.889445332508186581e+00
8.907661409009229203e+00
8.925877485510271825e+00
8.944093562011312670e+00
8.962309638512353516e+00
8.980525715013394361e+00
8.998741791514436983e+00
9.016957868015479605e+00
9.035173944516518674e+00
9.053390021017559519e+00
9.071606097518600365e+00
9.089822174019642986e+00
9.108038250520685608e+00
9.126254327021726453e+00
9.144470403522767299e+00
9.162686480023806368e+00
9.180902556524848990e+00
9.199118633025891612e+00
9.217334709526932457e+00
9.235550786027973302e+00
9.253766862529015924e+00
9.271982939030056770e+00
9.290199015531097615e+00
9.308415092032138460e+00
9.326631168533179306e+00
9.344847245034220151e+00
9.363063321535264549e+00
9.381279398036305395e+00
9.399495474537344464e+00
9.417711551038385309e+00
9.435927627539429707e+00
9.454143704040470553e+00
9.472359780541511398e+00
9.490575857042552244e+00
9.508791933543593089e+00
9.527008010044637487e+00
9.545224086545676556e+00
9.563440163046717402e+00
9.581656239547758247e+00
9.599872316048799092e+00
9.618088392549843491e+00
9.636304469050884336e+00
9.654520545551925181e+00
9.672736622052964250e+00
9.690952698554005096e+00
9.709168775055049494e+00
9.727384851556090339e+00
9.745600928057131185e+00
9.763817004558172030e+00
9.782033081059212876e+00
9.800249157560257274e+00
9.818465234061298119e+00
9.836681310562337188e+00
9.854897387063378034e+00
9.873113463564422432e+00
9.891329540065463277e+00
9.909545616566504123e+00
9.927761693067544968e+00
9.945977769568585813e+00
9.964193846069630212e+00
9.982409922570669281e+00
1.000062599907171013e+01
1.001884207557275097e+01
1.003705815207379182e+01
1.005527422857483621e+01
1.007349030507587706e+01
1.009170638157691791e+01
1.010992245807795697e+01
1.012813853457899782e+01
1.014635461108004222e+01
1.016457068758108306e+01
1.018278676408212391e+01
1.020100284058316475e+01
1.021921891708420915e+01
1.023743499358525000e+01
1.025565107008629084e+01
1.027386714658732991e+01
1.029208322308837076e+01
1.031029929958941516e+01
1.032851537609045600e+01
1.034673145259149685e+01
1.036494752909253769e+01
1.038316360559357676e+01
1.040137968209462294e+01
1.041959575859566201e+01
1.043781183509670285e+01
1.045602791159774370e+01
1.047424398809878454e+01
1.049246006459982894e+01
1.051067614110086978e+01
1.052889221760191063e+01
1.054710829410294970e+01
1.056532437060399587e+01
1.058354044710503494e+01
1.060175652360607579e+01
1.061997260010711663e+01
1.063818867660815748e+01
1.065640475310920188e+01
1.067462082961024272e+01
1.069283690611128357e+01
1.071105298261232264e+01
1.072926905911336348e+01
1.074748513561440788e+01
1.076570121211544873e+01
1.078391728861648957e+01
1.080213336511753042e+01
1.082034944161856949e+01
1.083856551811961566e+01
1.085678159462065473e+01
1.087499767112169557e+01
1.089321374762273642e+01
1.091142982412378082e+01
1.092964590062482166e+01
1.094786197712586251e+01
1.096607805362690335e+01
1.098429413012794242e+01
1.100251020662898860e+01
1.102072628313002767e+01
1.103894235963106851e+01
1.105715843613210936e+01
1.107537451263315020e+01
1.109359058913419460e+01
1.111180666563523545e+01
1.113002274213627452e+01
1.114823881863731536e+01
1.116645489513835621e+01
1.118467097163940061e+01
1.120288704814044145e+01
1.122110312464148230e+01
1.123931920114252314e+01
1.125753527764356754e+01
1.127575135414460838e+01
1.129396743064564745e+01
1.131218350714668830e+01
1.133039958364772914e+01
1.134861566014877354e+01
1.136683173664981439e+01
1.138504781315085523e+01
1.140326388965189608e+01
1.142147996615293515e+01
1.143969604265398132e+01
1.145791211915502039e+01
1.147612819565606124e+01
1.149434427215710208e+01
1.151256034865814293e+01
1.153077642515918733e+01
1.154899250166022817e+01
1.156720857816126724e+01
1.158542465466230809e+01
1.160364073116334893e+01
1.162185680766439333e+01
1.164007288416543417e+01
1.165828896066647502e+01
1.167650503716751587e+01
1.169472111366856026e+01
1.171293719016960111e+01
1.173115326667064018e+01
1.174936934317168102e+01
1.176758541967272187e+01
1.178580149617376627e+01
1.180401757267480711e+01
1.182223364917584796e+01
1.184044972567688880e+01
1.185866580217792787e+01
1.187688187867897227e+01
1.189509795518001312e+01
1.191331403168105396e+01
1.193153010818209481e+01
1.194974618468313565e+01
1.196796226118418005e+01
1.198617833768522090e+01
1.200439441418625997e+01
1.202261049068730081e+01
1.204082656718834521e+01
1.205904264368938605e+01
1.207725872019042690e+01
1.209547479669146774e+01
1.211369087319250859e+01
1.213190694969355299e+01
1.215012302619459383e+01
1.216833910269563290e+01
1.218655517919667375e+01
1.220477125569771459e+01
1.222298733219875899e+01
1.224120340869979984e+01
1.225941948520084068e+01
1.227763556170188153e+01
1.229585163820292060e+01
1.231406771470396500e+01
1.233228379120500584e+01
1.235049986770604669e+01
1.236871594420708753e+01
1.238693202070813193e+01
1.240514809720917278e+01
1.242336417371021362e+01
1.244158025021125269e+01
1.245979632671229353e+01
1.247801240321333793e+01
1.249622847971437878e+01
1.251444455621541962e+01
1.253266063271646047e+01
1.255087670921750131e+01
1.256909278571854571e+01
1.258730886221958656e+01
1.260552493872062563e+01
1.262374101522166647e+01
1.264195709172270732e+01
1.266017316822375172e+01
1.267838924472479256e+01
1.269660532122583341e+01
1.271482139772687425e+01
1.273303747422791865e+01
1.275125355072895772e+01
1.276946962722999857e+01
1.278768570373103941e+01
1.280590178023208026e+01
1.282411785673312465e+01
1.284233393323416550e+01
1.286055000973520634e+01
1.287876608623624541e+01
1.289698216273728626e+01
1.291519823923833066e+01
1.293341431573937150e+01
1.295163039224041235e+01
1.296984646874145319e+01
1.298806254524249404e+01
1.300627862174353844e+01
1.302449469824457928e+01
1.304271077474561835e+01
1.306092685124665920e+01
1.307914292774770360e+01
1.309735900424874444e+01
1.311557508074978529e+01
1.313379115725082613e+01
1.315200723375186698e+01
1.317022331025291138e+01
1.318843938675395044e+01
1.320665546325499129e+01
1.322487153975603213e+01
1.324308761625707298e+01
1.326130369275811738e+01
1.327951976925915822e+01
1.329773584576019907e+01
1.331595192226123814e+01
1.333416799876227898e+01
1.335238407526332338e+01
1.337060015176436423e+01
1.338881622826540507e+01
1.340703230476644592e+01
1.342524838126748676e+01
1.344346445776853116e+01
1.346168053426957201e+01
1.347989661077061108e+01
1.349811268727165192e+01
1.351632876377269632e+01
1.353454484027373717e+01
1.355276091677477801e+01
1.357097699327581886e+01
1.358919306977685793e+01
1.360740914627790410e+01
1.362562522277894317e+01
1.364384129927998401e+01
1.366205737578102486e+01
1.368027345228206570e+01
1.369848952878311010e+01
1.371670560528415095e+01
1.373492168178519179e+01
1.375313775828623086e+01
1.377135383478727171e+01
1.378956991128831611e+01
1.380778598778935695e+01
1.382600206429039780e+01
1.384421814079143864e+01
1.386243421729248304e+01
1.388065029379352389e+01
1.389886637029456473e+01
1.391708244679560380e+01
1.393529852329664465e+01
1.395351459979768904e+01
1.397173067629872989e+01
1.398994675279977074e+01
1.400816282930081158e+01
1.402637890580185065e+01
1.404459498230289682e+01
1.406281105880393589e+01
1.408102713530497674e+01
1.409924321180601758e+01
1.411745928830705843e+01
1.413567536480810283e+01
1.415389144130914367e+01
1.417210751781018452e+01
1.419032359431122359e+01
1.420853967081226976e+01
1.422675574731330883e+01
1.424497182381434968e+01
1.426318790031539052e+01
1.428140397681643137e+01
1.429962005331747577e+01
1.431783612981851661e+01
1.433605220631955568e+01
1.435426828282059653e+01
1.437248435932163737e+01
1.439070043582268177e+01
1.440891651232372261e+01
1.442713258882476346e+01
1.444534866532580430e+01
1.446356474182684337e+01
1.448178081832788955e+01
1.449999689482892862e+01
1.451821297132996946e+01
1.453642904783101031e+01
1.455464512433205471e+01
1.457286120083309555e+01
1.459107727733413640e+01
1.460929335383517724e+01
1.462750943033621631e+01
1.464572550683726249e+01
1.466394158333830156e+01
1.468215765983934240e+01
1.470037373634038325e+01
1.471858981284142409e+01
1.473680588934246849e+01
1.475502196584350934e+01
1.477323804234454840e+01
1.479145411884558925e+01
1.480967019534663009e+01
1.482788627184767449e+01
1.484610234834871534e+01
1.486431842484975618e+01
1.488253450135079703e+01
1.490075057785183610e+01
1.491896665435288227e+01
1.493718273085392134e+01
1.495539880735496219e+01
1.497361488385600303e+01
1.499183096035704743e+01
1.501004703685808828e+01
1.502826311335912912e+01
1.504647918986016997e+01
1.506469526636120904e+01
1.508291134286225343e+01
1.510112741936329428e+01
1.511934349586433513e+01
1.513755957236537597e+01
1.515577564886641682e+01
1.517399172536746121e+01
1.519220780186850206e+01
1.521042387836954113e+01
1.522863995487058197e+01
1.524685603137162282e+01
1.526507210787266722e+01
1.528328818437370806e+01
1.530150426087474891e+01
1.531972033737578975e+01
1.533793641387683415e+01
1.535615249037787500e+01
1.537436856687891407e+01
1.539258464337995491e+01
1.541080071988099576e+01
1.542901679638204016e+01
1.544723287288308100e+01
1.546544894938412185e+01
1.548366502588516269e+01
1.550188110238620176e+01
1.552009717888724616e+01
1.553831325538828700e+01
1.555652933188932785e+01
1.557474540839036869e+01
1.559296148489140954e+01
1.561117756139245394e+01
1.562939363789349478e+01
1.564760971439453385e+01
1.566582579089557470e+01
1.568404186739661910e+01
1.570225794389765994e+01
1.572047402039870079e+01
1.573869009689974163e+01
1.575690617340078248e+01
1.577512224990182688e+01
1.579333832640286772e+01
1.581155440290390679e+01
1.582977047940494764e+01
1.584798655590598848e+01
1.586620263240703288e+01
1.588441870890807373e+01
1.590263478540911457e+01
1.592085086191015542e+01
1.593906693841119449e+01
1.595728301491223888e+01
1.597549909141327973e+01
1.599371516791432057e+01
1.601193124441536142e+01
1.603014732091640582e+01
1.604836339741744666e+01
1.606657947391848751e+01
1.608479555041952835e+01
1.610301162692056920e+01
1.612122770342161360e+01
1.613944377992265444e+01
1.615765985642369174e+01
1.617587593292473258e+01
1.619409200942577343e+01
1.621230808592681782e+01
1.623052416242785867e+01
1.624874023892889952e+01
1.626695631542994036e+01
1.628517239193098121e+01
1.630338846843202560e+01
1.632160454493306645e+01
1.633982062143410730e+01
1.635803669793514814e+01
1.637625277443619254e+01
1.639446885093723338e+01
1.641268492743827423e+01
1.643090100393931507e+01
1.644911708044035237e+01
1.646733315694139677e+01
1.648554923344243761e+01
1.650376530994347846e+01
1.652198138644451930e+01
1.654019746294556015e+01
1.655841353944660455e+01
1.657662961594764539e+01
1.659484569244868624e+01
1.661306176894972708e+01
1.663127784545076793e+01
1.664949392195181233e+01
1.666770999845285317e+01
1.668592607495389402e+01
1.670414215145493486e+01
1.672235822795597215e+01
1.674057430445702011e+01
1.675879038095805740e+01
1.677700645745909824e+01
1.679522253396013909e+01
1.681343861046118349e+01
1.683165468696222433e+01
1.684987076346326518e+01
1.686808683996430602e+01
1.688630291646534687e+01
1.690451899296639127e+01
1.692273506946743211e+01
1.694095114596847296e+01
1.695916722246951380e+01
1.697738329897055465e+01
1.699559937547159905e+01
1.701381545197263989e+01
1.703203152847367718e+01
1.705024760497471803e+01
1.706846368147575888e+01
1.708667975797680327e+01
1.710489583447784412e+01
1.712311191097888496e+01
1.714132798747992581e+01
1.715954406398097021e+01
1.717776014048201105e+01
1.719597621698305190e+01
1.721419229348409274e+01
1.723240836998513359e+01
1.725062444648617799e+01
1.726884052298721883e+01
1.728705659948825968e+01
1.730527267598930052e+01
1.732348875249033782e+01
1.734170482899138221e+01
1.735992090549242306e+01
1.737813698199346391e+01
1.739635305849450475e+01
1.741456913499554560e+01
1.743278521149658999e+01
1.745100128799763084e+01
1.746921736449867169e+01
1.748743344099971253e+01
1.750564951750075693e+01
1.752386559400179777e+01
1.754208167050283862e+01
1.756029774700387946e+01
1.757851382350492031e+01
1.759672990000596471e+01
1.761494597650700555e+01
1.763316205300804285e+01
1.765137812950908369e+01
1.766959420601012454e+01
1.768781028251116894e+01
1.770602635901220978e+01
1.772424243551325063e+01
1.774245851201429147e+01
1.776067458851533232e+01
1.777889066501637672e+01
1.779710674151741756e+01
1.781532281801845841e+01
1.783353889451949925e+01
1.785175497102054365e+01
1.786997104752158450e+01
1.788818712402262534e+01
1.790640320052366263e+01
1.792461927702470348e+01
1.794283535352574788e+01
1.796105143002678872e+01
1.797926750652782957e+01
1.799748358302887041e+01
1.801569965952991126e+01
1.803391573603095566e+01
1.805213181253199650e+01
1.807034788903303735e+01
1.808856396553407819e+01
1.810678004203511904e+01
1.812499611853616344e+01
1.814321219503720428e+01
1.816142827153824513e+01
1.817964434803928597e+01
1.819786042454033037e+01
