0.000000000000000000e+00
1.274412042084935895e-06
5.096691164574221820e-06
1.146396651107922386e-05
2.037145384977581049e-05
3.181245637422232779e-05
4.577836583129325863e-05
6.225866398305592811e-05
8.124092441124191829e-05
1.027108146747607005e-04
1.266520988329815052e-04
1.530466403488182935e-04
1.818744053884614883e-04
2.131134665348670984e-04
2.467400069353456482e-04
2.827283249054133316e-04
3.210508390109454878e-04
3.616780936549141077e-04
4.045787651947205222e-04
4.497196686191566855e-04
4.970657648137909515e-04
5.465801684476365510e-04
5.982241565133357766e-04
6.519571775552109776e-04
7.077368616217503353e-04
7.655190309783710054e-04
8.252577116203738778e-04
8.869051456250143326e-04
9.504118043828450185e-04
1.015726402752138930e-03
1.082795914176375119e-03
1.151565586812176552e-03
1.221978960708532342e-03
1.293977886085866981e-03
1.367502542759642826e-03
1.442491460755415114e-03
1.518881542162635453e-03
1.596608084275206616e-03
1.675604804066224435e-03
1.755803864046344247e-03
1.837135899553145454e-03
1.919530047519120821e-03
2.002913976771382790e-03
2.087213919903401806e-03
2.172354706775053452e-03
2.258259799683360203e-03
2.344851330252451915e-03
2.432050138089937325e-03
2.519775811255243244e-03
2.607946728584916666e-03
2.696480103916161063e-03
2.785292032259283762e-03
2.874297537949682246e-03
2.963410624830490822e-03
3.052544328497860341e-03
3.141610770648435233e-03
3.230521215565562883e-03
3.319186128777075386e-03
3.407515237915939403e-03
3.495417595815419366e-03
3.582801645865210747e-03
3.669575289652142122e-03
3.755645956911236177e-03
3.840920677804313382e-03
3.925306157547037850e-03
4.008708853391971388e-03
4.091035053990416982e-03
4.172190961125644450e-03
4.252082773839732655e-03
4.330616774942233453e-03
4.407699419902198247e-03
4.483237428125405946e-03
4.557137876595384121e-03
4.629308295872893407e-03
4.699656768436148019e-03
4.768092029336215565e-03
4.834523569145686601e-03
4.898861739171900785e-03
4.961017858893978366e-03
5.020904325592366081e-03
5.078434726121386703e-03
5.133523950782696577e-03
5.186088309238114438e-03
5.236045648413185059e-03
5.283315472323652645e-03
5.327819063755734330e-03
5.369479607731384233e-03
5.408222316678042152e-03
5.443974557219145687e-03
5.476665978500378298e-03
5.506228641952780160e-03
5.532597152397761286e-03
5.555708790389328119e-03
5.575503645682900258e-03
5.591924751714890708e-03
5.604918220976086787e-03
5.614433381150488178e-03
5.620422911890554304e-03
5.622842982090360715e-03
5.621653387521584160e-03
5.616817688676404609e-03
5.608303348676907038e-03
5.596081871085115643e-03
5.580128937458492082e-03
5.560424544482278283e-03
5.536953140508697399e-03
5.509703761325775336e-03
5.478670164980273087e-03
5.443850965463116649e-03
5.405249765077549048e-03
5.362875285289969186e-03
5.316741495870753141e-03
5.266867742124498736e-03
5.213278870007089817e-03
5.156005348917645607e-03
5.095083391962198192e-03
5.030555073470763250e-03
4.962468443555179826e-03
4.890877639488166485e-03
4.815842993682931811e-03
4.737431138055013015e-03
4.655715104535596699e-03
4.570774421519036360e-03
4.482695206013216117e-03
4.391570251267698510e-03
4.297499109654116280e-03
4.200588170567413383e-03
4.100950733125160313e-03
3.998707073435121481e-03
3.893984506209704436e-03
3.786917440497386718e-03
3.677647429313722627e-03
3.566323212947490953e-03
3.453100755727910118e-03
3.338143276032773041e-03
3.221621269328673546e-03
3.103712524034722090e-03
2.984602130001416144e-03
2.864482479409828034e-03
2.743553259890710652e-03
2.622021439676202985e-03
2.500101244597129242e-03
2.378014126749481046e-03
2.255988724655118901e-03
2.134260814753682293e-03
2.013073254064841420e-03
1.892675913871741866e-03
1.773325604283702145e-03
1.655285989539810381e-03
1.538827493935824740e-03
1.424227198248472675e-03
1.311768726559420315e-03
1.201742123375986728e-03
1.094443720967167325e-03
9.901759968364357012e-04
8.892474212687657672e-04
7.919722948990434979e-04
6.986705762599366640e-04
6.096676992821485055e-04
5.252943807288957189e-04
4.458864175633763384e-04
3.717844742567115424e-04
3.033338600605528100e-04
2.408842962808672647e-04
1.847896736029201422e-04
1.354077995327881880e-04
9.310013603347887397e-05
5.823152744995687839e-05
3.116991883052675226e-05
1.228606476854768481e-05
1.953228901424019093e-06
5.468742211345093464e-07
8.444344364166121985e-06
2.602453606493158715e-05
5.366756297157406191e-05
9.175441103913910246e-05
1.406665857297598990e-04
2.007857512653229916e-04
2.724933621937581209e-04
3.561702875446988263e-04
4.521964278658118777e-04
5.609503254463342166e-04
6.828087680502035409e-04
8.181463864922598099e-04
9.673352464124071286e-04
1.130744434609024483e-03
1.308739640313720184e-03
1.501682731799826092e-03
1.709931328731017271e-03
1.933838370671116203e-03
2.173751682188365501e-03
2.430013534997768707e-03
2.702960207602609494e-03
2.992921542901384388e-03
3.300220504242657154e-03
3.625172730419392794e-03
3.968086090104395308e-03
4.329260236237512764e-03
4.708986160885862866e-03
5.107545751108114734e-03
5.525211346356990322e-03
5.962245297967330195e-03
6.418899531279327435e-03
6.895415110957918425e-03
7.392021810064678018e-03
7.908937683457550535e-03
8.446368646083904363e-03
9.004508056745373634e-03
9.583536307909954616e-03
1.018362042214990444e-02
1.080491365578522406e-02
1.144755511031581019e-02
1.211166935221476976e-02
1.279736604166614375e-02
1.350473957081888866e-02
1.423386871212955693e-02
1.498481627736215557e-02
1.575762878780601756e-02
1.655233615626838795e-02
1.736895138139382330e-02
1.820747025484897516e-02
1.906787108191103017e-02
1.995011441597897492e-02
2.085414280752611801e-02
2.177988056799311581e-02
2.272723354911646010e-02
2.369608893816552500e-02
2.468631506955789451e-02
2.569776125329723687e-02
2.673025762067327352e-02
2.778361498763197435e-02
2.885762473623890850e-02
2.995205871458607103e-02
3.106666915554230982e-02
3.220118861466008536e-02
3.335532992759145804e-02
3.452878618729723209e-02
3.572123074134110621e-02
3.693231720953599195e-02
3.816167952215814702e-02
3.940893197897505501e-02
4.067366932924789541e-02
4.195546687289353205e-02
4.325388058293982291e-02
4.456844724938966579e-02
4.589868464458427000e-02
4.724409171012547426e-02
4.860414876540072177e-02
4.997831773770718133e-02
5.136604241396634102e-02
5.276674871398241012e-02
5.417984498515791142e-02
5.560472231857977593e-02
5.704075488633495589e-02
5.848730029989312323e-02
5.994369998938252342e-02
6.140927960352136200e-02
6.288334942997597654e-02
6.436520483586763430e-02
6.585412672811800927e-02
6.734938203331268525e-02
6.885022419671855964e-02
7.035589370006815890e-02
7.186561859769731442e-02
7.337861507059803556e-02
7.489408799791563709e-02
7.641123154539032625e-02
7.792922977023099274e-02
7.944725724187329252e-02
8.096447967804321078e-02
8.248005459554190455e-02
8.399313197512262019e-02
8.550285493982304197e-02
8.700836044608464825e-02
8.850877998698217231e-02
9.000324030683985732e-02
9.149086412651871725e-02
9.297077087863053757e-02
9.444207745190527636e-02
9.590389894393963610e-02
9.735534942151498339e-02
9.879554268769177860e-02
1.002235930548327908e-01
1.016386161227281204e-01
1.030397295609602609e-01
1.044260538946503308e-01
1.057967132927097459e-01
1.071508363577172857e-01
1.084875569165197062e-01
1.098060148106849571e-01
1.111053566858684616e-01
1.123847367792319141e-01
1.136433177039566089e-01
1.148802712299893114e-01
1.160947790600722063e-01
1.172860336001748799e-01
1.184532387234052409e-01
1.195956105264976421e-01
1.207123780779958966e-01
1.218027841572133924e-01
1.228660859831134655e-01
1.239015559322094451e-01
1.249084822446314136e-01
1.258861697175117367e-01
1.268339403848241231e-01
1.277511341828754254e-01
1.286371096006082848e-01
1.294912443139466240e-01
1.303129358033768281e-01
1.311016019540192090e-01
1.318566816374359407e-01
1.325776352744661435e-01
1.332639453783751038e-01
1.339151170776481659e-01
1.345306786177699887e-01
1.351101818413638633e-01
1.356532026460831319e-01
1.361593414196828056e-01
1.366282234517136318e-01
1.370594993213279378e-01
1.374528452606914586e-01
1.378079634935487907e-01
1.381245825485012124e-01
1.384024575466096807e-01
1.386413704629283483e-01
1.388411303616603476e-01
1.390015736046059935e-01
1.391225640326495261e-01
1.392039931200348968e-01
1.392457801012328689e-01
1.392478720702253758e-01
1.392102440520794626e-01
1.391328990467018689e-01
1.390158680447105277e-01
1.388592100154009967e-01
1.386630118668013278e-01
1.384273883778661673e-01
1.381524821028699002e-01
1.378384632481275407e-01
1.374855295211814821e-01
1.370939059526091464e-01
1.366638446907192661e-01
1.361956247693301703e-01
1.356895518489315833e-01
1.351459579315686665e-01
1.345652010497409290e-01
1.339476649297552946e-01
1.332937586298991173e-01
1.326039161539058209e-01
1.318785960401595014e-01
1.311182809271679572e-01
1.303234770958090760e-01
1.294947139889324750e-01
1.286325437088853274e-01
1.277375404935908731e-01
1.268103001718071110e-01
1.258514395982303358e-01
1.248615960691434601e-01
1.238414267192940177e-01
1.227916079007648209e-01
1.217128345445567805e-01
1.206058195056829846e-01
1.194712928925426854e-01
1.183100013813984663e-01
1.171227075167621534e-01
1.159101889985476863e-01
1.146732379568216748e-01
1.134126602150272445e-01
1.121292745425545301e-01
1.108239118975396786e-01
1.094974146607822635e-01
1.081506358616991237e-01
1.067844383971838507e-01
1.053996942443330143e-01
1.039972836679069063e-01
1.025780944234796349e-01
1.011430209571655275e-01
9.969296360286057646e-02
9.822882777791276665e-02
9.675152317811504254e-02
9.526196297296196658e-02
9.376106300204199717e-02
9.224974097349142310e-02
9.072891566537030772e-02
8.919950613086903568e-02
8.766243090819308970e-02
8.611860723600679723e-02
8.456895027526152575e-02
8.301437233825459394e-02
8.145578212573950649e-02
7.989408397288298713e-02
7.833017710486295249e-02
7.676495490287198187e-02
7.519930418127812599e-02
7.363410447668100600e-02
7.207022734956480825e-02
7.050853569924826758e-02
6.894988309279057037e-02
6.739511310850916648e-02
6.584505869472560835e-02
6.430054154434028391e-02
6.276237148580916803e-02
6.123134589107556702e-02
5.970824910097164567e-02
5.819385186859798997e-02
5.668891082113870772e-02
5.519416794056736936e-02
5.371035006364730663e-02
5.223816840162544967e-02
5.077831807997092856e-02
4.933147769849044462e-02
4.789830891212674968e-02
4.647945603271057269e-02
4.507554565191303209e-02
4.368718628560822048e-02
4.231496803984970828e-02
4.095946229859069587e-02
3.962122143330956692e-02
3.830077853461425624e-02
3.699864716591472202e-02
3.571532113920306700e-02
3.445127431294491005e-02
3.320696041209310334e-02
3.198281287015891650e-02
3.077924469329333321e-02
2.959664834627201424e-02
2.843539566026677401e-02
2.729583776226367914e-02
2.617830502594817657e-02
2.508310704386221279e-02
2.401053262061486962e-02
2.296084978690402650e-02
2.193430583407266279e-02
2.093112736892017295e-02
1.995152038844902678e-02
1.899567037421628912e-02
1.806374240593616384e-02
1.715588129396367068e-02
1.627221173026048573e-02
1.541283845743723555e-02
1.457784645544554433e-02
1.376730114547172756e-02
1.298124861057941767e-02
1.221971583261490316e-02
1.148271094489936202e-02
1.077022350019876847e-02
1.008222475345920549e-02
9.418667958781597876e-03
8.779488680102722625e-03
8.164605115031992738e-03
7.573918431297272866e-03
7.007313115228483262e-03
6.464657331718333746e-03
5.945803295081446629e-03
5.450587650229458611e-03
4.978831863581153171e-03
4.530342623120600827e-03
4.104912247006637857e-03
3.702319100147899444e-03
3.322328018147474669e-03
2.964690738022211346e-03
2.629146335108205248e-03
2.315421665558211207e-03
2.023231813843773090e-03
1.752280544676426731e-03
1.502260758767059003e-03
1.272854951845692239e-03
1.063735676369843494e-03
8.745660053580834583e-04
7.049999977870893787e-04
5.546831650034789131e-04
4.232529376051719344e-04
3.103391322592279002e-04
2.155644179290354661e-04
1.385447809969427295e-04
7.888998877555561027e-05
3.620405091422903090e-05
1.008567821752141561e-05
1.287384038434271583e-07
5.922708346116675880e-06
2.705312234750509260e-05
6.310201601929388965e-05
1.136483653411108865e-04
1.782685204973559446e-04
2.565366340978149167e-04
3.480250834051895094e-04
4.523048862059803423e-04
5.689461099770928322e-04
6.975182740148778981e-04
8.375907442081715780e-04
9.887331201537485990e-04
1.150515614326351899e-03
1.322509423031756250e-03
1.504287088887893125e-03
1.695422854592699806e-03
1.895493007754691251e-03
2.104076216578858877e-03
2.320753856211451183e-03
2.545110325571074607e-03
2.776733354499847858e-03
3.015214301090749557e-03
3.260148439059267714e-03
3.511135235044328048e-03
3.767778615736356272e-03
4.029687224749424479e-03
4.296474669163137874e-03
4.567759755679117600e-03
4.843166716350997929e-03
5.122325423856844209e-03
5.404871596302317747e-03
5.690446991551338478e-03
5.978699591096678194e-03
6.269283773497890365e-03
6.561860477417808500e-03
6.856097354316253653e-03
7.151668910854848057e-03
7.448256641089097060e-03
7.745549148534361904e-03
8.043242258195391209e-03
8.341039118670103003e-03
8.638650294439963184e-03
8.935793848472936909e-03
9.232195415277861042e-03
9.527588264542845992e-03
9.821713355521444894e-03
1.011431938231979397e-02
1.040516281025238680e-02
1.069400790344376961e-02
1.098062674385664669e-02
1.126479924192968010e-02
1.154631313902770330e-02
1.182496400189677298e-02
1.210055520932969489e-02
1.237289793125267816e-02
1.264181110044607613e-02
1.290712137711727894e-02
1.316866310654518472e-02
1.342627827002087007e-02
1.367981642931371915e-02
1.392913466488798074e-02
1.417409750810426534e-02
1.441457686763728333e-02
1.465045195034592532e-02
1.488160917682422764e-02
1.510794209188075221e-02
1.532935127016797974e-02
1.554574421720801396e-02
1.575703526604219432e-02
1.596314546974607687e-02
1.616400249003841633e-02
1.635954048221290383e-02
1.654969997663239059e-02
1.673442775700486468e-02
1.691367673567213334e-02
1.708740582613176712e-02
1.725557981301691426e-02
1.741816921974926463e-02
1.757515017407954364e-02
1.772650427173115203e-02
1.787221843834897392e-02
1.801228478996249466e-02
1.814670049216083464e-02
1.827546761817776602e-02
1.839859300607884704e-02
1.851608811523398554e-02
1.862796888226513070e-02
1.873425557664192692e-02
1.883497265610210858e-02
1.893014862206566368e-02
1.901981587520401931e-02
1.910401057132578295e-02
1.918277247773153560e-02
1.925614483018601303e-02
1.932417419065175085e-02
1.938691030592196857e-02
1.944440596728677292e-02
1.949671687135584933e-02
1.954390148216625725e-02
1.958602089468607088e-02
1.962313869983067435e-02
1.965532085109152408e-02
1.968263553288702311e-02
1.970515303071817062e-02
1.972294560323646639e-02
1.973608735629116262e-02
1.974465411904852835e-02
1.974872332225274460e-02
1.974837387869864472e-02
1.974368606598059586e-02
1.973474141157885789e-02
1.972162258033652651e-02
1.970441326437954305e-02
1.968319807552114387e-02
1.965806244019638327e-02
1.962909249695823574e-02
1.959637499657482587e-02
1.955999720474372802e-02
1.952004680745809267e-02
1.947661181903593761e-02
1.942978049283532530e-02
1.937964123465802865e-02
1.932628251885448387e-02
1.926979280713956785e-02
1.921026047010441010e-02
1.914777371143642007e-02
1.908242049483506106e-02
1.901428847361261859e-02
1.894346492296917692e-02
1.887003667492838377e-02
1.879409005591211809e-02
1.871571082693416349e-02
1.863498412639549157e-02
1.855199441544105182e-02
1.846682542586939452e-02
1.837956011054633909e-02
1.829028059630081332e-02
1.819906813926679134e-02
1.810600308263442260e-02
1.801116481676933931e-02
1.791463174166637792e-02
1.781648123169160894e-02
1.771678960257461188e-02
1.761563208060154193e-02
1.751308277397054664e-02
1.740921464625790407e-02
1.730409949195373456e-02
1.719780791401258335e-02
1.709040930337596756e-02
1.698197182041670528e-02
1.687256237825269026e-02
1.676224662788101602e-02
1.665108894508416509e-02
1.653915241905477493e-02
1.642649884268590141e-02
1.631318870448155572e-02
1.619928118202895381e-02
1.608483413698992906e-02
1.596990411154567552e-02
1.585454632626253496e-02
1.573881467931144418e-02
1.562276174700074835e-02
1.550643878556343981e-02
1.538989573416078491e-02
1.527318121903682366e-02
1.515634255879133238e-02
1.503942577070856330e-02
1.492247557810567546e-02
1.480553541864072092e-02
1.468864745354986519e-02
1.457185257774899594e-02
1.445519043077365257e-02
1.433869940849378209e-02
1.422241667558029818e-02
1.410637817866012764e-02
1.399061866013306087e-02
1.387517167260209593e-02
1.376006959387953560e-02
1.364534364252852940e-02
1.353102389390262866e-02
1.341713929664469819e-02
1.330371768961151682e-02
1.319078581918584070e-02
1.307836935694294683e-02
1.296649291763733031e-02
1.285518007747996766e-02
1.274445339266904245e-02
1.263433441815126762e-02
1.252484372657625480e-02
1.241600092742312783e-02
1.230782468626653164e-02
1.220033274415815820e-02
1.209354193709497559e-02
1.198746821555802741e-02
1.188212666408693628e-02
1.177753152087458559e-02
1.167369619736219333e-02
1.157063329780620015e-02
1.146835463880345983e-02
1.136687126875549070e-02
1.126619348725126611e-02
1.116633086435229322e-02
1.106729225976411414e-02
1.096908584188184370e-02
1.087171910668716102e-02
1.077519889649108942e-02
1.067953141850803978e-02
1.058472226324236841e-02
1.049077642268763690e-02
1.039769830831573268e-02
1.030549176885450606e-02
1.021416010784217780e-02
1.012370610094804127e-02
1.003413201305224794e-02
9.945439615081944074e-03
9.857630200589174649e-03
9.770704602070556452e-03
9.684663207023158638e-03
9.599505973726316088e-03
9.515232446751469356e-03
9.431841772192190235e-03
9.349332712614901245e-03
9.267703661719603123e-03
9.186952658719308232e-03
9.107077402427781951e-03
9.028075265056181853e-03
8.949943305719063047e-03
8.872678283650407144e-03
8.796276671122883403e-03
8.720734666078080663e-03
8.646048204463980397e-03
8.572212972279761103e-03
8.499224417331264700e-03
8.427077760699581283e-03
8.355768007917988710e-03
8.285289959867271972e-03
8.215638223385073394e-03
8.146807221596162260e-03
8.078791203963211001e-03
8.011584256059601020e-03
7.945180309075025593e-03
7.879573149044569180e-03
7.814756425815853891e-03
7.750723661752194002e-03
7.687468260174299892e-03
7.624983513548678517e-03
7.563262611421552560e-03
7.502298648105844292e-03
7.442084630125041407e-03
7.382613483413501612e-03
7.323878060283750026e-03
7.265871146161919508e-03
7.208585466092289756e-03
7.152013691022459339e-03
7.096148443867755957e-03
7.040982305361548864e-03
6.986507819693225929e-03
6.932717499944851709e-03
6.879603833321692660e-03
6.827159286189970339e-03
6.775376308918472888e-03
6.724247340535242402e-03
6.673764813197586958e-03
6.623921156486001736e-03
6.574708801521091106e-03
6.526120184909778299e-03
6.478147752526497785e-03
6.430783963132101662e-03
6.384021291834267829e-03
6.337852233394426771e-03
6.292269305386271466e-03
6.247265051208227872e-03
6.202832042955015550e-03
6.158962884150543174e-03
6.115650212349854967e-03
6.072886701610265975e-03
6.030665064835499974e-03
5.988978056001375248e-03
5.947818472259534979e-03
5.907179155929922869e-03
5.867052996380110567e-03
5.827432931798128685e-03
5.788311950859706921e-03
5.749683094299294292e-03
5.711539456376125978e-03
5.673874186255396281e-03
5.636680489289802067e-03
5.599951628220183920e-03
5.563680924285403957e-03
5.527861758256258362e-03
5.492487571385515181e-03
5.457551866285052962e-03
5.423048207727327284e-03
5.388970223377839534e-03
5.355311604458487355e-03
5.322066106346877781e-03
5.289227549110548342e-03
5.256789817982366296e-03
5.224746863776908237e-03
5.193092703250692770e-03
5.161821419410131222e-03
5.130927161766297810e-03
5.100404146540910705e-03
5.070246656826143429e-03
5.040449042696974226e-03
5.011005721282340945e-03
4.981911176792633809e-03
4.953159960510153566e-03
4.924746690738568584e-03
4.896666052719747877e-03
4.868912798511757130e-03
4.841481746838435622e-03
4.814367782904645579e-03
4.787565858183288892e-03
4.761070990171528163e-03
4.734878262124190933e-03
4.708982822757587332e-03
4.683379885931105054e-03
4.658064730306380428e-03
4.633032698982328217e-03
4.608279199112032265e-03
4.583799701499352043e-03
4.559589740177293765e-03
4.535644911969069840e-03
4.511960876032707068e-03
4.488533353392184719e-03
4.465358126451703276e-03
4.442431038499907413e-03
4.419747993197368011e-03
4.397304954058571178e-03
4.375097943917329382e-03
4.353123044386203455e-03
4.331376395304661897e-03
4.309854194181386364e-03
4.288552695625388184e-03
4.267468210774015384e-03
4.246597106711613896e-03
4.225935805884437416e-03
4.205480785509379919e-03
4.185228576978906531e-03
4.165175765262833264e-03
4.145318988303903392e-03
4.125654936413681272e-03
4.106180351664861367e-03
4.086892027281522483e-03
4.067786807027570957e-03
4.048861584595450126e-03
4.030113302993174919e-03
4.011538953930816540e-03
3.993135577209311685e-03
3.974900260106745999e-03
3.956830136768524180e-03
3.938922387596595527e-03
3.921174238640422020e-03
3.903582960991429721e-03
3.886145870178331439e-03
3.868860325563503247e-03
3.851723729745530969e-03
3.834733527959967737e-03
3.817887207488399569e-03
3.801182297065882915e-03
3.784616366295429947e-03
3.768187025064574213e-03
3.751891922965810804e-03
3.735728748722243718e-03
3.719695229615694373e-03
3.703789130921506575e-03
3.688008255345029841e-03
3.672350442465286205e-03
3.656813568182634266e-03
3.641395544169828951e-03
3.626094317331133871e-03
3.610907869263712665e-03
3.595834215725080170e-03
3.580871406107298625e-03
3.566017522914378349e-03
3.551270681246413048e-03
3.536629028288520733e-03
3.522090742806755631e-03
3.507654034647582353e-03
3.493317144244365274e-03
3.479078342129532202e-03
3.464935928452507301e-03
3.450888232502239729e-03
3.436933612237509910e-03
3.423070453821031815e-03
3.409297171161660735e-03
3.395612205460237475e-03
3.382014024762456869e-03
3.368501123517974802e-03
3.355072022144348163e-03
3.341725266597745866e-03
3.328459427949140292e-03
3.315273101966421943e-03
3.302164908701977607e-03
3.289133492087351410e-03
3.276177519532255666e-03
3.263295681530407021e-03
3.250486691269945279e-03
3.237749284251943867e-03
3.225082217911392699e-03
3.212484271247394597e-03
3.199954244455455524e-03
3.187490958568448430e-03
3.175093255101756919e-03
3.162759995703684230e-03
3.150490061811868706e-03
3.138282354315798540e-03
3.126135793223615636e-03
3.114049317334503103e-03
3.102021883917290435e-03
3.090052468393082383e-03
3.078140064024686203e-03
3.066283681609895638e-03
3.054482349179303384e-03
3.042735111702734273e-03
3.031041030795681053e-03
3.019399184435080357e-03
3.007808666677051507e-03
2.996268587381749424e-03
2.984778071940803138e-03
2.973336261011806821e-03
2.961942310255235959e-03
2.950595390078834552e-03
2.939294685383138112e-03
2.928039395314582186e-03
2.916828733020698609e-03
2.905661925412379026e-03
2.894538212927354019e-03
2.883456849301252543e-03
2.872417101339236421e-03
2.861418248695780670e-03
2.850459583655581396e-03
2.839540410919720766e-03
2.828660047395562937e-03
2.817817821991047082e-03
2.807013075412274645e-03
2.796245159965478084e-03
2.785513439361992846e-03
2.774817288527828968e-03
2.764156093415655671e-03
2.753529250822928619e-03
2.742936168210200615e-03
2.732376263524878904e-03
2.721848965028892103e-03
2.711353711127738406e-03
2.700889950204944830e-03
2.690457140458212167e-03
2.680054749739724154e-03
2.669682255399399157e-03
2.659339144131105635e-03
2.649024911821057718e-03
2.638739063401348162e-03
2.628481112704320055e-03
2.618250582321018580e-03
2.608047003461589578e-03
2.597869915819623308e-03
2.587718867437783631e-03
2.577593414577605737e-03
2.567493121590634381e-03
2.557417560792653831e-03
2.547366312341240672e-03
2.537338964114216940e-03
2.527335111591914006e-03
2.517354357740818165e-03
2.507396312900295361e-03
2.497460594671077529e-03
2.487546827806851914e-03
2.477654644106929392e-03
2.467783682311185285e-03
2.457933587998846047e-03
2.448104013487027025e-03
2.438294617732348051e-03
2.428505066234885271e-03
2.418735030943818670e-03
2.408984190164420967e-03
2.399252228467607835e-03
2.389538836601486083e-03
2.379843711403745784e-03
2.370166555716530458e-03
2.360507078303525526e-03
2.350864993767248865e-03
2.341240022469041025e-03
2.331631890451256375e-03
2.322040329359233071e-03
2.312465076366744185e-03
2.302905874101249771e-03
2.293362470572175155e-03
2.283834619099683622e-03
2.274322078244783111e-03
2.264824611741975569e-03
2.255341988431398912e-03
2.245873982194482223e-03
2.236420371888780869e-03
2.226980941285838702e-03
2.217555479008948786e-03
2.208143778473400411e-03
2.198745637826517944e-03
2.189360859890048926e-03
2.179989252103196624e-03
2.170630626466755423e-03
2.161284799488179080e-03
2.151951592128369811e-03
2.142630829748522463e-03
2.133322342059171782e-03
2.124025963068988145e-03
2.114741531035326232e-03
2.105468888415783311e-03
2.096207881820150859e-03
2.086958361963677216e-03
2.077720183621161593e-03
2.068493205581790548e-03
2.059277290604973661e-03
2.050072305376786364e-03
2.040878120467477450e-03
2.031694610289533007e-03
2.022521653056837555e-03
2.013359130744148302e-03
2.004206929047680063e-03
1.995064937346256988e-03
1.985933048663261410e-03
