3.059358024691355600e-03
1.261135802469144336e-03
5.454320987654310247e-03
5.808024691358021352e-03
8.306172839506251041e-05
3.675061728394994685e-04
3.736320987654310772e-03
2.488928395061731566e-02
4.825688888888888389e-02
6.787565432098770224e-02
6.472002469135809677e-02
5.134232098765427466e-02
4.641088888888891817e-02
8.334839506172832951e-03
2.688888888888947998e-05
1.165355555555553160e-02
1.925158024691359451e-02
8.220469135802471045e-03
2.381046913580246727e-02
1.995558024691354571e-02
1.933888888888884300e-02
1.834676543209877095e-02
4.889506172839497983e-03
2.153965432098768618e-02
1.771380246913585588e-02
1.085355555555552083e-02
6.650888888888909292e-03
2.228395061728388716e-04
1.935802469135806730e-03
4.070024691357983226e-03
3.832987654320992293e-03
