0.000000000000000000e+00
1.412035827217719483e-05
5.646706594350420395e-05
1.270122930729042658e-04
2.257198453187722132e-04
3.525451755396451095e-04
5.074353974677982401e-04
6.903293014528220656e-04
9.011573722719929411e-04
1.139841809004321811e-03
1.406296546964533149e-03
1.700427281693435086e-03
2.022131495000586456e-03
2.371298483054771946e-03
2.747809386518913592e-03
3.151537222723215566e-03
3.582346919873192082e-03
4.040095353286552414e-03
4.524631383653747972e-03
5.035795897317540612e-03
5.573421848563766406e-03
6.137334303920131615e-03
6.727350488453556245e-03
7.343279834063306567e-03
7.984924029758594041e-03
8.652077073918365557e-03
9.344525328522458596e-03
1.006204757534828222e-02
1.080441507412502160e-02
1.157139162263731182e-02
1.236273361876918248e-02
1.317819012448083298e-02
1.401750293170968102e-02
1.488040663018475561e-02
1.576662867714578864e-02
1.667588946895873572e-02
1.760790241461461861e-02
1.856237401110508861e-02
1.953900392065989131e-02
2.053748504983864132e-02
2.155750363046416568e-02
2.259873930238509229e-02
2.366086519805758737e-02
2.474354802893167365e-02
2.584644817363066990e-02
2.696921976791196579e-02
2.811151079639159084e-02
2.927296318602513187e-02
3.045321290132331840e-02
3.165189004129524697e-02
3.286861893809783081e-02
3.410301825738225323e-02
3.535470110031488367e-02
3.662327510726393065e-02
3.790834256312900635e-02
3.920950050430119932e-02
4.052634082723229059e-02
4.185845039860058847e-02
4.320541116704867957e-02
4.456680027648030062e-02
4.594219018089423096e-02
4.733114876073469396e-02
4.873323944074250957e-02
5.014802130928185803e-02
5.157504923912282352e-02
5.301387400966302288e-02
5.446404243055735089e-02
5.592509746674265148e-02
5.739657836482944808e-02
5.887802078083753665e-02
6.036895690925279251e-02
6.186891561338208473e-02
6.337742255697646765e-02
6.489400033710544802e-02
6.641816861824725859e-02
6.794944426757494604e-02
6.948734149141165550e-02
7.103137197282097248e-02
7.258104501031326095e-02
7.413586765763378883e-02
7.569534486460340050e-02
7.725897961898720023e-02
7.882627308935351296e-02
8.039672476890127872e-02
8.196983262021721728e-02
8.354509322093302270e-02
8.512200191025641460e-02
8.670005293633191445e-02
8.827873960440731083e-02
8.985755442577050833e-02
9.143598926741701438e-02
9.301353550241837909e-02
9.458968416095653309e-02
9.616392608198250092e-02
9.773575206546836203e-02
9.930465302521358784e-02
1.008701201421676324e-01
1.024316450182286703e-01
1.039887198304876997e-01
1.055408374858662207e-01
1.070874917761202166e-01
1.086281775331620902e-01
1.101623907846646794e-01
1.116896289098989886e-01
1.132093907957777285e-01
1.147211769930426561e-01
1.162244898725746378e-01
1.177188337817655361e-01
1.192037152009177703e-01
1.206786428996274724e-01
1.221431280930991015e-01
1.235966845983578755e-01
1.250388289903045791e-01
1.264690807575718501e-01
1.278869624581380759e-01
1.292919998746424048e-01
1.306837221693691875e-01
1.320616620388370133e-01
1.334253558679607821e-01
1.347743438837276930e-01
1.361081703083426575e-01
1.374263835117932875e-01
1.387285361637903836e-01
1.400141853850243312e-01
1.412828928976993803e-01
1.425342251752847733e-01
1.437677535914430593e-01
1.449830545680765304e-01
1.461797097224481756e-01
1.473573060133164803e-01
1.485154358860485135e-01
1.496536974166416123e-01
1.507716944546180771e-01
1.518690367647330952e-01
1.529453401674432944e-01
1.540002266780925444e-01
1.550333246447509472e-01
1.560442688846668258e-01
1.570327008192735629e-01
1.579982686076996379e-01
1.589406272787299290e-01
1.598594388611703498e-01
1.607543725125606393e-01
1.616251046461774643e-01
1.624713190562941945e-01
1.632927070416217430e-01
1.640889675268991932e-01
1.648598071825733424e-01
1.656049405425153720e-01
1.663240901197294008e-01
1.670169865199959969e-01
1.676833685534040719e-01
1.683229833437215606e-01
1.689355864355514547e-01
1.695209418992245087e-01
1.700788224333859289e-01
1.706090094652145117e-01
1.711112932482381221e-01
1.715854729576916093e-01
1.720313567833683388e-01
1.724487620199240678e-01
1.728375151545781252e-01
1.731974519521742861e-01
1.735284175375519655e-01
1.738302664751798787e-01
1.741028628460147276e-01
1.743460803215341193e-01
1.745598022349060807e-01
1.747439216492494563e-01
1.748983414229460243e-01
1.750229742719603687e-01
1.751177428291291471e-01
1.751825797003836171e-01
1.752174275178569052e-01
1.752222389898514809e-01
1.751969769476206806e-01
1.751416143889290011e-01
1.750561345183609951e-01
1.749405307843396873e-01
1.747948069128248128e-01
1.746189769376555456e-01
1.744130652275086013e-01
1.741771065094411819e-01
1.739111458889910922e-01
1.736152388668002478e-01
1.732894513517428681e-01
1.729338596705278230e-01
1.725485505737490988e-01
1.721336212383658693e-01
1.716891792665843630e-01
1.712153426811267032e-01
1.707122399168591598e-01
1.701800098087692670e-01
1.696188015762691015e-01
1.690287748038115379e-01
1.684100994178010791e-01
1.677629556597929339e-01
1.670875340559614397e-01
1.663840353828313634e-01
1.656526706292587303e-01
1.648936609546604315e-01
1.641072376434799529e-01
1.632936420558862012e-01
1.624531255747035108e-01
1.615859495485693076e-01
1.606923852313178191e-01
1.597727137175967704e-01
1.588272258747104038e-01
1.578562222707008689e-01
1.568600130986699259e-01
1.558389180973491217e-01
1.547932664679258774e-01
1.537233967871387275e-01
1.526296569166501471e-01
1.515124039087124286e-01
1.503720039081428705e-01
1.492088320506206045e-01
1.480232723573304543e-01
1.468157176259630992e-01
1.455865693181080667e-01
1.443362374430458284e-01
1.430651404379782721e-01
1.417737050447129832e-01
1.404623661828395265e-01
1.391315668194174626e-01
1.377817578352129313e-01
1.364133978875183284e-01
1.350269532695845265e-01
1.336228977667048012e-01
1.322017125089891554e-01
1.307638858208646782e-01
1.293099130673488750e-01
1.278402964971306066e-01
1.263555450825113724e-01
1.248561743562465048e-01
1.233427062453352208e-01
1.218156689018114330e-01
1.202755965305798980e-01
1.187230292143571231e-01
1.171585127357624989e-01
1.155825983966219661e-01
1.139958428345354824e-01
1.123988078367705312e-01
1.107920601515369613e-01
1.091761712967085490e-01
1.075517173660482523e-01
1.059192788330079599e-01
1.042794403521607460e-01
1.026327905583386407e-01
1.009799218635381024e-01
9.932143025166567663e-02
9.765791507119697679e-02
9.598997882581235264e-02
9.431822696309349885e-02
9.264326766134475810e-02
9.096571161462334298e-02
8.928617181604923958e-02
8.760526333947506183e-02
8.592360311959651442e-02
8.424180973057915356e-02
8.256050316328739092e-02
8.088030460119387255e-02
7.920183619505702377e-02
7.752572083644436451e-02
7.585258193019528417e-02
7.418304316589954817e-02
7.251772828848822294e-02
7.085726086801523438e-02
6.920226406872723168e-02
6.755336041750287235e-02
6.591117157175739594e-02
6.427631808689904247e-02
6.264941918343200356e-02
6.103109251379530698e-02
5.942195392903083101e-02
5.782261724537426928e-02
5.623369401086035502e-02
5.465579327204088400e-02
5.308952134090116903e-02
5.153548156208166697e-02
4.999427408048716381e-02
4.846649560938939144e-02
4.695273919911004817e-02
4.545359400638766117e-02
4.396964506451687960e-02
4.250147305436145079e-02
4.104965407633394403e-02
3.961475942343965079e-02
3.819735535547995331e-02
3.679800287451084201e-02
3.541725750165289344e-02
3.405566905534795213e-02
3.271378143115839798e-02
3.139213238320231331e-02
3.009125330732288772e-02
2.881166902608083696e-02
2.755389757567193454e-02
2.631844999485342257e-02
2.510583011598191416e-02
2.391653435824834736e-02
2.275105152320540738e-02
2.160986259267798359e-02
2.049344052914742545e-02
1.940225007869847071e-02
1.833674757662056426e-02
1.729738075574844408e-02
1.628458855763214447e-02
1.529880094662357422e-02
1.434043872696094332e-02
1.340991336294210592e-02
1.250762680226400608e-02
1.163397130261670936e-02
1.078932926160802372e-02
9.974073050103567095e-03
9.188564849058288714e-03
8.433156489918573404e-03
7.708189298671083364e-03
7.013993943614084056e-03
6.350890286924054488e-03
5.719187240091141121e-03
5.119182623293473157e-03
4.551163028780359603e-03
4.015403688332764773e-03
3.512168344865475994e-03
3.041709128239075254e-03
2.604266435341018922e-03
2.200068814501013412e-03
1.829332854297146616e-03
1.492263076813564156e-03
1.189051835404181592e-03
9.198792170174473811e-04
6.849129491350791025e-04
4.843083113749464689e-04
3.182080518075104301e-04
1.867423080322608536e-04
9.002853305959531100e-05
2.817142604064341277e-05
1.262867886500886990e-06
9.381861815438695293e-06
5.259447886522611635e-05
1.309538084052954549e-04
2.444999136813720618e-04
3.932597924234332645e-04
5.772473425450475818e-04
7.964633329606718047e-04
1.050895379544972098e-03
1.340517926255885631e-03
1.665292231441287867e-03
2.025166359346603807e-03
2.420075176838781730e-03
2.849940355359023916e-03
3.314670378115955243e-03
3.814160552526250046e-03
4.348293027910501637e-03
4.916936818446213803e-03
5.519947831381619673e-03
6.157168900507208921e-03
6.828429824883939375e-03
7.533547412821154678e-03
8.272325531097461659e-03
9.044555159413986481e-03
9.850014450067112737e-03
1.068846879282815687e-02
1.155967088500907576e-02
1.246336080669966338e-02
1.339926610114929376e-02
1.436710186027505103e-02
1.536657081526365647e-02
1.639736343224466875e-02
1.745915801299906950e-02
1.855162080067423655e-02
1.967440609046581732e-02
2.082715634523380280e-02
2.200950231600686327e-02
2.322106316733960410e-02
2.446144660747264984e-02
2.573024902325122057e-02
2.702705561975662224e-02
2.835144056459308268e-02
2.970296713678453188e-02
3.108118788021947687e-02
3.248564476159349762e-02
3.391586933278288585e-02
3.537138289759620552e-02
3.685169668283218292e-02
3.835631201358734310e-02
3.988472049273775188e-02
4.143640418453346796e-02
4.301083580222812147e-02
4.460747889967665164e-02
4.622578806682151042e-02
4.786520912899351610e-02
4.952517934995018939e-02
5.120512763856733401e-02
5.290447475910809577e-02
5.462263354497956525e-02
5.635900911589946521e-02
5.811299909837723543e-02
5.988399384943221548e-02
6.167137668344802037e-02
6.347452410208336004e-02
6.529280602713530279e-02
6.712558603627237497e-02
6.897222160153244908e-02
7.083206433049663020e-02
7.270446021003694470e-02
7.458874985253810541e-02
7.648426874449985868e-02
7.839034749740808605e-02
8.030631210078435778e-02
8.223148417729893300e-02
8.416518123985314292e-02
8.610671695051724805e-02
8.805540138122558425e-02
9.001054127611426980e-02
9.197144031540105402e-02
9.393739938069201045e-02
9.590771682161358669e-02
9.788168872365099471e-02
9.985860917709089846e-02
1.018377705469538513e-01
1.038184637438031022e-01
1.057999784953244093e-01
1.077816036185545862e-01
1.097626272926591762e-01
1.117423373321326519e-01
1.137200214603213133e-01
1.156949675831429741e-01
1.176664640629032504e-01
1.196337999920818601e-01
1.215962654669878323e-01
1.235531518611594215e-01
1.255037520984050303e-01
1.274473609253646278e-01
1.293832751834823047e-01
1.313107940802779594e-01
1.332292194598024559e-01
1.351378560721686883e-01
1.370360118420410334e-01
1.389229981359801636e-01
1.407981300285225945e-01
1.426607265668950741e-01
1.445101110342448258e-01
1.463456112112847263e-01
1.481665596362398418e-01
1.499722938629905744e-01
1.517621567173041697e-01
1.535354965510512260e-01
1.552916674942996511e-01
1.570300297051820948e-01
1.587499496174382130e-01
1.604508001855231014e-01
1.621319611271871408e-01
1.637928191634240582e-01
1.654327682556880341e-01
1.670512098402869294e-01
1.686475530598512684e-01
1.702212149917833595e-01
1.717716208735998173e-01
1.732982043250655968e-01
1.748004075670394342e-01
1.762776816369305000e-01
1.777294866006902951e-01
1.791552917612418694e-01
1.805545758632710884e-01
1.819268272942919373e-01
1.832715442819060903e-01
1.845882350871766442e-01
1.858764181940393279e-01
1.871356224946721380e-01
1.883653874707518217e-01
1.895652633705243173e-01
1.907348113816152713e-01
1.918736037995177335e-01
1.929812241916812054e-01
1.940572675571477501e-01
1.951013404816615282e-01
1.961130612881984425e-01
1.970920601828537178e-01
1.980379793960265478e-01
1.989504733188573182e-01
1.998292086348490426e-01
2.006738644466391497e-01
2.014841323978577847e-01
2.022597167900355430e-01
2.030003346945124798e-01
2.037057160593052640e-01
2.043756038108963391e-01
2.050097539509002365e-01
2.056079356475791209e-01
2.061699313221672658e-01
2.066955367299770363e-01
2.071845610362572365e-01
2.076368268867733735e-01
2.080521704730882437e-01
2.084304415925231080e-01
2.087715037027710607e-01
2.090752339711531016e-01
2.093415233184970359e-01
2.095702764576277966e-01
2.097614119264557542e-01
2.099148621156569916e-01
2.100305732909360790e-01
2.101085056098747073e-01
2.101486331333488611e-01
2.101509438315347644e-01
2.101154395844880285e-01
2.100421361773149864e-01
2.099310632899330509e-01
2.097822644814363036e-01
2.095957971690726174e-01
2.093717326018530722e-01
2.091101558288017415e-01
2.088111656618682199e-01
2.084748746335262359e-01
2.081014089490726693e-01
2.076909084336614475e-01
2.072435264740926653e-01
2.067594299553867920e-01
2.062387991921771635e-01
2.056818278549546741e-01
2.050887228911948967e-01
2.044597044414113163e-01
2.037950057501708157e-01
2.030948730721117423e-01
2.023595655730109355e-01
2.015893552259424293e-01
2.007845267025778480e-01
1.999453772596739010e-01
1.990722166208021560e-01
1.981653668533719659e-01
1.972251622409995075e-01
1.962519491512847158e-01
1.952460858990487935e-01
1.942079426050962176e-01
1.931379010505607230e-01
1.920363545269005157e-01
1.909037076816078315e-01
1.897403763596971216e-01
1.885467874410437783e-01
1.873233786736406559e-01
1.860705985028455189e-01
1.847889058966888376e-01
1.834787701673262217e-01
1.821406707886926712e-01
1.807750972104602560e-01
1.793825486683530701e-01
1.779635339909203529e-01
1.765185714028321695e-01
1.750481883247926029e-01
1.735529211701456187e-01
1.720333151382608672e-01
1.704899240047903497e-01
1.689233099088697232e-01
1.673340431373697701e-01
1.657227019062704476e-01
1.640898721392584636e-01
1.624361472436329501e-01
1.607621278836147971e-01
1.590684217511495746e-01
1.573556433342986893e-01
1.556244136833094538e-01
1.538753601744692334e-01
1.521091162718191114e-01
1.503263212868479748e-01
1.485276201362423221e-01
1.467136630978015943e-01
1.448851055646125929e-01
1.430426077975783528e-01
1.411868346764071080e-01
1.393184554491527227e-01
1.374381434804091695e-01
1.355465759982612817e-01
1.336444338400860632e-01
1.317324011973073916e-01
1.298111653592079473e-01
1.278814164558859379e-01
1.259438472004794640e-01
1.239991526307310798e-01
1.220480298500171007e-01
1.200911777679291720e-01
1.181292968405091293e-01
1.161630888102446330e-01
1.141932564459147009e-01
1.122205032823959669e-01
1.102455333605211057e-01
1.082690509670930640e-01
1.062917603751522416e-01
1.043143655845965578e-01
1.023375700632495749e-01
1.003620764884819577e-01
9.838858648947076957e-02
9.641780039021037585e-02
9.445041695335301690e-02
9.248713312498950401e-02
9.052864378045941129e-02
8.857564147127991450e-02
8.662881617330039918e-02
8.468885503615869448e-02
8.275644213415030148e-02
8.083225821858093518e-02
7.891698047171578911e-02
7.701128226239289942e-02
7.511583290341022900e-02
7.323129741075606880e-02
7.135833626478554903e-02
6.949760517341622978e-02
6.764975483743844442e-02
6.581543071801590483e-02
6.399527280646662153e-02
6.218991539640109784e-02
6.039998685829925384e-02
5.862610941660853503e-02
5.686889892943772923e-02
5.512896467092651825e-02
5.340690911636564175e-02
5.170332773014243294e-02
5.001880875658353681e-02
4.835393301377174241e-02
4.670927369040060034e-02
4.508539614574355592e-02
4.348285771279875728e-02
4.190220750468408306e-02
4.034398622433713749e-02
3.880872597759546516e-02
3.729695008971276038e-02
3.580917292536930918e-02
3.434589971224587951e-02
3.290762636820753623e-02
3.149483933216271070e-02
3.010801539864757861e-02
2.874762155619048354e-02
2.741411482950765338e-02
2.610794212558118291e-02
2.482954008366622042e-02
2.357933492927834218e-02
2.235774233219916390e-02
2.116516726855222422e-02
2.000200388698473303e-02
1.886863537899913235e-02
1.776543385347368470e-02
1.669276021540373744e-02
1.565096404890899823e-02
1.464038350452828013e-02
1.366134519084660597e-02
1.271416407047392359e-02
1.179914336041213742e-02
1.091657443683185374e-02
1.006673674428941109e-02
9.249897709402649451e-03
8.466312659011258901e-03
7.716224742839779098e-03
6.999864860682084369e-03
6.317451594125875203e-03
5.669191142828953166e-03
5.055277265364554497e-03
4.475891224643348265e-03
3.931201737926485161e-03
3.421364931433729713e-03
2.946524299557123309e-03
2.506810668681122567e-03
2.102342165616876216e-03
1.733224190648119259e-03
1.399549395191439184e-03
1.101397664067307273e-03
8.388361023800017507e-04
6.119190269997339853e-04
4.206879626414536302e-04
2.651716425317258226e-04
1.453860136530836619e-04
6.133424655516746954e-05
1.300674971872768564e-05
3.811884581766299860e-07
2.342250834604880200e-05
8.208296314158580460e-05
1.763021472039150530e-04
3.060070323687511928e-04
4.711120092662517047e-04
6.715189330555226734e-04
9.071171735510047667e-04
1.177783669712593496e-03
1.483382988472156227e-03
1.823767387865525948e-03
2.198776884438955609e-03
2.608239324897552482e-03
3.051970461960262782e-03
3.529774034388033499e-03
4.041441851145228734e-03
4.586753879658496055e-03
5.165478338131994016e-03
5.777371791879011911e-03
6.422179253626121055e-03
7.099634287748879044e-03
7.809459118390551201e-03
8.551364741423348598e-03
9.325051040197486832e-03
1.013020690503825538e-02
1.096651035643342667e-02
1.183362867186600956e-02
1.273121851623793856e-02
1.365892607583145228e-02
1.461638719575696424e-02
1.560322752082689973e-02
1.661906263980647905e-02
1.766349823297723790e-02
1.873613022296106989e-02
1.983654492874091513e-02
2.096431922282236682e-02
2.211902069147061653e-02
2.330020779796571420e-02
2.450743004880932135e-02
2.574022816282291529e-02
2.699813424306923143e-02
2.828067195153462221e-02
2.958735668650769313e-02
3.091769576258129870e-02
3.227118859321879973e-02
3.364732687580859055e-02
3.504559477914574728e-02
3.646546913326405293e-02
3.790641962155268802e-02
3.936790897508817694e-02
4.084939316910528306e-02
4.235032162153987145e-02
4.387013739356870196e-02
4.540827739207685398e-02
4.696417257397222933e-02
4.853724815228524503e-02
5.012692380396567560e-02
5.173261387931538113e-02
5.335372761297231536e-02
5.498966933637689652e-02
5.663983869163942420e-02
5.830363084674131113e-02
5.998043671198572541e-02
6.166964315762349380e-02
6.337063323258464165e-02
6.508278638422695939e-02
6.680547867903686987e-02
6.853808302419511778e-02
7.027996938994174325e-02
7.203050503265058524e-02
7.378905471854652065e-02
7.555498094798224207e-02
7.732764418020221520e-02
7.910640305850995257e-02
8.089061463576963096e-02
8.267963460015774479e-02
8.447281750109388032e-02
8.626951697526892560e-02
8.806908597269630379e-02
8.987087698271260805e-02
9.167424225984269204e-02
9.347853404946601663e-02
9.528310481319332559e-02
9.708730745389454464e-02
9.889049554028649103e-02
1.006920235310175132e-01
1.024912469981674873e-01
1.042875228500948909e-01
1.060802095535479522e-01
1.078686673549776459e-01
1.096522585009694351e-01
1.114303474577277714e-01
1.132023011295371778e-01
1.149674890761310936e-01
1.167252837288968725e-01
1.184750606058419808e-01
1.202161985252581250e-01
1.219480798180087033e-01
1.236700905383744525e-01
1.253816206733826266e-01
1.270820643505606029e-01
1.287708200440407791e-01
1.304472907789507863e-01
1.321108843340258465e-01
1.337610134423781738e-01
1.353970959903551818e-01
1.370185552144284336e-01
1.386248198960447209e-01
1.402153245543855953e-01
1.417895096369626018e-01
1.433468217079976459e-01
1.448867136345287909e-01
1.464086447701702653e-01
1.479120811364877108e-01
1.493964956019164791e-01
1.508613680581736005e-01
1.523061855941059417e-01
1.537304426669253155e-01
1.551336412707667312e-01
1.565152911025306792e-01
1.578749097249464162e-01
1.592120227268126464e-01
1.605261638803622548e-01
1.618168752957089285e-01
1.630837075723180762e-01
1.643262199474656293e-01
1.655439804416326266e-01
1.667365660007944506e-01
1.679035626355624422e-01
1.690445655571297112e-01
1.701591793099884453e-01
1.712470179013727001e-01
1.723077049273903649e-01
1.733408736958045315e-01
1.743461673454289873e-01
1.753232389621043885e-01
1.762717516912154780e-01
1.771913788467193995e-01
1.780818040166561589e-01
1.789427211651025973e-01
1.797738347305445905e-01
1.805748597206442430e-01
1.813455218033586946e-01
1.820855573944069050e-01
1.827947137410370904e-01
1.834727490020875706e-01
1.841194323243063868e-01
1.847345439149211677e-01
1.853178751104246347e-01
1.858692284415686402e-01
1.863884176945400650e-01
1.868752679683132467e-01
1.873296157281474916e-01
1.877513088552329179e-01
1.881402066924600935e-01
1.884961800863046433e-01
1.888191114248208569e-01
1.891088946717278396e-01
1.893654353965890658e-01
1.895886508010679039e-01
1.897784697412650545e-01
1.899348327461279629e-01
1.900576920319254348e-01
1.901470115127966709e-01
1.902027668073626165e-01
1.902249452414112030e-01
1.902135458466463480e-01
1.901685793555181192e-01
1.900900681921258439e-01
1.899780464592091267e-01
1.898325599212286885e-01
1.896536659835461047e-01
1.894414336677145982e-01
1.891959435828869940e-01
1.889172878933580157e-01
1.886055702822494462e-01
1.882609059113532490e-01
1.878834213771535533e-01
1.874732546630347163e-01
1.870305550877011114e-01
1.865554832498254323e-01
1.860482109689439167e-01
1.855089212226210538e-01
1.849378080799101709e-01
1.843350766311239453e-01
1.837009429139520034e-01
1.830356338359406532e-01
1.823393870933685823e-01
1.816124510865466668e-01
1.808550848315650383e-01
1.800675578685242695e-01
1.792501501662809582e-01
1.784031520237382984e-01
1.775268639677176630e-01
1.766215966474407872e-01
1.756876707256687931e-01
1.747254167665210911e-01
1.737351751200255368e-01
1.727172958034301486e-01
1.716721383793147204e-01
1.706000718305532016e-01
1.695014744321590716e-01
1.683767336200611420e-01
1.672262458568510857e-01
1.660504164945477978e-01
1.648496596344294907e-01
1.636243979839707985e-01
1.623750627109383504e-01
1.611020932946948814e-01
1.598059373747526823e-01
1.584870505966365917e-01
1.571458964551017690e-01
1.557829461347540467e-01
1.543986783481389735e-01
1.529935791713346038e-01
1.515681418771194500e-01
1.501228667657548421e-01
1.486582609934531118e-01
1.471748383985744812e-01
1.456731193256137202e-01
1.441536304470406593e-01
1.426169045830441573e-01
1.410634805192419738e-01
1.394939028224190247e-01
1.379087216543493921e-01
1.363084925837670103e-01
1.346937763965429247e-01
1.330651389041350996e-01
1.314231507503728080e-01
1.297683872166313368e-01
1.281014280254761661e-01
1.264228571428215597e-01
1.247332625786867905e-01
1.230332361866004615e-01
1.213233734617261972e-01
1.196042733377763734e-01
1.178765379827731996e-01
1.161407725937317198e-01
1.143975851903298452e-01
1.126475864076253025e-01
1.108913892879004326e-01
1.091296090716930706e-01
1.073628629880831326e-01
1.055917700443100987e-01
1.038169508147751691e-01
1.020390272295225997e-01
1.002586223622358580e-01
9.847636021785324822e-02
9.669286551984140887e-02
9.490876349721941163e-02
9.312467967138955693e-02
9.134123964285106867e-02
8.955906887786613257e-02
8.777879249514203286e-02
8.600103505261096071e-02
8.422642033436517073e-02
8.245557113782922554e-02
8.068910906122420124e-02
7.892765429141472555e-02
7.717182539218442328e-02
7.542223909303308327e-02
7.367951007854364742e-02
7.194425077840757576e-02
7.021707115816094857e-02
6.849857851071458614e-02
6.678937724873858228e-02
6.509006869796844785e-02
6.340125089151245341e-02
6.172351836521184493e-02
6.005746195413948912e-02
5.840366859028668645e-02
5.676272110152109918e-02
5.513519801187136832e-02
5.352167334321140252e-02
5.192271641840386087e-02
5.033889166597989989e-02
4.877075842640314629e-02
4.721887076000101657e-02
4.568377725661296879e-02
4.416602084702775377e-02
4.266613861626852161e-02
4.118466161879145992e-02
3.972211469565874176e-02
3.827901629374375059e-02
3.685587828703743019e-02
3.545320580010621891e-02
3.407149703377038152e-02
3.271124309305330907e-02
3.137292781746694320e-02
3.005702761368521034e-02
2.876401129066748566e-02
2.749433989728180053e-02
2.624846656249020527e-02
2.502683633814425587e-02
2.382988604444831460e-02
2.265804411814293165e-02
2.151173046345761231e-02
2.039135630588877202e-02
1.929732404884849581e-02
1.823002713323680635e-02
1.718984989998373347e-02
1.617716745561114874e-02
1.519234554085742775e-02
1.423574040241513267e-02
1.330769866782166404e-02
1.240855722355174197e-02
1.153864309634817370e-02
1.069827333783942777e-02
9.887754912478835881e-03
9.107384588849583296e-03
8.357448834369817989e-03
7.638223713439376561e-03
6.949974789062141403e-03
6.292957027979126892e-03
5.667414709348346513e-03
5.073581337002574902e-03
4.511679555318024414e-03
3.981921068724234881e-03
3.484506564885467457e-03
3.019625641580402260e-03
2.587456737309728159e-03
2.188167065654974056e-03
1.821912553416366954e-03
1.488837782550189595e-03
1.189075935930643908e-03
9.227487469560931516e-04
6.899664530192632433e-04
4.908277528612646446e-04
