0.000000000000000000e+00
3.619127286081194605e-02
7.238254572162389211e-02
1.085738185824358382e-01
1.447650914432463409e-01
1.809563643040582870e-01
2.171476371648702330e-01
2.533389100256822069e-01
2.895301828864941251e-01
3.257214557473060990e-01
3.619127286081180173e-01
3.981040014689299911e-01
4.342952743297404661e-01
4.704865471905524399e-01
5.066778200513644137e-01
5.428690929121763320e-01
5.790603657729882503e-01
6.152516386338001686e-01
6.514429114946121979e-01
6.876341843554226729e-01
7.238254572162345912e-01
7.600167300770465095e-01
7.962080029378585388e-01
8.323992757986704571e-01
8.685905486594823754e-01
9.047818215202944048e-01
9.409730943811063231e-01
9.771643672419167981e-01
1.013355640102728827e+00
1.049546912963540635e+00
1.085738185824352664e+00
1.121929458685164693e+00
1.158120731545976501e+00
1.194312004406786976e+00
1.230503277267599005e+00
1.266694550128411034e+00
1.302885822989222842e+00
1.339077095850034871e+00
1.375268368710846678e+00
1.411459641571658707e+00
1.447650914432470737e+00
1.483842187293281212e+00
1.520033460154093019e+00
1.556224733014905048e+00
1.592416005875717078e+00
1.628607278736528885e+00
1.664798551597340914e+00
1.700989824458151389e+00
1.737181097318963419e+00
1.773372370179775226e+00
1.809563643040587255e+00
1.845754915901399285e+00
1.881946188762211092e+00
1.918137461623023121e+00
1.954328734483835150e+00
1.990520007344646958e+00
2.026711280205457655e+00
2.062902553066269462e+00
2.099093825927081269e+00
2.135285098787893521e+00
2.171476371648705328e+00
2.207667644509517135e+00
2.243858917370327610e+00
2.280050190231139862e+00
2.316241463091951669e+00
2.352432735952763476e+00
2.388624008813575728e+00
2.424815281674387535e+00
2.461006554535199342e+00
2.497197827396011593e+00
2.533389100256823401e+00
2.569580373117633876e+00
2.605771645978445683e+00
2.641962918839257934e+00
2.678154191700069742e+00
2.714345464560881549e+00
2.750536737421692024e+00
2.786728010282504275e+00
2.822919283143316083e+00
2.859110556004127890e+00
2.895301828864939697e+00
2.931493101725751949e+00
2.967684374586563756e+00
3.003875647447375563e+00
3.040066920308187814e+00
3.076258193168999622e+00
3.112449466029810097e+00
3.148640738890621904e+00
3.184832011751434155e+00
3.221023284612245963e+00
3.257214557473056438e+00
3.293405830333868245e+00
3.329597103194680496e+00
3.365788376055492304e+00
3.401979648916304111e+00
3.438170921777116362e+00
3.474362194637928170e+00
3.510553467498739977e+00
3.546744740359552228e+00
3.582936013220364035e+00
3.619127286081175843e+00
3.655318558941986318e+00
3.691509831802798569e+00
3.727701104663610376e+00
3.763892377524422184e+00
3.800083650385232659e+00
3.836274923246044910e+00
3.872466196106856717e+00
3.908657468967668525e+00
3.944848741828480776e+00
3.981040014689292583e+00
4.017231287550104391e+00
4.053422560410916198e+00
4.089613833271728005e+00
4.125805106132540701e+00
4.161996378993352508e+00
4.198187651854161651e+00
4.234378924714976122e+00
4.270570197575785265e+00
4.306761470436597072e+00
4.342952743297408880e+00
4.379144016158220687e+00
4.415335289019033382e+00
4.451526561879845190e+00
4.487717834740656997e+00
4.523909107601468804e+00
4.560100380462280611e+00
4.596291653323092419e+00
4.632482926183905114e+00
4.668674199044716921e+00
4.704865471905528729e+00
4.741056744766337872e+00
4.777248017627152343e+00
4.813439290487961486e+00
4.849630563348773293e+00
4.885821836209585101e+00
4.922013109070397796e+00
4.958204381931209603e+00
4.994395654792021411e+00
5.030586927652833218e+00
5.066778200513645025e+00
5.102969473374456832e+00
5.139160746235269528e+00
5.175352019096081335e+00
5.211543291956893142e+00
5.247734564817704950e+00
5.283925837678514092e+00
5.320117110539328564e+00
5.356308383400137707e+00
5.392499656260949514e+00
5.428690929121762210e+00
5.464882201982574017e+00
5.501073474843385824e+00
5.537264747704197632e+00
5.573456020565009439e+00
5.609647293425821246e+00
5.645838566286633053e+00
5.682029839147445749e+00
5.718221112008257556e+00
5.754412384869069363e+00
5.790603657729881171e+00
5.826794930590690313e+00
5.862986203451504785e+00
5.899177476312313928e+00
5.935368749173125735e+00
5.971560022033938431e+00
6.007751294894750238e+00
6.043942567755562045e+00
6.080133840616373853e+00
6.116325113477185660e+00
6.152516386337997467e+00
6.188707659198810163e+00
6.224898932059621970e+00
6.261090204920433777e+00
6.297281477781242920e+00
6.333472750642057392e+00
6.369664023502866534e+00
6.405855296363681894e+00
6.442046569224490149e+00
6.478237842085302844e+00
6.514429114946114652e+00
6.550620387806926459e+00
6.586811660667738266e+00
6.623002933528550074e+00
6.659194206389361881e+00
6.695385479250174576e+00
6.731576752110986384e+00
6.767768024971795526e+00
6.803959297832609998e+00
6.840150570693419141e+00
6.876341843554233613e+00
6.912533116415042755e+00
6.948724389275858115e+00
6.984915662136667258e+00
7.021106934997479065e+00
7.057298207858290873e+00
7.093489480719102680e+00
7.129680753579914487e+00
7.165872026440726295e+00
7.202063299301538990e+00
7.238254572162350797e+00
7.274445845023162605e+00
7.310637117883971747e+00
7.346828390744786219e+00
7.383019663605595362e+00
7.419210936466409834e+00
7.455402209327218976e+00
7.491593482188034336e+00
7.527784755048843479e+00
7.563976027909655286e+00
7.600167300770467094e+00
7.636358573631278901e+00
7.672549846492090708e+00
7.708741119352902516e+00
7.744932392213715211e+00
7.781123665074527018e+00
7.817314937935338826e+00
7.853506210796147968e+00
7.889697483656962440e+00
7.925888756517771583e+00
7.962080029378586943e+00
7.998271302239395197e+00
8.034462575100210557e+00
8.070653847961018812e+00
8.106845120821830619e+00
8.143036393682644203e+00
8.179227666543456010e+00
8.215418939404267817e+00
8.251610212265079625e+00
8.287801485125891432e+00
8.323992757986703239e+00
8.360184030847515047e+00
8.396375303708323301e+00
8.432566576569138661e+00
8.468757849429948692e+00
8.504949122290762276e+00
8.541140395151572307e+00
8.577331668012385890e+00
8.613522940873195921e+00
8.649714213734007728e+00
8.685905486594819536e+00
8.722096759455631343e+00
8.758288032316443150e+00
8.794479305177254957e+00
8.830670578038066765e+00
8.866861850898880348e+00
8.903053123759692156e+00
8.939244396620500410e+00
8.975435669481315770e+00
9.011626942342124025e+00
9.047818215202939385e+00
9.084009488063747639e+00
9.120200760924562999e+00
9.156392033785373030e+00
9.192583306646184838e+00
9.228774579506996645e+00
9.264965852367808452e+00
9.301157125228620259e+00
9.337348398089432067e+00
9.373539670950243874e+00
9.409730943811052128e+00
9.445922216671867488e+00
9.482113489532677519e+00
9.518304762393491103e+00
9.554496035254301134e+00
9.590687308115114718e+00
9.626878580975924748e+00
9.663069853836736556e+00
9.699261126697548363e+00
9.735452399558360170e+00
9.771643672419171978e+00
9.807834945279983785e+00
9.844026218140795592e+00
9.880217491001607399e+00
9.916408763862420983e+00
9.952600036723229238e+00
9.988791309584044598e+00
1.002498258244485285e+01
1.006117385530566821e+01
1.009736512816647647e+01
1.013355640102729183e+01
1.016974767388810008e+01
1.020593894674891366e+01
1.024213021960972547e+01
1.027832149247053728e+01
1.031451276533134909e+01
1.035070403819216089e+01
1.038689531105297270e+01
1.042308658391378451e+01
1.045927785677459632e+01
1.049546912963540635e+01
1.053166040249621993e+01
1.056785167535702996e+01
1.060404294821784354e+01
1.064023422107865358e+01
1.067642549393946894e+01
1.071261676680027719e+01
1.074880803966108900e+01
1.078499931252190080e+01
1.082119058538271261e+01
1.085738185824352442e+01
1.089357313110433623e+01
1.092976440396514803e+01
1.096595567682596162e+01
1.100214694968677343e+01
1.103833822254758168e+01
1.107452949540839704e+01
1.111072076826920529e+01
1.114691204113002065e+01
1.118310331399082891e+01
1.121929458685164427e+01
1.125548585971245430e+01
1.129167713257326611e+01
1.132786840543407791e+01
1.136405967829488972e+01
1.140025095115570153e+01
1.143644222401651334e+01
1.147263349687732514e+01
1.150882476973813695e+01
1.154501604259894876e+01
1.158120731545975879e+01
1.161739858832057237e+01
1.165358986118138240e+01
1.168978113404219776e+01
1.172597240690300602e+01
1.176216367976382138e+01
1.179835495262462963e+01
1.183454622548544144e+01
1.187073749834625325e+01
1.190692877120706505e+01
1.194312004406787686e+01
1.197931131692869045e+01
1.201550258978950225e+01
1.205169386265031051e+01
1.208788513551112587e+01
1.212407640837193412e+01
1.216026768123274948e+01
1.219645895409355774e+01
1.223265022695437310e+01
1.226884149981518313e+01
1.230503277267599671e+01
1.234122404553680674e+01
1.237741531839761855e+01
1.241360659125843036e+01
1.244979786411924216e+01
1.248598913698005397e+01
1.252218040984086578e+01
1.255837168270167759e+01
1.259456295556248762e+01
1.263075422842330120e+01
1.266694550128411123e+01
1.270313677414492481e+01
1.273932804700573485e+01
1.277551931986655021e+01
1.281171059272735846e+01
1.284790186558817027e+01
1.288409313844898207e+01
1.292028441130979388e+01
1.295647568417060569e+01
1.299266695703141750e+01
1.302885822989223108e+01
1.306504950275304111e+01
1.310124077561385647e+01
1.313743204847466473e+01
1.317362332133548009e+01
1.320981459419628834e+01
1.324600586705710370e+01
1.328219713991791195e+01
1.331838841277872731e+01
1.335457968563953557e+01
1.339077095850035093e+01
1.342696223136116096e+01
1.346315350422197454e+01
1.349934477708278457e+01
1.353553604994359283e+01
1.357172732280440819e+01
1.360791859566521644e+01
1.364410986852603180e+01
1.368030114138684183e+01
1.371649241424765542e+01
1.375268368710846545e+01
1.378887495996927903e+01
1.382506623283008906e+01
1.386125750569090442e+01
1.389744877855171268e+01
1.393364005141252804e+01
1.396983132427333629e+01
1.400602259713415165e+01
1.404221386999495991e+01
1.407840514285576994e+01
1.411459641571658352e+01
1.415078768857739355e+01
1.418697896143820891e+01
1.422317023429901717e+01
1.425936150715983253e+01
1.429555278002064078e+01
1.433174405288145614e+01
1.436793532574226440e+01
1.440412659860307976e+01
1.444031787146388979e+01
1.447650914432470337e+01
1.451270041718551340e+01
1.454889169004632699e+01
1.458508296290713702e+01
1.462127423576794527e+01
1.465746550862876063e+01
1.469365678148957066e+01
1.472984805435038425e+01
1.476603932721119428e+01
1.480223060007200786e+01
1.483842187293281789e+01
1.487461314579363325e+01
1.491080441865444151e+01
1.494699569151525687e+01
1.498318696437606512e+01
1.501937823723688048e+01
1.505556951009768873e+01
1.509176078295849877e+01
1.512795205581931235e+01
1.516414332868012238e+01
1.520033460154093774e+01
1.523652587440174599e+01
1.527271714726256135e+01
1.530890842012336961e+01
1.534509969298418497e+01
1.538129096584499322e+01
1.541748223870580858e+01
1.545367351156661861e+01
1.548986478442743220e+01
1.552605605728824223e+01
1.556224733014905581e+01
1.559843860300986584e+01
1.563462987587067410e+01
1.567082114873148946e+01
1.570701242159229771e+01
1.574320369445311307e+01
1.577939496731392310e+01
1.581558624017473669e+01
1.585177751303554672e+01
1.588796878589636030e+01
1.592416005875717033e+01
1.596035133161798569e+01
1.599654260447879395e+01
1.603273387733960931e+01
1.606892515020041756e+01
1.610511642306123292e+01
1.614130769592204118e+01
1.617749896878284943e+01
1.621369024164366479e+01
1.624988151450447660e+01
1.628607278736528841e+01
1.632226406022610021e+01
1.635845533308691202e+01
1.639464660594772383e+01
1.643083787880853919e+01
1.646702915166934744e+01
1.650322042453016280e+01
1.653941169739097106e+01
1.657560297025178642e+01
1.661179424311259467e+01
1.664798551597341003e+01
1.668417678883421829e+01
1.672036806169502654e+01
1.675655933455584190e+01
1.679275060741665015e+01
1.682894188027746551e+01
1.686513315313827377e+01
1.690132442599908913e+01
1.693751569885989738e+01
1.697370697172071274e+01
1.700989824458152455e+01
1.704608951744233636e+01
1.708228079030314817e+01
1.711847206316395997e+01
1.715466333602477178e+01
1.719085460888558714e+01
1.722704588174639539e+01
1.726323715460720365e+01
1.729942842746801901e+01
1.733561970032882726e+01
1.737181097318964262e+01
1.740800224605045088e+01
1.744419351891126624e+01
1.748038479177207449e+01
1.751657606463288985e+01
1.755276733749369811e+01
1.758895861035451347e+01
1.762514988321532172e+01
1.766134115607613708e+01
1.769753242893694534e+01
1.773372370179776070e+01
1.776991497465857250e+01
1.780610624751938076e+01
1.784229752038019612e+01
1.787848879324100437e+01
1.791468006610181973e+01
1.795087133896262799e+01
1.798706261182344335e+01
1.802325388468425160e+01
1.805944515754506696e+01
1.809563643040587522e+01
1.813182770326669058e+01
1.816801897612749883e+01
1.820421024898831419e+01
1.824040152184912245e+01
1.827659279470993070e+01
1.831278406757074606e+01
1.834897534043155787e+01
1.838516661329236968e+01
1.842135788615318148e+01
1.845754915901399329e+01
1.849374043187480510e+01
1.852993170473562046e+01
1.856612297759642871e+01
1.860231425045724407e+01
1.863850552331805233e+01
1.867469679617886769e+01
1.871088806903967594e+01
1.874707934190049130e+01
1.878327061476129956e+01
1.881946188762210781e+01
1.885565316048292317e+01
1.889184443334373142e+01
1.892803570620454678e+01
1.896422697906535504e+01
1.900041825192617040e+01
1.903660952478697865e+01
1.907280079764779401e+01
1.910899207050860582e+01
1.914518334336941763e+01
1.918137461623022944e+01
1.921756588909104124e+01
1.925375716195185305e+01
1.928994843481266841e+01
1.932613970767347666e+01
1.936233098053428492e+01
1.939852225339510028e+01
1.943471352625590853e+01
1.947090479911672389e+01
1.950709607197753215e+01
1.954328734483834751e+01
1.957947861769915576e+01
1.961566989055997112e+01
1.965186116342077938e+01
1.968805243628159474e+01
1.972424370914240299e+01
1.976043498200321835e+01
1.979662625486402661e+01
1.983281752772484197e+01
1.986900880058565377e+01
1.990520007344646203e+01
1.994139134630727739e+01
1.997758261916808564e+01
2.001377389202890100e+01
2.004996516488970926e+01
2.008615643775052462e+01
2.012234771061133287e+01
2.015853898347214823e+01
2.019473025633295649e+01
2.023092152919377185e+01
2.026711280205458010e+01
2.030330407491539546e+01
2.033949534777620372e+01
2.037568662063701908e+01
2.041187789349782733e+01
2.044806916635863914e+01
2.048426043921945094e+01
2.052045171208026275e+01
2.055664298494107811e+01
2.059283425780188637e+01
2.062902553066270173e+01
2.066521680352350998e+01
2.070140807638432534e+01
2.073759934924513360e+01
2.077379062210594896e+01
2.080998189496675721e+01
2.084617316782757257e+01
2.088236444068838082e+01
2.091855571354918908e+01
2.095474698641000444e+01
2.099093825927081269e+01
2.102712953213162805e+01
2.106332080499243631e+01
2.109951207785325167e+01
2.113570335071406348e+01
2.117189462357487528e+01
2.120808589643568709e+01
2.124427716929649890e+01
2.128046844215731070e+01
2.131665971501812606e+01
2.135285098787893432e+01
2.138904226073974968e+01
2.142523353360055793e+01
2.146142480646136619e+01
2.149761607932218155e+01
2.153380735218298980e+01
2.156999862504380516e+01
2.160618989790461342e+01
2.164238117076542878e+01
2.167857244362623703e+01
2.171476371648705239e+01
2.175095498934786065e+01
2.178714626220867601e+01
2.182333753506948426e+01
2.185952880793029962e+01
2.189572008079111143e+01
2.193191135365192324e+01
2.196810262651273504e+01
2.200429389937354330e+01
2.204048517223435866e+01
2.207667644509516691e+01
2.211286771795598227e+01
2.214905899081679053e+01
2.218525026367760589e+01
2.222144153653841414e+01
2.225763280939922950e+01
2.229382408226003776e+01
2.233001535512085312e+01
2.236620662798166137e+01
2.240239790084247673e+01
2.243858917370328498e+01
2.247478044656410034e+01
2.251097171942490860e+01
2.254716299228572041e+01
2.258335426514653221e+01
2.261954553800734402e+01
2.265573681086815938e+01
2.269192808372896764e+01
2.272811935658978300e+01
2.276431062945059125e+01
2.280050190231140661e+01
2.283669317517221486e+01
2.287288444803303022e+01
2.290907572089383848e+01
2.294526699375465384e+01
2.298145826661546209e+01
2.301764953947627745e+01
2.305384081233708571e+01
2.309003208519789396e+01
2.312622335805870932e+01
2.316241463091951758e+01
2.319860590378033294e+01
2.323479717664114474e+01
2.327098844950195655e+01
2.330717972236276836e+01
2.334337099522358017e+01
2.337956226808439197e+01
2.341575354094520733e+01
2.345194481380601559e+01
2.348813608666683095e+01
2.352432735952763920e+01
2.356051863238844746e+01
2.359670990524926282e+01
2.363290117811007107e+01
2.366909245097088643e+01
2.370528372383169469e+01
2.374147499669251005e+01
2.377766626955331830e+01
2.381385754241413366e+01
2.385004881527494192e+01
2.388624008813575728e+01
2.392243136099656553e+01
2.395862263385738089e+01
2.399481390671819270e+01
2.403100517957900450e+01
2.406719645243981631e+01
2.410338772530062457e+01
2.413957899816143993e+01
2.417577027102224818e+01
2.421196154388306354e+01
2.424815281674387180e+01
2.428434408960468716e+01
2.432053536246549541e+01
2.435672663532631077e+01
2.439291790818711902e+01
2.442910918104793438e+01
2.446530045390874264e+01
2.450149172676955800e+01
2.453768299963036625e+01
2.457387427249118161e+01
2.461006554535198987e+01
2.464625681821280168e+01
2.468244809107361704e+01
2.471863936393442529e+01
2.475483063679524065e+01
2.479102190965604890e+01
2.482721318251686426e+01
2.486340445537767252e+01
2.489959572823848788e+01
2.493578700109929613e+01
2.497197827396011149e+01
2.500816954682091975e+01
2.504436081968173511e+01
2.508055209254254336e+01
2.511674336540335872e+01
2.515293463826416698e+01
2.518912591112497523e+01
2.522531718398579059e+01
2.526150845684660240e+01
2.529769972970741421e+01
2.533389100256822601e+01
2.537008227542903782e+01
2.540627354828984963e+01
2.544246482115066499e+01
2.547865609401147324e+01
2.551484736687228860e+01
2.555103863973309686e+01
2.558722991259391222e+01
2.562342118545472047e+01
2.565961245831553583e+01
2.569580373117634409e+01
2.573199500403715234e+01
2.576818627689796770e+01
2.580437754975877596e+01
2.584056882261959132e+01
2.587676009548039957e+01
2.591295136834121493e+01
2.594914264120202319e+01
2.598533391406283499e+01
2.602152518692365035e+01
2.605771645978445861e+01
2.609390773264527397e+01
2.613009900550608222e+01
2.616629027836689758e+01
2.620248155122770584e+01
2.623867282408852120e+01
2.627486409694932945e+01
2.631105536981014481e+01
2.634724664267095307e+01
2.638343791553176843e+01
2.641962918839257668e+01
2.645582046125339204e+01
2.649201173411420029e+01
2.652820300697500855e+01
2.656439427983582391e+01
2.660058555269663572e+01
2.663677682555744752e+01
2.667296809841825933e+01
2.670915937127907114e+01
2.674535064413988295e+01
2.678154191700069831e+01
2.681773318986150656e+01
2.685392446272232192e+01
2.689011573558313017e+01
2.692630700844394553e+01
2.696249828130475379e+01
2.699868955416556915e+01
2.703488082702637740e+01
2.707107209988718566e+01
2.710726337274800102e+01
2.714345464560880927e+01
2.717964591846962463e+01
2.721583719133043289e+01
2.725202846419124825e+01
2.728821973705205650e+01
2.732441100991287186e+01
2.736060228277368367e+01
2.739679355563449548e+01
2.743298482849530728e+01
2.746917610135611909e+01
2.750536737421693090e+01
2.754155864707773915e+01
2.757774991993855451e+01
2.761394119279936277e+01
2.765013246566017813e+01
2.768632373852098638e+01
2.772251501138180174e+01
2.775870628424261000e+01
2.779489755710342536e+01
2.783108882996423361e+01
2.786728010282504897e+01
2.790347137568585723e+01
2.793966264854667259e+01
2.797585392140748084e+01
2.801204519426829620e+01
2.804823646712910445e+01
2.808442773998991626e+01
2.812061901285073162e+01
2.815681028571153988e+01
2.819300155857235524e+01
2.822919283143316349e+01
2.826538410429397885e+01
2.830157537715478711e+01
2.833776665001560247e+01
2.837395792287641072e+01
2.841014919573722608e+01
2.844634046859803433e+01
2.848253174145884969e+01
2.851872301431965795e+01
2.855491428718047331e+01
2.859110556004128156e+01
2.862729683290208982e+01
2.866348810576290518e+01
2.869967937862371699e+01
2.873587065148452879e+01
2.877206192434534060e+01
2.880825319720615596e+01
2.884444447006696421e+01
2.888063574292777957e+01
2.891682701578858783e+01
2.895301828864940319e+01
2.898920956151021144e+01
2.902540083437102680e+01
2.906159210723183506e+01
2.909778338009265042e+01
2.913397465295345867e+01
2.917016592581426693e+01
2.920635719867508229e+01
2.924254847153589054e+01
2.927873974439670590e+01
2.931493101725751416e+01
2.935112229011832952e+01
2.938731356297914132e+01
2.942350483583995313e+01
2.945969610870076494e+01
2.949588738156157675e+01
2.953207865442238855e+01
2.956826992728320391e+01
2.960446120014401217e+01
2.964065247300482753e+01
2.967684374586563578e+01
2.971303501872644404e+01
2.974922629158725940e+01
2.978541756444806765e+01
2.982160883730888301e+01
2.985780011016969127e+01
2.989399138303050663e+01
2.993018265589131488e+01
2.996637392875213024e+01
3.000256520161293849e+01
3.003875647447375385e+01
3.007494774733456211e+01
3.011113902019537747e+01
3.014733029305618928e+01
3.018352156591699753e+01
3.021971283877781289e+01
3.025590411163862115e+01
3.029209538449943651e+01
3.032828665736024476e+01
3.036447793022106012e+01
3.040066920308186837e+01
3.043686047594268373e+01
3.047305174880349199e+01
3.050924302166430735e+01
3.054543429452511560e+01
3.058162556738593096e+01
3.061781684024673922e+01
3.065400811310755458e+01
3.069019938596836283e+01
3.072639065882917464e+01
3.076258193168998645e+01
3.079877320455079825e+01
3.083496447741161006e+01
3.087115575027242187e+01
3.090734702313323723e+01
3.094353829599404548e+01
3.097972956885486084e+01
3.101592084171566910e+01
3.105211211457648446e+01
3.108830338743729271e+01
3.112449466029810807e+01
3.116068593315891633e+01
3.119687720601973169e+01
3.123306847888053994e+01
3.126925975174134820e+01
3.130545102460216356e+01
3.134164229746297181e+01
3.137783357032378717e+01
3.141402484318459543e+01
3.145021611604541079e+01
3.148640738890622259e+01
3.152259866176703440e+01
3.155878993462784621e+01
3.159498120748865801e+01
3.163117248034946982e+01
3.166736375321028518e+01
3.170355502607109344e+01
3.173974629893190880e+01
3.177593757179271705e+01
3.181212884465352531e+01
3.184832011751434067e+01
3.188451139037514892e+01
3.192070266323596428e+01
3.195689393609677253e+01
3.199308520895758789e+01
3.202927648181839970e+01
3.206546775467921151e+01
3.210165902754002332e+01
3.213785030040083512e+01
3.217404157326164693e+01
3.221023284612245874e+01
3.224642411898327055e+01
3.228261539184408235e+01
3.231880666470489416e+01
3.235499793756569886e+01
3.239118921042651777e+01
3.242738048328732248e+01
3.246357175614814139e+01
3.249976302900895320e+01
3.253595430186976500e+01
3.257214557473057681e+01
3.260833684759138862e+01
3.264452812045220043e+01
3.268071939331301223e+01
3.271691066617382404e+01
3.275310193903463585e+01
3.278929321189544766e+01
3.282548448475625236e+01
3.286167575761707127e+01
3.289786703047787597e+01
3.293405830333869488e+01
3.297024957619949959e+01
3.300644084906031850e+01
3.304263212192112320e+01
3.307882339478194211e+01
3.311501466764274682e+01
3.315120594050356573e+01
3.318739721336437043e+01
3.322358848622518934e+01
3.325977975908600115e+01
3.329597103194681296e+01
3.333216230480762476e+01
3.336835357766842947e+01
3.340454485052924838e+01
3.344073612339005308e+01
3.347692739625087199e+01
3.351311866911167670e+01
3.354930994197249561e+01
3.358550121483330031e+01
3.362169248769411922e+01
3.365788376055492392e+01
3.369407503341574284e+01
3.373026630627654754e+01
3.376645757913736645e+01
3.380264885199817115e+01
3.383884012485899007e+01
3.387503139771979477e+01
3.391122267058060658e+01
3.394741394344141838e+01
3.398360521630223019e+01
3.401979648916304910e+01
3.405598776202385380e+01
3.409217903488467272e+01
3.412837030774547742e+01
3.416456158060629633e+01
3.420075285346710103e+01
3.423694412632791995e+01
3.427313539918872465e+01
3.430932667204954356e+01
3.434551794491034826e+01
3.438170921777116718e+01
3.441790049063197188e+01
3.445409176349278368e+01
3.449028303635359549e+01
3.452647430921440730e+01
3.456266558207521911e+01
3.459885685493603091e+01
3.463504812779684272e+01
3.467123940065765453e+01
3.470743067351846634e+01
3.474362194637927814e+01
3.477981321924009706e+01
3.481600449210090176e+01
3.485219576496172067e+01
3.488838703782252537e+01
3.492457831068334428e+01
3.496076958354414899e+01
3.499696085640496079e+01
3.503315212926577260e+01
3.506934340212658441e+01
3.510553467498739622e+01
3.514172594784820802e+01
3.517791722070901983e+01
3.521410849356983164e+01
3.525029976643064344e+01
3.528649103929145525e+01
3.532268231215226706e+01
3.535887358501307887e+01
3.539506485787389067e+01
3.543125613073470248e+01
3.546744740359552139e+01
3.550363867645632610e+01
3.553982994931713790e+01
3.557602122217794971e+01
3.561221249503876152e+01
3.564840376789957332e+01
3.568459504076038513e+01
3.572078631362119694e+01
3.575697758648200875e+01
3.579316885934282055e+01
3.582936013220363236e+01
3.586555140506444417e+01
3.590174267792525598e+01
3.593793395078606778e+01
3.597412522364687959e+01
3.601031649650769140e+01
3.604650776936850320e+01
3.608269904222931501e+01
3.611889031509012682e+01
3.615508158795093863e+01
