0.000000000000000000e+00
1.140723642858448135e-06
4.564995999239522190e-06
1.027436447905189670e-05
1.826823482105872803e-05
2.854386955079912336e-05
4.109638763392463431e-05
5.591876532845129096e-05
7.300183824013450483e-05
9.233430458582307589e-05
1.139027296701168032e-04
1.376915515810577721e-04
1.636830881122581561e-04
1.918575449175233792e-04
2.221930249062518167e-04
2.546655388877350559e-04
2.892490174726958111e-04
3.259153242417595531e-04
3.646342701896859652e-04
4.053736294560337876e-04
4.480991563522711166e-04
4.927746036958385130e-04
5.393617424629194076e-04
5.878203827704083255e-04
6.381083961989673752e-04
6.901817394691969190e-04
7.439944794821517831e-04
7.994988197367042379e-04
8.566451281364143022e-04
9.153819661959506629e-04
9.756561196619919964e-04
1.037412630558236628e-03
1.100594830667413638e-03
1.165144376462923237e-03
1.231001285498755727e-03
1.298103974272459687e-03
1.366389297569528451e-03
1.435792589300035824e-03
1.506247704838747318e-03
1.577687064876128484e-03
1.650041700791799034e-03
1.723241301555693316e-03
1.797214262167538433e-03
1.871887733638560088e-03
1.947187674523158211e-03
2.023038904005981624e-03
2.099365156547310009e-03
2.176089138089669882e-03
2.253132583829860897e-03
2.330416317554470651e-03
2.407860312540843414e-03
2.485383754020674754e-03
2.562905103203944827e-03
2.640342162857441458e-03
2.717612144435956143e-03
2.794631736752507204e-03
2.871317176184731267e-03
2.947584318404507676e-03
3.023348711616626657e-03
3.098525671296493630e-03
3.173030356406789793e-03
3.246777847079659191e-03
3.319683223740141353e-03
3.391661647651965285e-03
3.462628442863528548e-03
3.532499179522110861e-03
3.601189758536035498e-03
3.668616497548372272e-03
3.734696218193046553e-03
3.799346334596877001e-03
3.862484943092009231e-03
3.924030913097853630e-03
3.983903979130710114e-03
4.042024833899534458e-03
4.098315222433912379e-03
4.152698037206060955e-03
4.205097414182398970e-03
4.255438829761080434e-03
4.303649198531479120e-03
4.349656971799243863e-03
4.393392236814763416e-03
4.434786816637249600e-03
4.473774370572540342e-03
4.510290495107975584e-03
4.544272825278744023e-03
4.575661136382724523e-03
4.604397445973695130e-03
4.630426116048262999e-03
4.653693955342205930e-03
4.674150321654545193e-03
4.691747224110619403e-03
4.706439425268974311e-03
4.718184542986817234e-03
4.726943151942340597e-03
4.732678884718995692e-03
4.735358532352030789e-03
4.734952144234066268e-03
4.731433127274704831e-03
4.724778344209763781e-03
4.714968210949987450e-03
4.701986792858449914e-03
4.685821899846953631e-03
4.666465180171427106e-03
4.643912212816338377e-03
4.618162598349002598e-03
4.589220048121275819e-03
4.557092471702054587e-03
4.521792062417823686e-03
4.483335380875997159e-03
4.441743436349288032e-03
4.397041765896909232e-03
4.349260511092065996e-03
4.298434492234561553e-03
4.244603279917876643e-03
4.187811263824893840e-03
4.128107718622206664e-03
4.065546866828880120e-03
4.000187938526894756e-03
3.932095227789990030e-03
3.861338145700633599e-03
3.787991269829337794e-03
3.712134390048965095e-03
3.633852550561272703e-03
3.553236088009515022e-03
3.470380665551867864e-03
3.385387302779734563e-03
3.298362401355510020e-03
3.209417766252049223e-03
3.118670622482440629e-03
3.026243627198089980e-03
2.932264877048930841e-03
2.836867910694207840e-03
2.740191706357254699e-03
2.642380674320175815e-03
2.543584644258720367e-03
2.443958847317394181e-03
2.343663892835191366e-03
2.242865739626981325e-03
2.141735661736639089e-03
2.040450208580415169e-03
1.939191159399707674e-03
1.838145471952387991e-03
1.737505225372074601e-03
1.637467557132090334e-03
1.538234594054147539e-03
1.440013377308723514e-03
1.343015781358923013e-03
1.247458426802907153e-03
1.153562587080536866e-03
1.061554089010374301e-03
9.716632071331623988e-04
8.841245518429647916e-04
7.991769512918793289e-04
7.170633270640230971e-04
6.380305636181985958e-04
5.623293715063464948e-04
4.902141443839516189e-04
4.219428098312104120e-04
3.577766740156207935e-04
2.979802602307539275e-04
2.428211413552722935e-04
1.925697662817166473e-04
1.474992803753400969e-04
1.078853400269822664e-04
7.400592137543918149e-05
4.614112327958355372e-05
2.457296463093153703e-05
9.585176102785556210e-06
1.462986442075675787e-06
4.929034167360770080e-07
6.962489539904944696e-06
2.116013270008231095e-05
4.337481183442791141e-05
7.389585779027188787e-05
1.130127095277325827e-04
1.610146658245854487e-04
2.181906326518552705e-04
2.848288663968329029e-04
3.612167131173900955e-04
4.476403440197652202e-04
5.443844873594183087e-04
6.517321569702400020e-04
7.699643776385050372e-04
8.993599075402083139e-04
1.040194957971978798e-03
1.192742910610101754e-03
1.357274032538609287e-03
1.534055189294953724e-03
1.723349556189866837e-03
1.925416328158788010e-03
2.140510428414693894e-03
2.368882216171862200e-03
2.610777193720875602e-03
2.866435713136953212e-03
3.136092682908412158e-03
3.419977274779435576e-03
3.718312631104180293e-03
4.031315573012846099e-03
4.359196309693776777e-03
4.702158149103118426e-03
5.060397210410736042e-03
5.434102138497164808e-03
5.823453820822268798e-03
6.228625106980734821e-03
6.649780531266046880e-03
7.087076038570404996e-03
7.540658713937128596e-03
8.010666516094739481e-03
8.497228015298891393e-03
9.000462135800307503e-03
9.520477903272808393e-03
1.005737419751363305e-02
1.061123951075156578e-02
1.118215171187024980e-02
1.177017781687613937e-02
1.237537376592324177e-02
1.299778420720361372e-02
1.363744228802620841e-02
1.429436945337391254e-02
1.496857525225789992e-02
1.566005715215318742e-02
1.636880036182008710e-02
1.709477766278792721e-02
1.783794924979328900e-02
1.859826258044142144e-02
1.937565223436284179e-02
2.017003978212552132e-02
2.098133366415942322e-02
2.180942907993914034e-02
2.265420788766086407e-02
2.351553851464999872e-02
2.439327587871255656e-02
2.528726132064899185e-02
2.619732254812734765e-02
2.712327359111171496e-02
2.806491476902498935e-02
2.902203266981619525e-02
2.999440014109611488e-02
3.098177629348429149e-02
3.198390651630765580e-02
3.300052250577347607e-02
3.403134230573109237e-02
3.507607036112141835e-02
3.613439758419564191e-02
3.720600143358758494e-02
3.829054600629427929e-02
3.938768214260680856e-02
4.049704754403981449e-02
4.161826690425968200e-02
4.275095205303446749e-02
4.389470211318689807e-02
4.504910367053060333e-02
4.621373095675018056e-02
4.738814604517872092e-02
4.857189905939655189e-02
4.976452839458200827e-02
5.096556095150649168e-02
5.217451238307316275e-02
5.339088735326573409e-02
5.461417980837476177e-02
5.584387326033952992e-02
5.707944108203915484e-02
5.832034681435503687e-02
5.956604448479256575e-02
6.081597893746131661e-02
6.206958617418286556e-02
6.332629370648291955e-02
6.458552091821283259e-02
6.584667943853744765e-02
6.710917352500242461e-02
6.837240045638239005e-02
6.963575093500758151e-02
7.089860949824440539e-02
7.216035493880136598e-02
7.342036073350007019e-02
7.467799548017467481e-02
7.593262334230800603e-02
7.718360450104749804e-02
7.843029561418522755e-02
7.967205028172207049e-02
8.090821951758628283e-02
8.213815222710101061e-02
8.336119568976355088e-02
8.457669604688736187e-02
8.578399879368210634e-02
8.698244927529591441e-02
8.817139318637397249e-02
8.935017707364381612e-02
9.051814884108046189e-02
9.167465825714736505e-02
9.281905746363561249e-02
9.395070148561349144e-02
9.506894874199126044e-02
9.617316155619420881e-02
9.726270666646147367e-02
9.833695573524597888e-02
9.939528585723055032e-02
1.004370800654400264e-01
1.014617278349470852e-01
1.024686255836738391e-01
1.034571771697670728e-01
1.044267943850574198e-01
1.053768974440934814e-01
1.063069154682558248e-01
1.072162869644350258e-01
1.081044602978184083e-01
1.089708941582532009e-01
1.098150580197337356e-01
1.106364325925184855e-01
1.114345102674135224e-01
1.122087955517440533e-01
1.129588054965721122e-01
1.136840701146976385e-01
1.143841327890013776e-01
1.150585506707039324e-01
1.157068950671075874e-01
1.163287518184191460e-01
1.169237216632333515e-01
1.174914205922972937e-01
1.180314801901811289e-01
1.185435479644605383e-01
1.190272876620881159e-01
1.194823795725813292e-01
1.199085208177162187e-01
1.203054256274042472e-01
1.206728256014475142e-01
1.210104699568876063e-01
1.213181257606808228e-01
1.215955781474343245e-01
1.218426305219671157e-01
1.220591047464705259e-01
1.222448413120551525e-01
1.223996994944981653e-01
1.225235574940097966e-01
1.226163125588639602e-01
1.226778810927451335e-01
1.227081987457041140e-01
1.227072204885864964e-01
1.226749206708832723e-01
1.226112930618944857e-01
1.225163508751829500e-01
1.223901267762689121e-01
1.222326728735446399e-01
1.220440606924275417e-01
1.218243811327470172e-01
1.215737444094280306e-01
1.212922799765097925e-01
1.209801364345652330e-01
1.206374814216516073e-01
1.202645014878467866e-01
1.198614019535373804e-01
1.194284067515926917e-01
1.189657582535807306e-01
1.184737170802024064e-01
1.179525618961533434e-01
1.174025891896068596e-01
1.168241130365649944e-01
1.162174648503017521e-01
1.155829931161784091e-01
1.149210631120880233e-01
1.142320566148386091e-01
1.135163715927574590e-01
1.127744218848606567e-01
1.120066368668965057e-01
1.112134611046351057e-01
1.103953539947382934e-01
1.095527893936065478e-01
1.086862552345633504e-01
1.077962531337995078e-01
1.068832979854616588e-01
1.059479175463152456e-01
1.049906520104086360e-01
1.040120535741767133e-01
1.030126859924221372e-01
1.019931241256478854e-01
1.009539534791835669e-01
9.989576973459153575e-02
9.881917827382223629e-02
9.772479369660522219e-02
9.661323933156820698e-02
9.548514674156984017e-02
9.434115522375297047e-02
9.318191130482043893e-02
9.200806823203290519e-02
9.082028546044108863e-02
8.961922813686629130e-02
8.840556658113483957e-02
8.717997576508332291e-02
8.594313478984144661e-02
8.469572636191102788e-02
8.343843626854918760e-02
8.217195285296965968e-02
8.089696648985685024e-02
7.961416906171539520e-02
7.832425343653584560e-02
7.702791294729924299e-02
7.572584087378221585e-02
7.441872992717508961e-02
7.310727173798592382e-02
7.179215634769818555e-02
7.047407170467032134e-02
6.915370316471393386e-02
6.783173299682906943e-02
6.650883989452228973e-02
6.518569849315748732e-02
6.386297889376670034e-02
6.254134619372220261e-02
6.122146002470837955e-02
5.990397409836566156e-02
5.858953575999968633e-02
5.727878555074267936e-02
5.597235677851241514e-02
5.467087509814415325e-02
5.337495810100967297e-02
5.208521491447187790e-02
5.080224581148288371e-02
4.952664183061921549e-02
4.825898440685467972e-02
4.699984501333772519e-02
4.574978481443471579e-02
4.450935433028482824e-02
4.327909311310865897e-02
4.205952943546753531e-02
4.085117999070030786e-02
3.965454960570895943e-02
3.847013096627675127e-02
3.729840435507251334e-02
3.613983740248894599e-02
3.499488485043848740e-02
3.386398832923291635e-02
3.274757614762693197e-02
3.164606309613132717e-02
3.055985026364667345e-02
2.948932486748614967e-02
2.843486009681559304e-02
2.739681496954631673e-02
2.637553420268315060e-02
2.537134809612689654e-02
2.438457242991429533e-02
2.341550837485733422e-02
2.246444241654384916e-02
2.153164629263055324e-02
2.061737694336154836e-02
1.972187647521973092e-02
1.884537213761332611e-02
1.798807631248486999e-02
1.715018651671480765e-02
1.633188541718348305e-02
1.553334085833901236e-02
1.475470590211181224e-02
1.399611888000001393e-02
1.325770345714348541e-02
1.253956870818987573e-02
1.184180920474670745e-02
1.116450511420632140e-02
1.050772230971665222e-02
9.871512491061844655e-03
9.255913316214361281e-03
8.660948543301051628e-03
8.086628182724748745e-03
7.532948659178509768e-03
6.999892983268302463e-03
6.487430932471300454e-03
5.995519241134250957e-03
5.524101799222416558e-03
5.073109859516856252e-03
4.642462252953338808e-03
4.232065611795312460e-03
3.841814600325506139e-03
3.471592152735935785e-03
3.121269717897590199e-03
2.790707510681827899e-03
2.479754769506045068e-03
2.188250019775526793e-03
1.916021342887854351e-03
1.662886650466822470e-03
1.428653963491351804e-03
1.213121695985254836e-03
1.016078942932209430e-03
8.373057720804120757e-04
6.765735193034683658e-04
5.336450871836043207e-04
4.082752464848077062e-04
3.002109401859572729e-04
2.091915897453792777e-04
1.349494032709519899e-04
7.720968527242883450e-05
3.569114767623680678e-05
1.010622178578053794e-05
1.613708746574880328e-07
5.557403103807624177e-06
2.598978445821354793e-05
6.114895140333356175e-05
1.107206229664477794e-04
1.743861119530248471e-04
2.518226350144374794e-04
3.427036212878501343e-04
4.466990193359825223e-04
5.634756021208486452e-04
6.926972697504856597e-04
8.340253497458124552e-04
9.871188945810753859e-04
1.151634976257894958e-03
1.327228977680162915e-03
1.513554880604350795e-03
1.710265549948508049e-03
1.917013014247080909e-03
2.133448742051853586e-03
2.359223914080866256e-03
2.593989690931294487e-03
2.837397476174640266e-03
3.089099174664049815e-03
3.348747445891273999e-03
3.615995952236843950e-03
3.890499601968062590e-03
4.171914786845627374e-03
4.459899614207945596e-03
4.754114133412493982e-03
5.054220556517913243e-03
5.359883473103535696e-03
5.670770059126913759e-03
5.986550279730959087e-03
6.306897085917684102e-03
6.631486605017890626e-03
6.959998324888175616e-03
7.292115271780194759e-03
7.627524181831896004e-03
7.965915666136118983e-03
8.306984369357473322e-03
8.650429121865081672e-03
8.995953085364532392e-03
9.343263892018517300e-03
9.692073777044899613e-03
1.004209970480251547e-02
1.039306348836553824e-02
1.074469190260876270e-02
1.109671679082056134e-02
1.144887516487499111e-02
1.180090929899722113e-02
1.215256681716339951e-02
1.250360077418032241e-02
1.285376973049887246e-02
1.320283782081999729e-02
1.355057481655379259e-02
1.389675618220317585e-02
1.424116312574368916e-02
1.458358264308088487e-02
1.492380755666370198e-02
1.526163654834594187e-02
1.559687418658330972e-02
1.592933094806751881e-02
1.625882323388811584e-02
1.658517338033589292e-02
1.690820966444527701e-02
1.722776630439081663e-02
1.754368345484760144e-02
1.785580719743517369e-02
1.816398952635783076e-02
1.846808832936716951e-02
1.876796736416716516e-02
1.906349623038343724e-02
1.935455033723715648e-02
1.964101086702858476e-02
1.992276473458540892e-02
2.019970454279116853e-02
2.047172853432881537e-02
2.073874053977848436e-02
2.100064992219799129e-02
2.125737151831822574e-02
2.150882557650036012e-02
2.175493769157747434e-02
2.199563873671919745e-02
2.223086479245878211e-02
2.246055707301696652e-02
2.268466185004866173e-02
2.290313037396070686e-02
2.311591879291978804e-02
2.332298806969471117e-02
2.352430389645625980e-02
2.371983660766991547e-02
2.390956109121038925e-02
2.409345669782124791e-02
2.427150714905512707e-02
2.444370044380739931e-02
2.461002876357941405e-02
2.477048837658258826e-02
2.492507954080948676e-02
2.507380640618462123e-02
2.521667691591647498e-02
2.535370270715627330e-02
2.548489901108485015e-02
2.561028455252573402e-02
2.572988144920068665e-02
2.584371511072728125e-02
2.595181413745870774e-02
2.605421021926777880e-02
2.615093803437571612e-02
2.624203514830873371e-02
2.632754191308683822e-02
2.640750136672328358e-02
2.648195913312723429e-02
2.655096332248883806e-02
2.661456443223223986e-02
2.667281524860788677e-02
2.672577074900247401e-02
2.677348800504213838e-02
2.681602608655091549e-02
2.685344596643514381e-02
2.688581042656096667e-02
2.691318396467698437e-02
2.693563270244631394e-02
2.695322429464612479e-02
2.696602783957960034e-02
2.697411379075274201e-02
2.697755386986822046e-02
2.697642098117240816e-02
2.697078912720510258e-02
2.696073332598158609e-02
2.694632952965535233e-02
2.692765454468300929e-02
2.690478595353332225e-02
2.687780203795737954e-02
2.684678170386014043e-02
2.681180440778509200e-02
2.677295008503696380e-02
2.673029907946737269e-02
2.668393207492860894e-02
2.663393002842457877e-02
2.658037410495350805e-02
2.652334561407324043e-02
2.646292594817571675e-02
2.639919652249493598e-02
2.633223871684027897e-02
2.626213381906367800e-02
2.618896297025741920e-02
2.611280711168295285e-02
2.603374693342901114e-02
2.595186282478598866e-02
2.586723482634164031e-02
2.577994258378180428e-02
2.569006530338850333e-02
2.559768170922295180e-02
2.550287000198378853e-02
2.540570781952527363e-02
2.530627219901770975e-02
2.520463954073828144e-02
2.510088557346935173e-02
2.499508532149104581e-02
2.488731307314349592e-02
2.477764235094160120e-02
2.466614588321715262e-02
2.455289557727022981e-02
2.443796249400030998e-02
2.432141682399920415e-02
2.420332786507752368e-02
2.408376400119847591e-02
2.396279268279565694e-02
2.384048040844396685e-02
2.371689270786238313e-02
2.359209412621337404e-02
2.346614820967796167e-02
2.333911749227196575e-02
2.321106348387970419e-02
2.308204665947194423e-02
2.295212644947991487e-02
2.282136123130045630e-02
2.268980832188947222e-02
2.255752397143504645e-02
2.242456335805645407e-02
2.229098058351814196e-02
2.215682866991864480e-02
2.202215955732669816e-02
2.188702410233668919e-02
2.175147207751138012e-02
2.161555217168204326e-02
2.147931199107994127e-02
2.134279806126393453e-02
2.120605582982344403e-02
2.106912966981782168e-02
2.093206288393241465e-02
2.079489770931847170e-02
2.065767532308933341e-02
2.052043584844623694e-02
2.038321836140645840e-02
2.024606089810487147e-02
2.010900046264552099e-02
1.997207303547365517e-02
1.983531358224615085e-02
1.969875606317100444e-02
1.956243344279468693e-02
1.942637770021076252e-02
1.929061983966422547e-02
1.915518990153411774e-02
1.902011697366599863e-02
1.888542920302997696e-02
1.875115380769157986e-02
1.861731708906324070e-02
1.848394444442198054e-02
1.835106037967052656e-02
1.821868852232398292e-02
1.808685163469937393e-02
1.795557162728982775e-02
1.782486957230984548e-02
1.769476571738528431e-02
1.756527949938029715e-02
1.743642955833582531e-02
1.730823375150855950e-02
1.718070916749388916e-02
1.705387214041487534e-02
1.692773826416763341e-02
1.680232240670351609e-02
1.667763872433695657e-02
1.655370067606712695e-02
1.643052103789796950e-02
1.630811191714544306e-02
1.618648476672129161e-02
1.606565039938196229e-02
1.594561900192864243e-02
1.582640014935334655e-02
1.570800281891866768e-02
1.559043540415913989e-02
1.547370572880167952e-02
1.535782106058836312e-02
1.524278812500306883e-02
1.512861311888579786e-02
1.501530172393209309e-02
1.490285912006858969e-02
1.479128999870146094e-02
1.468059857582771494e-02
1.457078860500482520e-02
1.446186339017645900e-02
1.435382579834482489e-02
1.424667827208778506e-02
1.414042284191641304e-02
1.403506113846659728e-02
1.393059440452565009e-02
1.382702350688590903e-02
1.372434894802390150e-02
1.362257087760606819e-02
1.352168910380992239e-02
1.342170310446963444e-02
1.332261203803381845e-02
1.322441475434073428e-02
1.312710980520726683e-02
1.303069545482841117e-02
1.293516968999195577e-02
1.284053023009900860e-02
1.274677453700032333e-02
1.265389982463869384e-02
1.256190306850257961e-02
1.247078101489007031e-02
1.238053018998256857e-02
1.229114690872901150e-02
1.220262728354327975e-02
1.211496723280721180e-02
1.202816248919652900e-02
1.194220860781056333e-02
1.185710097412306235e-02
1.177283481174697631e-02
1.168940519001633940e-02
1.160680703138923867e-02
1.152503511866797420e-02
1.144408410204455530e-02
1.136394850596892520e-02
1.128462273584296231e-02
1.120610108454256522e-02
1.112837773876901824e-02
1.105144678523345241e-02
1.097530221667301388e-02
1.089993793770714647e-02
1.082534777052705614e-02
1.075152546043098983e-02
1.067846468119866728e-02
1.060615904031376490e-02
1.053460208403312996e-02
1.046378730230631410e-02
1.039370813354764320e-02
1.032435796926423413e-02
1.025573015854079791e-02
1.018781801238674914e-02
1.012061480794207435e-02
1.005411379255312029e-02
9.988308187713583822e-03
9.923191192875649089e-03
9.858755989136292266e-03
9.794995742796465746e-03
9.731903608800419880e-03
9.669472734054326141e-03
9.607696260628139501e-03
9.546567328843931846e-03
9.486079080251919385e-03
9.426224660496258789e-03
9.366997222073998250e-03
9.308389926991957400e-03
9.250395949316734395e-03
9.193008477630914763e-03
9.136220717387153606e-03
9.080025893168638257e-03
9.024417250858396411e-03
8.969388059716872086e-03
8.914931614371460894e-03
8.861041236720589367e-03
8.807710277753946423e-03
8.754932119291918349e-03
8.702700175643746788e-03
8.651007895191936692e-03
8.599848761897625066e-03
8.549216296736666595e-03
8.499104059061072386e-03
8.449505647894397370e-03
8.400414703158302562e-03
8.351824906834989792e-03
8.303729984064797676e-03
8.256123704184976583e-03
8.208999881705555599e-03
8.162352377230520581e-03
8.116175098319799996e-03
8.070462000300759886e-03
8.025207087021851010e-03
7.980404411560325720e-03
7.936048076877118621e-03
7.892132236425311240e-03
7.848651094711209253e-03
7.805598907811680393e-03
7.762969983847403492e-03
7.720758683415050554e-03
7.678959419976480634e-03
7.637566660212562718e-03
7.596574924335879574e-03
7.555978786369152607e-03
7.515772874386613886e-03
7.475951870722941442e-03
7.436510512148415165e-03
7.397443590012898855e-03
7.358745950360390947e-03
7.320412494011668478e-03
7.282438176621575457e-03
7.244818008707967598e-03
7.207547055653846027e-03
7.170620437686590042e-03
7.134033329830748345e-03
7.097780961839166187e-03
7.061858618101773608e-03
7.026261637532809322e-03
6.990985413438490816e-03
6.956025393363015133e-03
6.921377078920091207e-03
6.887036025601253782e-03
6.852997842572076774e-03
6.819258192449202324e-03
6.785812791062334134e-03
6.752657407202746799e-03
6.719787862355572870e-03
6.687200030420561818e-03
6.654889837420086170e-03
6.622853261192725161e-03
6.591086331078429769e-03
6.559585127590977435e-03
6.528345782080530180e-03
6.497364476386617051e-03
6.466637442482954697e-03
6.436160962110275795e-03
6.405931366406470394e-03
6.375945035523489582e-03
6.346198398241576812e-03
6.316687931574017228e-03
6.287410160366936097e-03
6.258361656893283304e-03
6.229539040441781084e-03
6.200938976899132357e-03
6.172558178330846482e-03
6.144393402554884989e-03
6.116441452713555250e-03
6.088699176840920747e-03
6.061163467427697731e-03
6.033831260983981738e-03
6.006699537596700555e-03
5.979765320489473235e-03
5.953025675577723781e-03
5.926477711021567452e-03
5.900118576779952127e-03
5.873945464162665109e-03
5.847955605381184585e-03
5.822146273099183290e-03
5.796514779984033965e-03
5.771058478256787388e-03
5.745774759242512977e-03
5.720661052922845075e-03
5.695714827486079816e-03
5.670933588881267931e-03
5.646314880370979609e-03
5.621856282086807634e-03
5.597555410585402201e-03
5.573409918405556988e-03
5.549417493628298025e-03
5.525575859438030743e-03
5.501882773685494617e-03
5.478336028452927831e-03
5.454933449621690925e-03
5.431672896442750996e-03
5.408552261107510244e-03
5.385569468324144862e-03
5.362722474894331647e-03
5.340009269293934970e-03
5.317427871256275029e-03
5.294976331357661645e-03
5.272652730607546752e-03
5.250455180040431574e-03
5.228381820311545948e-03
5.206430821295042130e-03
5.184600381687242722e-03
5.162888728611638930e-03
5.141294117227725169e-03
5.119814830344037761e-03
5.098449178033673430e-03
5.077195497254783849e-03
5.056052151473088528e-03
5.035017530289427959e-03
5.014090049070542461e-03
4.993268148583204259e-03
4.972550294632651670e-03
4.951934977705706176e-03
4.931420712614655380e-03
4.911006038148882369e-03
4.890689516727895862e-03
4.870469734058568805e-03
4.850345298797283621e-03
4.830314842214607565e-03
4.810377017864810555e-03
4.790530501259100508e-03
4.770773989543032438e-03
4.751106201176812788e-03
4.731525875620604116e-03
4.712031773023805763e-03
4.692622673916972166e-03
4.673297378909243259e-03
4.654054708388312769e-03
4.634893502225820132e-03
4.615812619484165741e-03
4.596810938130077746e-03
4.577887354749905768e-03
4.559040784269966125e-03
4.540270159679575881e-03
4.521574431758878208e-03
4.502952568810175346e-03
4.484403556392614794e-03
4.465926397061094344e-03
4.447520110108079718e-03
4.429183731310751271e-03
4.410916312679645165e-03
4.392716922212778000e-03
4.374584643651770709e-03
4.356518576243092501e-03
4.338517834502070812e-03
4.320581547979518086e-03
4.302708861034097894e-03
4.284898932605750964e-03
4.267150935993775478e-03
4.249464058638685593e-03
4.231837501906247911e-03
4.214270480875572863e-03
4.196762224130213235e-03
4.179311973553137202e-03
4.161918984123749200e-03
4.144582523719228528e-03
4.127301872918286152e-03
4.110076324808654633e-03
4.092905184796799371e-03
4.075787770421402008e-03
4.058723411169778972e-03
4.041711448296901252e-03
4.024751234647362327e-03
4.007842134480815548e-03
3.990983523299651906e-03
3.974174787679736129e-03
3.957415325103959096e-03
3.940704543798264833e-03
3.924041862571272729e-03
3.907426710654858179e-03
3.890858527549538419e-03
3.874336762870680614e-03
3.857860876198165954e-03
3.841430336928343577e-03
3.825044624128328113e-03
3.808703226393601871e-03
3.792405641706492626e-03
3.776151377298404919e-03
3.759939949513906206e-03
3.743770883677279785e-03
3.727643713960723110e-03
3.711557983255603984e-03
3.695513243046049095e-03
3.679509053283076380e-03
3.663544982263563805e-03
3.647620606508792697e-03
3.631735510646467470e-03
3.615889287294342998e-03
3.600081536946092824e-03
3.584311867858649275e-03
3.568579895942405444e-03
