0.000000000000000000e+00
1.755398750186201728e-02
3.510797500372403457e-02
5.266196250558605185e-02
7.021595000744706994e-02
8.776993750930908722e-02
1.053239250111711045e-01
1.228779125130331218e-01
1.404319000148951391e-01
1.579858875167571564e-01
1.755398750186181744e-01
1.930938625204801917e-01
2.106478500223422090e-01
2.282018375242042263e-01
2.457558250260662436e-01
2.633098125279282886e-01
2.808638000297902781e-01
2.984177875316513240e-01
3.159717750335133135e-01
3.335257625353753586e-01
3.510797500372373481e-01
3.686337375390993931e-01
3.861877250409613826e-01
4.037417125428224285e-01
4.212957000446844180e-01
4.388496875465464631e-01
4.564036750484084526e-01
4.739576625502704976e-01
4.915116500521324872e-01
5.090656375539934775e-01
5.266196250558555780e-01
5.441736125577175676e-01
5.617276000595795571e-01
5.792815875614415466e-01
5.968355750633036472e-01
6.143895625651656367e-01
6.319435500670266270e-01
6.494975375688886166e-01
6.670515250707507171e-01
6.846055125726127066e-01
7.021595000744746962e-01
7.197134875763366857e-01
7.372674750781987862e-01
7.548214625800597766e-01
7.723754500819217661e-01
7.899294375837837556e-01
8.074834250856458562e-01
8.250374125875078457e-01
8.425914000893688360e-01
8.601453875912309366e-01
8.776993750930929261e-01
8.952533625949549156e-01
9.128073500968169052e-01
9.303613375986788947e-01
9.479153251005409953e-01
9.654693126024019856e-01
9.830233001042639751e-01
1.000577287606126076e+00
1.018131275107988065e+00
1.035685262609850055e+00
1.053239250111712044e+00
1.070793237613574034e+00
1.088347225115435135e+00
1.105901212617297125e+00
1.123455200119159114e+00
1.141009187621021104e+00
1.158563175122883093e+00
1.176117162624744195e+00
1.193671150126607294e+00
1.211225137628468174e+00
1.228779125130330163e+00
1.246333112632192375e+00
1.263887100134054364e+00
1.281441087635916354e+00
1.298995075137777233e+00
1.316549062639639445e+00
1.334103050141501434e+00
1.351657037643363424e+00
1.369211025145225413e+00
1.386765012647087403e+00
1.404319000148949392e+00
1.421872987650810494e+00
1.439426975152672483e+00
1.456980962654534473e+00
1.474534950156396462e+00
1.492088937658258452e+00
1.509642925160119553e+00
1.527196912661982653e+00
1.544750900163843532e+00
1.562304887665705522e+00
1.579858875167567511e+00
1.597412862669429723e+00
1.614966850171291712e+00
1.632520837673152592e+00
1.650074825175014803e+00
1.667628812676876793e+00
1.685182800178738782e+00
1.702736787680600772e+00
1.720290775182462761e+00
1.737844762684324751e+00
1.755398750186185852e+00
1.772952737688047842e+00
1.790506725189909831e+00
1.808060712691771821e+00
1.825614700193633810e+00
1.843168687695494912e+00
1.860722675197357789e+00
1.878276662699218891e+00
1.895830650201080880e+00
1.913384637702942870e+00
1.930938625204805081e+00
1.948492612706667071e+00
1.966046600208527950e+00
1.983600587710389940e+00
2.001154575212252151e+00
2.018708562714114141e+00
2.036262550215976130e+00
2.053816537717838120e+00
2.071370525219700109e+00
2.088924512721561211e+00
2.106478500223423200e+00
2.124032487725285190e+00
2.141586475227147179e+00
2.159140462729009169e+00
2.176694450230870270e+00
2.194248437732733148e+00
2.211802425234594249e+00
2.229356412736456239e+00
2.246910400238318228e+00
2.264464387740180218e+00
2.282018375242042207e+00
2.299572362743903309e+00
2.317126350245766186e+00
2.334680337747627288e+00
2.352234325249489277e+00
2.369788312751351267e+00
2.387342300253213256e+00
2.404896287755075246e+00
2.422450275256936347e+00
2.440004262758799669e+00
2.457558250260660326e+00
2.475112237762522316e+00
2.492666225264384749e+00
2.510220212766245407e+00
2.527774200268108729e+00
2.545328187769969830e+00
2.562882175271831819e+00
2.580436162773693809e+00
2.597990150275555798e+00
2.615544137777417788e+00
2.633098125279278889e+00
2.650652112781141767e+00
2.668206100283002868e+00
2.685760087784864858e+00
2.703314075286726847e+00
2.720868062788588837e+00
2.738422050290450827e+00
2.755976037792311928e+00
2.773530025294174806e+00
2.791084012796035907e+00
2.808638000297897896e+00
2.826191987799759886e+00
2.843745975301620987e+00
2.861299962803483865e+00
2.878853950305344966e+00
2.896407937807206956e+00
2.913961925309068945e+00
2.931515912810930935e+00
2.949069900312792925e+00
2.966623887814654026e+00
2.984177875316516904e+00
3.001731862818378005e+00
3.019285850320240883e+00
3.036839837822101984e+00
3.054393825323963085e+00
3.071947812825825963e+00
3.089501800327687064e+00
3.107055787829550386e+00
3.124609775331411043e+00
3.142163762833272145e+00
3.159717750335135023e+00
3.177271737836996124e+00
3.194825725338859446e+00
3.212379712840720103e+00
3.229933700342581204e+00
3.247487687844444526e+00
3.265041675346307404e+00
3.282595662848168505e+00
3.300149650350029606e+00
3.317703637851892484e+00
3.335257625353753586e+00
3.352811612855616463e+00
3.370365600357477565e+00
3.387919587859338666e+00
3.405473575361201544e+00
3.423027562863062645e+00
3.440581550364925523e+00
3.458135537866786624e+00
3.475689525368647725e+00
3.493243512870510603e+00
3.510797500372373481e+00
3.528351487874234582e+00
3.545905475376095684e+00
3.563459462877958561e+00
3.581013450379819663e+00
3.598567437881682540e+00
3.616121425383543642e+00
3.633675412885404743e+00
3.651229400387267621e+00
3.668783387889128722e+00
3.686337375390991600e+00
3.703891362892852701e+00
3.721445350394713802e+00
3.738999337896576680e+00
3.756553325398437782e+00
3.774107312900300659e+00
3.791661300402161761e+00
3.809215287904022862e+00
3.826769275405885740e+00
3.844323262907749061e+00
3.861877250409610163e+00
3.879431237911470820e+00
3.896985225413334142e+00
3.914539212915194799e+00
3.932093200417058121e+00
3.949647187918919222e+00
3.967201175420779879e+00
3.984755162922643201e+00
4.002309150424504303e+00
4.019863137926367180e+00
4.037417125428228282e+00
4.054971112930089383e+00
4.072525100431952261e+00
4.090079087933813362e+00
4.107633075435676240e+00
4.125187062937537341e+00
4.142741050439398443e+00
4.160295037941261320e+00
4.177849025443124198e+00
4.195403012944985299e+00
4.212957000446846401e+00
4.230510987948709278e+00
4.248064975450570380e+00
4.265618962952433257e+00
4.283172950454294359e+00
4.300726937956155460e+00
4.318280925458018338e+00
4.335834912959879439e+00
4.353388900461742317e+00
4.370942887963603418e+00
4.388496875465464520e+00
4.406050862967327397e+00
4.423604850469188499e+00
4.441158837971051376e+00
4.458712825472912478e+00
4.476266812974773579e+00
4.493820800476636457e+00
4.511374787978499334e+00
4.528928775480360436e+00
4.546482762982221537e+00
4.564036750484082638e+00
4.581590737985945516e+00
4.599144725487808394e+00
4.616698712989669495e+00
4.634252700491530597e+00
4.651806687993393474e+00
4.669360675495254576e+00
4.686914662997117453e+00
4.704468650498978555e+00
4.722022638000839656e+00
4.739576625502702534e+00
4.757130613004566300e+00
4.774684600506426513e+00
4.792238588008287614e+00
4.809792575510148716e+00
4.827346563012011593e+00
4.844900550513875359e+00
4.862454538015735572e+00
4.880008525517596674e+00
4.897562513019457775e+00
4.915116500521320653e+00
4.932670488023184419e+00
4.950224475525044632e+00
4.967778463026905733e+00
4.985332450528769499e+00
5.002886438030629712e+00
5.020440425532493478e+00
5.037994413034354579e+00
5.055548400536214793e+00
5.073102388038078558e+00
5.090656375539941436e+00
5.108210363041802538e+00
5.125764350543663639e+00
5.143318338045523852e+00
5.160872325547387618e+00
5.178426313049250496e+00
5.195980300551111597e+00
5.213534288052972698e+00
5.231088275554833800e+00
5.248642263056696677e+00
5.266196250558559555e+00
5.283750238060420656e+00
5.301304225562281758e+00
5.318858213064144635e+00
5.336412200566005737e+00
5.353966188067868615e+00
5.371520175569729716e+00
5.389074163071590817e+00
5.406628150573453695e+00
5.424182138075316573e+00
5.441736125577177674e+00
5.459290113079038775e+00
5.476844100580899877e+00
5.494398088082762754e+00
5.511952075584625632e+00
5.529506063086486733e+00
5.547060050588347835e+00
5.564614038090208936e+00
5.582168025592071814e+00
5.599722013093934692e+00
5.617276000595795793e+00
5.634829988097656894e+00
5.652383975599519772e+00
5.669937963101382650e+00
5.687491950603243751e+00
5.705045938105104852e+00
5.722599925606965954e+00
5.740153913108828831e+00
5.757707900610691709e+00
5.775261888112552811e+00
5.792815875614413912e+00
5.810369863116275013e+00
5.827923850618137891e+00
5.845477838120000769e+00
5.863031825621861870e+00
5.880585813123722971e+00
5.898139800625585849e+00
5.915693788127446950e+00
5.933247775629309828e+00
5.950801763131170929e+00
5.968355750633032031e+00
5.985909738134894909e+00
6.003463725636757786e+00
6.021017713138618888e+00
6.038571700640479989e+00
6.056125688142341090e+00
6.073679675644203968e+00
6.091233663146066846e+00
6.108787650647927947e+00
6.126341638149789048e+00
6.143895625651650150e+00
6.161449613153513027e+00
6.179003600655375905e+00
6.196557588157237006e+00
6.214111575659098108e+00
6.231665563160960986e+00
6.249219550662822087e+00
6.266773538164684965e+00
6.284327525666546066e+00
6.301881513168407167e+00
6.319435500670270045e+00
6.336989488172133811e+00
6.354543475673994912e+00
6.372097463175855125e+00
6.389651450677716227e+00
6.407205438179579993e+00
6.424759425681442870e+00
6.442313413183303972e+00
6.459867400685164185e+00
6.477421388187025286e+00
6.494975375688889052e+00
6.512529363190751930e+00
6.530083350692613031e+00
6.547637338194474133e+00
6.565191325696337010e+00
6.582745313198198112e+00
6.600299300700060989e+00
6.617853288201922091e+00
6.635407275703783192e+00
6.652961263205646070e+00
6.670515250707508947e+00
6.688069238209370049e+00
6.705623225711231150e+00
6.723177213213092251e+00
6.740731200714955129e+00
6.758285188216818007e+00
6.775839175718679108e+00
6.793393163220540210e+00
6.810947150722401311e+00
6.828501138224264189e+00
6.846055125726127066e+00
6.863609113227988168e+00
6.881163100729849269e+00
6.898717088231712147e+00
6.916271075733573248e+00
6.933825063235436126e+00
6.951379050737297227e+00
6.968933038239158329e+00
6.986487025741021206e+00
7.004041013242884084e+00
7.021595000744745185e+00
7.039148988246606287e+00
7.056702975748467388e+00
7.074256963250330266e+00
7.091810950752193143e+00
7.109364938254054245e+00
7.126918925755915346e+00
7.144472913257776447e+00
7.162026900759639325e+00
7.179580888261502203e+00
7.197134875763363304e+00
7.214688863265224406e+00
7.232242850767087283e+00
7.249796838268948385e+00
7.267350825770811262e+00
7.284904813272672364e+00
7.302458800774533465e+00
7.320012788276396343e+00
7.337566775778259220e+00
7.355120763280120322e+00
7.372674750781981423e+00
7.390228738283842524e+00
7.407782725785705402e+00
7.425336713287568280e+00
7.442890700789429381e+00
7.460444688291290483e+00
7.477998675793151584e+00
7.495552663295014462e+00
7.513106650796877339e+00
7.530660638298738441e+00
7.548214625800599542e+00
7.565768613302462420e+00
7.583322600804323521e+00
7.600876588306186399e+00
7.618430575808047500e+00
7.635984563309908602e+00
7.653538550811771479e+00
7.671092538313635245e+00
7.688646525815495458e+00
7.706200513317356560e+00
7.723754500819217661e+00
7.741308488321080539e+00
7.758862475822944305e+00
7.776416463324804518e+00
7.793970450826665619e+00
7.811524438328526720e+00
7.829078425830389598e+00
7.846632413332253364e+00
7.864186400834114465e+00
7.881740388335974679e+00
7.899294375837838444e+00
7.916848363339701322e+00
7.934402350841562424e+00
7.951956338343423525e+00
7.969510325845283738e+00
7.987064313347147504e+00
8.004618300849010382e+00
8.022172288350871483e+00
8.039726275852732584e+00
8.057280263354593686e+00
8.074834250856456563e+00
8.092388238358319441e+00
8.109942225860180542e+00
8.127496213362041644e+00
8.145050200863904521e+00
8.162604188365765623e+00
8.180158175867628501e+00
8.197712163369489602e+00
8.215266150871350703e+00
8.232820138373213581e+00
8.250374125875076459e+00
8.267928113376937560e+00
8.285482100878798661e+00
8.303036088380659763e+00
8.320590075882522640e+00
8.338144063384385518e+00
8.355698050886246619e+00
8.373252038388107721e+00
8.390806025889968822e+00
8.408360013391831700e+00
8.425914000893694578e+00
8.443467988395555679e+00
8.461021975897416780e+00
8.478575963399279658e+00
8.496129950901140759e+00
8.513683938403003637e+00
8.531237925904864738e+00
8.548791913406725840e+00
8.566345900908588717e+00
8.583899888410451595e+00
8.601453875912312697e+00
8.619007863414173798e+00
8.636561850916034899e+00
8.654115838417897777e+00
8.671669825919760655e+00
8.689223813421621756e+00
8.706777800923482857e+00
8.724331788425343959e+00
8.741885775927206836e+00
8.759439763429069714e+00
8.776993750930930815e+00
8.794547738432791917e+00
8.812101725934654795e+00
8.829655713436515896e+00
8.847209700938378774e+00
8.864763688440239875e+00
8.882317675942100976e+00
8.899871663443963854e+00
8.917425650945826732e+00
8.934979638447687833e+00
8.952533625949548934e+00
8.970087613451411812e+00
8.987641600953272913e+00
9.005195588455134015e+00
9.022749575956996893e+00
9.040303563458857994e+00
9.057857550960720872e+00
9.075411538462581973e+00
9.092965525964444851e+00
9.110519513466305952e+00
9.128073500968167053e+00
9.145627488470029931e+00
9.163181475971891032e+00
9.180735463473753910e+00
9.198289450975615011e+00
9.215843438477476113e+00
9.233397425979338990e+00
9.250951413481200092e+00
9.268505400983062970e+00
9.286059388484924071e+00
9.303613375986786949e+00
9.321167363488648050e+00
9.338721350990509151e+00
9.356275338492372029e+00
9.373829325994233130e+00
9.391383313496096008e+00
9.408937300997957109e+00
9.426491288499819987e+00
9.444045276001681088e+00
9.461599263503542190e+00
9.479153251005405068e+00
9.496707238507266169e+00
9.514261226009129047e+00
9.531815213510990148e+00
9.549369201012853026e+00
9.566923188514714127e+00
9.584477176016575228e+00
9.602031163518438106e+00
9.619585151020299207e+00
9.637139138522162085e+00
9.654693126024023186e+00
9.672247113525884288e+00
9.689801101027747166e+00
9.707355088529608267e+00
9.724909076031471145e+00
9.742463063533332246e+00
9.760017051035195124e+00
9.777571038537056225e+00
9.795125026038917326e+00
9.812679013540780204e+00
9.830233001042641305e+00
9.847786988544505959e+00
9.865340976046365284e+00
9.882894963548229939e+00
9.900448951050089264e+00
9.918002938551950365e+00
9.935556926053815019e+00
9.953110913555674344e+00
9.970664901057538998e+00
9.988218888559400099e+00
1.000577287606125942e+01
1.002332686356312408e+01
1.004088085106498340e+01
1.005843483856684806e+01
1.007598882606870916e+01
1.009354281357057204e+01
1.011109680107243314e+01
1.012865078857429424e+01
1.014620477607615712e+01
1.016375876357801822e+01
1.018131275107988110e+01
1.019886673858174220e+01
1.021642072608360508e+01
1.023397471358546618e+01
1.025152870108732728e+01
1.026908268858919016e+01
1.028663667609105126e+01
1.030419066359291413e+01
1.032174465109477524e+01
1.033929863859663634e+01
1.035685262609849921e+01
1.037440661360036032e+01
1.039196060110222319e+01
1.040951458860408430e+01
1.042706857610594717e+01
1.044462256360780827e+01
1.046217655110966938e+01
1.047973053861153225e+01
1.049728452611339335e+01
1.051483851361525623e+01
1.053239250111711733e+01
1.054994648861898021e+01
1.056750047612084131e+01
1.058505446362270241e+01
1.060260845112456529e+01
1.062016243862642639e+01
1.063771642612828927e+01
1.065527041363015037e+01
1.067282440113201147e+01
1.069037838863387435e+01
1.070793237613573545e+01
1.072548636363759833e+01
1.074304035113945943e+01
1.076059433864132231e+01
1.077814832614318341e+01
1.079570231364504451e+01
1.081325630114690739e+01
1.083081028864876849e+01
1.084836427615063137e+01
1.086591826365249247e+01
1.088347225115435535e+01
1.090102623865621645e+01
1.091858022615807755e+01
1.093613421365994043e+01
1.095368820116180153e+01
1.097124218866366441e+01
1.098879617616552551e+01
1.100635016366738839e+01
1.102390415116924949e+01
1.104145813867111059e+01
1.105901212617297347e+01
1.107656611367483457e+01
1.109412010117669745e+01
1.111167408867855855e+01
1.112922807618041965e+01
1.114678206368228253e+01
1.116433605118414363e+01
1.118189003868600651e+01
1.119944402618786761e+01
1.121699801368973048e+01
1.123455200119159159e+01
1.125210598869345269e+01
1.126965997619531556e+01
1.128721396369717667e+01
1.130476795119903954e+01
1.132232193870090065e+01
1.133987592620276352e+01
1.135742991370462462e+01
1.137498390120648573e+01
1.139253788870834860e+01
1.141009187621020970e+01
1.142764586371207258e+01
1.144519985121393368e+01
1.146275383871579479e+01
1.148030782621765766e+01
1.149786181371951876e+01
1.151541580122138164e+01
1.153296978872324274e+01
1.155052377622510562e+01
1.156807776372696672e+01
1.158563175122882782e+01
1.160318573873069070e+01
1.162073972623255180e+01
1.163829371373441468e+01
1.165584770123627578e+01
1.167340168873813866e+01
1.169095567623999976e+01
1.170850966374186086e+01
1.172606365124372374e+01
1.174361763874558484e+01
1.176117162624744772e+01
1.177872561374930882e+01
1.179627960125117170e+01
1.181383358875303280e+01
1.183138757625489390e+01
1.184894156375675678e+01
1.186649555125861788e+01
1.188404953876047898e+01
1.190160352626234008e+01
1.191915751376420118e+01
1.193671150126606584e+01
1.195426548876792694e+01
1.197181947626979159e+01
1.198937346377165269e+01
1.200692745127351380e+01
1.202448143877537490e+01
1.204203542627723600e+01
1.205958941377909710e+01
1.207714340128095820e+01
1.209469738878282286e+01
1.211225137628468396e+01
1.212980536378654861e+01
1.214735935128840971e+01
1.216491333879027081e+01
1.218246732629213192e+01
1.220002131379399302e+01
1.221757530129585412e+01
1.223512928879771522e+01
1.225268327629957632e+01
1.227023726380144097e+01
1.228779125130330208e+01
1.230534523880516673e+01
1.232289922630702783e+01
1.234045321380888893e+01
1.235800720131075003e+01
1.237556118881261114e+01
1.239311517631447224e+01
1.241066916381633334e+01
1.242822315131819799e+01
1.244577713882005909e+01
1.246333112632192552e+01
1.248088511382378663e+01
1.249843910132564595e+01
1.251599308882750705e+01
1.253354707632936815e+01
1.255110106383122925e+01
1.256865505133309036e+01
1.258620903883495146e+01
1.260376302633681611e+01
1.262131701383867721e+01
1.263887100134054364e+01
1.265642498884240474e+01
1.267397897634426585e+01
1.269153296384612517e+01
1.270908695134798627e+01
1.272664093884984737e+01
1.274419492635170847e+01
1.276174891385357490e+01
1.277930290135543423e+01
1.279685688885730066e+01
1.281441087635916176e+01
1.283196486386102286e+01
1.284951885136288396e+01
1.286707283886474329e+01
1.288462682636660439e+01
1.290218081386846549e+01
1.291973480137032659e+01
1.293728878887219302e+01
1.295484277637405413e+01
1.297239676387591878e+01
1.298995075137777988e+01
1.300750473887964098e+01
1.302505872638150208e+01
1.304261271388336318e+01
1.306016670138522251e+01
1.307772068888708361e+01
1.309527467638895004e+01
1.311282866389081114e+01
1.313038265139267580e+01
1.314793663889453690e+01
1.316549062639639800e+01
1.318304461389825910e+01
1.320059860140012020e+01
1.321815258890198130e+01
1.323570657640384240e+01
1.325326056390570706e+01
1.327081455140756816e+01
1.328836853890942926e+01
1.330592252641129392e+01
1.332347651391315502e+01
1.334103050141501612e+01
1.335858448891687722e+01
1.337613847641873832e+01
1.339369246392059942e+01
1.341124645142246052e+01
1.342880043892432518e+01
1.344635442642618628e+01
1.346390841392805093e+01
1.348146240142991203e+01
1.349901638893177314e+01
1.351657037643363424e+01
1.353412436393549534e+01
1.355167835143735644e+01
1.356923233893921754e+01
1.358678632644108220e+01
1.360434031394294330e+01
1.362189430144480440e+01
1.363944828894666905e+01
1.365700227644853015e+01
1.367455626395039125e+01
1.369211025145225236e+01
1.370966423895411346e+01
1.372721822645597456e+01
1.374477221395783566e+01
1.376232620145970031e+01
1.377988018896156142e+01
1.379743417646342607e+01
1.381498816396528717e+01
1.383254215146714827e+01
1.385009613896900937e+01
1.386765012647087048e+01
1.388520411397273158e+01
1.390275810147459268e+01
1.392031208897645733e+01
1.393786607647831843e+01
1.395542006398017953e+01
1.397297405148204419e+01
1.399052803898390529e+01
1.400808202648576639e+01
1.402563601398762749e+01
1.404319000148948859e+01
1.406074398899134970e+01
1.407829797649321080e+01
1.409585196399507545e+01
1.411340595149693655e+01
1.413095993899880121e+01
1.414851392650066231e+01
1.416606791400252341e+01
1.418362190150438451e+01
1.420117588900624561e+01
1.421872987650810671e+01
1.423628386400996781e+01
1.425383785151183247e+01
1.427139183901369357e+01
1.428894582651555467e+01
1.430649981401741933e+01
1.432405380151928043e+01
1.434160778902114153e+01
1.435916177652300263e+01
1.437671576402486373e+01
1.439426975152672483e+01
1.441182373902858593e+01
1.442937772653045059e+01
1.444693171403231169e+01
1.446448570153417634e+01
1.448203968903603744e+01
1.449959367653789855e+01
1.451714766403975965e+01
1.453470165154162075e+01
1.455225563904348185e+01
1.456980962654534295e+01
1.458736361404720761e+01
1.460491760154906871e+01
1.462247158905092981e+01
1.464002557655279446e+01
1.465757956405465556e+01
1.467513355155651666e+01
1.469268753905837777e+01
1.471024152656023887e+01
1.472779551406209997e+01
1.474534950156396107e+01
1.476290348906582572e+01
1.478045747656768683e+01
1.479801146406955148e+01
1.481556545157141258e+01
1.483311943907327368e+01
1.485067342657513478e+01
1.486822741407699588e+01
1.488578140157885699e+01
1.490333538908071809e+01
1.492088937658258274e+01
1.493844336408444384e+01
1.495599735158630494e+01
1.497355133908816960e+01
1.499110532659003070e+01
1.500865931409189180e+01
1.502621330159375290e+01
1.504376728909561400e+01
1.506132127659747511e+01
1.507887526409933621e+01
1.509642925160120086e+01
1.511398323910306196e+01
1.513153722660492662e+01
1.514909121410678772e+01
1.516664520160864882e+01
1.518419918911050992e+01
1.520175317661237102e+01
1.521930716411423212e+01
1.523686115161609322e+01
1.525441513911795788e+01
1.527196912661981898e+01
1.528952311412168008e+01
1.530707710162354651e+01
1.532463108912540584e+01
1.534218507662726694e+01
1.535973906412912804e+01
1.537729305163098914e+01
1.539484703913285024e+01
1.541240102663471134e+01
1.542995501413657600e+01
1.544750900163843710e+01
1.546506298914030353e+01
1.548261697664216463e+01
1.550017096414402573e+01
1.551772495164588506e+01
1.553527893914774616e+01
1.555283292664960726e+01
1.557038691415146836e+01
1.558794090165333479e+01
1.560549488915519412e+01
1.562304887665705522e+01
1.564060286415892165e+01
1.565815685166078275e+01
1.567571083916264385e+01
1.569326482666450495e+01
1.571081881416636428e+01
1.572837280166822538e+01
1.574592678917008648e+01
1.576348077667195291e+01
1.578103476417381401e+01
1.579858875167567867e+01
1.581614273917753977e+01
1.583369672667940087e+01
1.585125071418126197e+01
1.586880470168312307e+01
1.588635868918498240e+01
1.590391267668684350e+01
1.592146666418870993e+01
1.593902065169057103e+01
1.595657463919243213e+01
1.597412862669429678e+01
1.599168261419615789e+01
1.600923660169801721e+01
1.602679058919988009e+01
1.604434457670173941e+01
1.606189856420360229e+01
1.607945255170546162e+01
1.609700653920732805e+01
1.611456052670918737e+01
1.613211451421105380e+01
1.614966850171291313e+01
1.616722248921477600e+01
1.618477647671663533e+01
1.620233046421849821e+01
1.621988445172035753e+01
1.623743843922222041e+01
1.625499242672408329e+01
1.627254641422594617e+01
1.629010040172780904e+01
1.630765438922967192e+01
1.632520837673153125e+01
1.634276236423339412e+01
1.636031635173525345e+01
1.637787033923711633e+01
1.639542432673897565e+01
1.641297831424083853e+01
1.643053230174270141e+01
1.644808628924456428e+01
1.646564027674642716e+01
1.648319426424829004e+01
1.650074825175014936e+01
1.651830223925201224e+01
1.653585622675387157e+01
1.655341021425573445e+01
1.657096420175759377e+01
1.658851818925946020e+01
1.660607217676131953e+01
1.662362616426318596e+01
1.664118015176504528e+01
1.665873413926690816e+01
1.667628812676876748e+01
1.669384211427063036e+01
1.671139610177248969e+01
1.672895008927435256e+01
1.674650407677621189e+01
1.676405806427807832e+01
1.678161205177993764e+01
1.679916603928180407e+01
1.681672002678366695e+01
1.683427401428552628e+01
1.685182800178738560e+01
1.686938198928924848e+01
1.688693597679110781e+01
1.690448996429297068e+01
1.692204395179483356e+01
1.693959793929669644e+01
1.695715192679856287e+01
1.697470591430042219e+01
1.699225990180228507e+01
1.700981388930414440e+01
1.702736787680600372e+01
1.704492186430786660e+01
1.706247585180972592e+01
1.708002983931158880e+01
1.709758382681345523e+01
1.711513781431531456e+01
1.713269180181718099e+01
1.715024578931904031e+01
1.716779977682090319e+01
1.718535376432276252e+01
1.720290775182462539e+01
1.722046173932648472e+01
1.723801572682834404e+01
1.725556971433021047e+01
1.727312370183207335e+01
1.729067768933393623e+01
1.730823167683579911e+01
1.732578566433765843e+01
1.734333965183952131e+01
1.736089363934138063e+01
1.737844762684324351e+01
1.739600161434510284e+01
1.741355560184696216e+01
1.743110958934882859e+01
1.744866357685069147e+01
1.746621756435255435e+01
1.748377155185441723e+01
1.750132553935627655e+01
1.751887952685813943e+01
1.753643351435999875e+01
