0.000000000000000000e+00
5.845477838120003433e-01
1.169095567624000687e+00
1.753643351435999920e+00
2.338191135248000041e+00
2.922738919060000384e+00
3.507286702871999839e+00
4.091834486684000183e+00
4.676382270496000082e+00
5.260930054308000869e+00
5.845477838119998992e+00
6.430025621931998892e+00
7.014573405743999679e+00
7.599121189555999578e+00
8.183668973368000366e+00
8.768216757179999377e+00
9.352764540991998388e+00
9.937312324803999175e+00
1.052186010861599996e+01
1.110640789242799897e+01
1.169095567623999798e+01
1.227550346005199877e+01
1.286005124386400134e+01
1.344459902767599857e+01
1.402914681148799758e+01
1.461369459530000015e+01
1.519824237911199738e+01
1.578279016292399994e+01
1.636733794673599718e+01
1.695188573054799619e+01
1.753643351435999875e+01
