7.712482682243583998e-04
2.804266544621516859e-03
3.375790055864267680e-03
1.675808438335650748e-03
6.482477717885090293e-03
5.220803484497498100e-03
1.014588168363273705e-03
3.407647559457282777e-03
1.150289550411219552e-02
1.507918493470753601e-02
1.561485833291658201e-02
1.243372674912918835e-02
1.002621433330253345e-02
1.459527206974625549e-03
6.023323954811694251e-04
1.353311970226272858e-03
1.373440301818207136e-02
1.082353823045295940e-02
4.252074235585831877e-03
1.629702776482017113e-02
8.360612247594541996e-03
4.507012400618310571e-03
1.863868919668558834e-03
6.883105407230413926e-03
3.158337283366371810e-03
5.435820845824088782e-03
3.079424947439456627e-03
2.059152545122296986e-03
9.801383054725408984e-04
2.581900693320155014e-03
3.905196485778477441e-03
