0.000000000000000000e+00
1.063378396673308801e+00
2.126756793346617602e+00
3.190135190019926181e+00
4.253513586693236981e+00
5.316891983366542895e+00
6.380270380039851474e+00
7.443648776713160053e+00
8.507027173386468633e+00
9.570405570059778100e+00
1.063378396673308579e+01
1.169716236340639526e+01
1.276054076007970473e+01
1.382391915675301064e+01
1.488729755342632366e+01
1.595067595009962957e+01
1.701405434677294082e+01
1.807743274344625206e+01
1.914081114011956331e+01
2.020418953679287100e+01
2.126756793346618224e+01
2.233094633013948638e+01
2.339432472681279762e+01
2.445770312348610531e+01
2.552108152015941656e+01
2.658445991683272425e+01
2.764783831350603549e+01
2.871121671017933963e+01
2.977459510685265087e+01
3.083797350352595856e+01
3.190135190019926981e+01
3.296473029687257394e+01
3.402810869354588874e+01
3.509148709021919643e+01
3.615486548689250412e+01
