0.000000000000000000e+00
1.412057059863347416e-05
5.646790224316987838e-05
1.270141453050182081e-04
2.257230855239900915e-04
3.525501556176156132e-04
5.074424489633708049e-04
6.903387353511585217e-04
9.011694788024643150e-04
1.139856857453843677e-03
1.406314785499724164e-03
1.700448937192616068e-03
2.022156772894774870e-03
2.371327567178811626e-03
2.747842438971889994e-03
3.151574383739098959e-03
3.582388307701204078e-03
4.040141064081521037e-03
4.524681491377183749e-03
5.035850453648153466e-03
5.573480882818950335e-03
6.137397822987983483e-03
6.727418476735106019e-03
7.343352253425089980e-03
7.985000819496939836e-03
8.652158150733536834e-03
9.344610586503768884e-03
1.006213688597058613e-02
1.080450828625570923e-02
1.157148856255472633e-02
1.236283409019121697e-02
1.317829390860638522e-02
1.401760978726903674e-02
1.488051629350299783e-02
1.576674086221623375e-02
1.667600386752837380e-02
1.760801869628062649e-02
1.856249182342178256e-02
1.953912288925820431e-02
2.053760477855657088e-02
2.155762370148733495e-02
2.259885927640026271e-02
2.366098461441626388e-02
2.474366640582513488e-02
2.584656500827677353e-02
2.696933453675242481e-02
2.811162295530076488e-02
2.927307217052931357e-02
3.045331812683233635e-02
3.165199090334347432e-02
3.286871481259801692e-02
3.410310850088780349e-02
3.535478505029497620e-02
3.662335208238907958e-02
3.790841186356543741e-02
3.920956141201814571e-02
4.052639260631953760e-02
4.185849229559340801e-02
4.320544241126744039e-02
4.456682008037640697e-02
4.594219774040873838e-02
4.733114325566543240e-02
4.873322003512092077e-02
5.014798715176062988e-02
5.157499946337253810e-02
5.301380773477675640e-02
5.446395876146688936e-02
5.592499549464276243e-02
5.739645716761002103e-02
5.887787942352584042e-02
6.036879444446462822e-02
6.186873108177935038e-02
6.337721498773588036e-02
6.489376874839188070e-02
6.641791201769804698e-02
6.794916165279096809e-02
6.948703185045378150e-02
7.103103428471736758e-02
7.258067824557153103e-02
7.413547077875935754e-02
7.569491682662655985e-02
7.725851936999544867e-02
7.882577957103062416e-02
8.039619691707095006e-02
8.196926936539436492e-02
8.354449348888011440e-02
8.512136462254327185e-02
8.669937701090263404e-02
8.827802395615247377e-02
8.985679796710066558e-02
9.143519090884293099e-02
9.301269415313637157e-02
9.458879872943380673e-02
9.616299547655030033e-02
9.773477519491508003e-02
9.930362879938153808e-02
1.008690474725531250e-01
1.024305228185852790e-01
1.039875470174298350e-01
1.055396129794749366e-01
1.070862145005523902e-01
1.086268464172575748e-01
1.101610047625575378e-01
1.116881869216277273e-01
1.132078917878960728e-01
1.147196199192322269e-01
1.162228736942537699e-01
1.177171574687016636e-01
1.192019777318369528e-01
1.206768432628210624e-01
1.221412652870337429e-01
1.235947576322789232e-01
1.250368368848416289e-01
1.264670225453389529e-01
1.278848371843329390e-01
1.292898065976424704e-01
1.306814599613229377e-01
1.320593299862557468e-01
1.334229530723028412e-01
1.347718694619787216e-01
1.361056233935949433e-01
1.374237632538174714e-01
1.387258417296017010e-01
1.400114159594468832e-01
1.412800476839202457e-01
1.425313033954072328e-01
1.437647544870302996e-01
1.449799774006899633e-01
1.461765537741784304e-01
1.473540705873097600e-01
1.485121203070214058e-01
1.496503010313927073e-01
1.507682166325294837e-01
1.518654768982645731e-01
1.529416976726162836e-01
1.539965009949688934e-01
1.550295152378997343e-01
1.560403752436236857e-01
1.570287224589894670e-01
1.579942050689802924e-01
1.589364781286668193e-01
1.598552036935591836e-01
1.607500509483102413e-01
1.616206963337100677e-01
1.624668236719307990e-01
1.632881242899595353e-01
1.640842971411773654e-01
1.648550489250257267e-01
1.656000942047129443e-01
1.663191555229094065e-01
1.670119635153794191e-01
1.676782570225027469e-01
1.683177831986286954e-01
1.689302976192221806e-01
1.695155643857442773e-01
1.700733562282225331e-01
1.706034546054588930e-01
1.711056498028324380e-01
1.715797410276427293e-01
1.720255365019466298e-01
1.724428535528499673e-01
1.728315187001932818e-01
1.731913677416005992e-01
1.735222458348333885e-01
1.738240075774126481e-01
1.740965170834604114e-01
1.743396480577205365e-01
1.745532838667116227e-01
1.747373176069745571e-01
1.748916521703665072e-01
1.750162003063698568e-01
1.751108846813638487e-01
1.751756379348302639e-01
1.752104027324521418e-01
1.752151318160587723e-01
1.751897880503951455e-01
1.751343444666677851e-01
1.750487843028371571e-01
1.749331010406211251e-01
1.747872984391768414e-01
1.746113905654301524e-01
1.744054018210173806e-01
1.741693669658130050e-01
1.739033311380132341e-01
1.736073498707468854e-01
1.732814891051871198e-01
1.729258252001385499e-01
1.725404449380716077e-01
1.721254455275897932e-01
1.716809346022960259e-01
1.712070302160439150e-01
1.707038608345557151e-01
1.701715653233819570e-01
1.696102929321889330e-01
1.690202032753649053e-01
1.684014663089119790e-01
1.677542623036341607e-01
1.670787818145891279e-01
1.663752256468077062e-01
1.656438048172594879e-01
1.648847405130708654e-01
1.640982640459734410e-01
1.632846168029937484e-01
1.624440501933674397e-01
1.615768255916849305e-01
1.606832142772623984e-01
1.597634973697461269e-01
1.588179657609409545e-01
1.578469200428840036e-01
1.568506704321500356e-01
1.558295366904121071e-01
1.547838480412561946e-01
1.537139430832640263e-01
1.526201696993758072e-01
1.515028849625461582e-01
1.503624550377073710e-01
1.491992550800558814e-01
1.480136691296868034e-01
1.468060900025861260e-01
1.455769191780106053e-01
1.443265666822740600e-01
1.430554509689665188e-01
1.417639987956323400e-01
1.404526450969361961e-01
1.391218328543441241e-01
1.377720129623526135e-01
1.364036440913002912e-01
1.350171925467940903e-01
1.336131321257852111e-01
1.321919439693388654e-01
1.307541164121268362e-01
1.293001448286947852e-01
1.278305314765411926e-01
1.263457853360490102e-01
1.248464219473261749e-01
1.233329632439880696e-01
1.218059373839472520e-01
1.202658785772435512e-01
1.187133269109820338e-01
1.171488281714235524e-01
1.155729336632822235e-01
1.139862000262940739e-01
1.123891890491055118e-01
1.107824674805489157e-01
1.091666068383623928e-01
1.075421832154136587e-01
1.059097770835002034e-01
1.042699730947809489e-01
1.026233598809135061e-01
1.009705298499621318e-01
9.931207898114326194e-02
9.764860661748565873e-02
9.598071525646767466e-02
9.430901033871731676e-02
9.263410003483392441e-02
9.095659503042330396e-02
8.927710830940868703e-02
8.759625493570594168e-02
8.591465183333676925e-02
8.423291756505962846e-02
8.255167210960366597e-02
8.087153663758361866e-02
7.919313328618095282e-02
7.751708493267409072e-02
7.584401496690668099e-02
7.417454706277235021e-02
7.250930494881219213e-02
7.084891217800312613e-02
6.919399189683562990e-02
6.754516661375933873e-02
6.590305796709652886e-02
6.426828649250646008e-02
6.264147139009666743e-02
6.102323029127092180e-02
5.941417902540537671e-02
5.781493138645042024e-02
5.622609889954468393e-02
5.464829058774246795e-02
5.308211273894212351e-02
5.152816867311592330e-02
4.998705850993218763e-02
4.845937893686738662e-02
4.694572297790139404e-02
4.544667976289511885e-02
4.396283429774217738e-02
4.249476723539356848e-02
4.104305464784967217e-02
3.960826779921682722e-02
3.819097291992299553e-02
3.679173098218921356e-02
3.541109747685329545e-02
3.404962219163866488e-02
3.270784899096859655e-02
3.138631559741311000e-02
3.008555337487401823e-02
2.880608711359057897e-02
2.754843481707068553e-02
2.631310749103266122e-02
2.510060893445656416e-02
2.391143553283438250e-02
2.274607605371185837e-02
2.160501144461412712e-02
2.048871463344427088e-02
1.939765033144600498e-02
1.833227483881952335e-02
1.729303585307778030e-02
1.628037228023171065e-02
1.529471404889179952e-02
1.433648192736846835e-02
1.340608734386049966e-02
1.250393220981036585e-02
1.163040874651360794e-02
1.078589931505913486e-02
9.970776249685031969e-03
9.185401694625363461e-03
8.430127444528468655e-03
7.705294788521058896e-03
7.011234357995231418e-03
6.348265978190983580e-03
5.716698523646725899e-03
5.116829777589733744e-03
4.548946295334536233e-03
4.013323271758755320e-03
3.510224412921085935e-03
3.039901811888070463e-03
2.602595828830964880e-03
2.198534975455863471e-03
1.827935803825141148e-03
1.491002799630153927e-03
1.187928279969601092e-03
9.188922956893161688e-04
6.840625383354420174e-04
4.835942517720077613e-04
3.176301485115769034e-04
1.863003308060581396e-04
8.972221654259580437e-05
2.800046998735973946e-05
1.226937418524441354e-06
9.480587687083856508e-06
5.282745774259301678e-05
1.313206031585594576e-04
2.450000536901313802e-04
3.938927738948803242e-04
5.780126288447796695e-04
7.973603549560206267e-04
1.051923535960404277e-03
1.341676584040539652e-03
1.666580726148197533e-03
2.026583995523531436e-03
2.421621228430314264e-03
2.851614066119701873e-03
3.316470962034316541e-03
3.816087194259286299e-03
4.350344883228653321e-03
4.919113014688176154e-03
5.522247467919031740e-03
6.159591049218932600e-03
6.830973530639336891e-03
7.536211693972728366e-03
8.275109379981668636e-03
9.047457542860952440e-03
9.853034309918125982e-03
1.069160504646096861e-02
1.156292242587101879e-02
1.246672650484762467e-02
1.340274480379701795e-02
1.437069239234656064e-02
1.537027197995356927e-02
1.640117401158403335e-02
1.746307676842721174e-02
1.855564647361588465e-02
1.967853740291345202e-02
2.083139200033440330e-02
2.201384099865370120e-02
2.322550354476771509e-02
2.446598732985805907e-02
2.573488872431435592e-02
2.703179291736818382e-02
2.835627406138309034e-02
2.970789542075409281e-02
3.108620952535452384e-02
3.249075832848057760e-02
3.392107336922664529e-02
3.537667593923797538e-02
3.685707725376977106e-02
3.836177862699546859e-02
3.989027165148855553e-02
4.144203838181759886e-02
4.301655152217498390e-02
4.461327461797454097e-02
4.623166225133662488e-02
4.787116024038779588e-02
4.953120584229803169e-02
5.121122795997015698e-02
5.291064735230668198e-02
5.462887684796473298e-02
5.636532156251927717e-02
5.811937911894177883e-02
5.989043987131510705e-02
6.167788713168442100e-02
6.348109739996364576e-02
6.529944059679571033e-02
6.713228029928025586e-02
6.897897397946770037e-02
7.083887324552796960e-02
7.271132408549307868e-02
7.459566711347333234e-02
7.649123781825435675e-02
7.839736681416265007e-02
8.031338009410801670e-02
8.223859928469100244e-02
8.417234190327856080e-02
8.611392161693522118e-02
8.806264850311096293e-02
9.001782931197153947e-02
9.197876773027176267e-02
9.394476464665321713e-02
9.591511841826955154e-02
9.788912513861636189e-02
9.986607890646553853e-02
1.018452720957899738e-01
1.038259956265627365e-01
1.058075392363289347e-01
1.077891917524247539e-01
1.097702413647466541e-01
1.117499758989421027e-01
1.137276830899223989e-01
1.157026508555738520e-01
1.176741675705639673e-01
1.196415223401178507e-01
1.216040052736634541e-01
1.235609077582217330e-01
1.255115227314372583e-01
1.274551449541296566e-01
1.293910712822547715e-01
1.313186009381674402e-01
1.332370357810650774e-01
1.351456805765084701e-01
1.370438432649008220e-01
1.389308352288209647e-01
1.408059715590929406e-01
1.426685713194892624e-01
1.445179578099500539e-01
1.463534588282180138e-01
1.481744069297724065e-01
1.499801396859636315e-01
1.517699999402309929e-01
1.535433360623103261e-01
1.552995022003155201e-01
1.570378585305957364e-01
1.587577715052667093e-01
1.604586140973062736e-01
1.621397660431270760e-01
1.638006140825078727e-01
1.654405521958065284e-01
1.670589818383367009e-01
1.686553121718280812e-01
1.702289602928651335e-01
1.717793514582179049e-01
1.733059193069657611e-01
1.748081060793317265e-01
1.762853628321294219e-01
1.777371496507425819e-01
1.791629358575467512e-01
1.805622002166863693e-01
1.819344311351334675e-01
1.832791268599338330e-01
1.845957956715743031e-01
1.858839560733790697e-01
1.871431369768745134e-01
1.883728778830318640e-01
1.895727290593307857e-01
1.907422517125587080e-01
1.918810181572889739e-01
1.929886119799627264e-01
1.940646281985124177e-01
1.951086734174659609e-01
1.961203659784649667e-01
1.970993361061442184e-01
1.980452260493084093e-01
1.989576902173595951e-01
1.998363953119123293e-01
2.006810204535556530e-01
2.014912573037031529e-01
2.022668101814957820e-01
2.030073961756987122e-01
2.037127452515661297e-01
2.043826003526177937e-01
2.050167174973040740e-01
2.056148658705088672e-01
2.061768279098719070e-01
2.067023993868854215e-01
2.071913894827470959e-01
2.076436208589341470e-01
2.080589297224783307e-01
2.084371658859202336e-01
2.087781928219185068e-01
2.090818877124994146e-01
2.093481414929312112e-01
2.095768588902083562e-01
2.097679584561368271e-01
2.099213725950082876e-01
2.100370475858600594e-01
2.101149435993166226e-01
2.101550347090067883e-01
2.101573088975617898e-01
2.101217680571951796e-01
2.100484279848670310e-01
2.099373183720423253e-01
2.097884827890551529e-01
2.096019786640810345e-01
2.093778772567448931e-01
2.091162636263665942e-01
2.088172365948760545e-01
2.084809087044030007e-01
2.081074061695813160e-01
2.076968688245760808e-01
2.072494500648739135e-01
2.067653167838557071e-01
2.062446493041879547e-01
2.056876413040663043e-01
2.050944997383424562e-01
2.044654447545785902e-01
2.038007096040596322e-01
2.031005405478135406e-01
2.023651967576778343e-01
2.015949502124597947e-01
2.007900855892350844e-01
1.999509001498386840e-01
1.990777036225944985e-01
1.981708180793381180e-01
1.972305778077898808e-01
1.962573291793313635e-01
1.952514305122447780e-01
1.942132519304776705e-01
1.931431752179897654e-01
1.920415936687514535e-01
1.909089119324553219e-01
1.897455458560072528e-01
1.885519223208657336e-01
1.873284790763040386e-01
1.860756645686587885e-01
1.847939377666424077e-01
1.834837679827962531e-01
1.821456346911511093e-01
1.807800273411871994e-01
1.793874451681529147e-01
1.779683969998405724e-01
1.765234010598879799e-01
1.750529847676949025e-01
1.735576845350317587e-01
1.720380455594337221e-01
1.704946216144561655e-01
1.689279748368855971e-01
1.673386755109923796e-01
1.657273018499107187e-01
1.640944397742427896e-01
1.624406826879650767e-01
1.607666312517489204e-01
1.590728931537614410e-01
1.573600828780677974e-01
1.556288214707038930e-01
1.538797363035357968e-01
1.521134608359800411e-01
1.503306343747024820e-01
1.485319018313739081e-01
1.467179134785902006e-01
1.448893247040546894e-01
1.430467957631103570e-01
1.411909915297363260e-01
1.393225812460925361e-01
1.374422382707222723e-01
1.355506398255077183e-01
1.336484667414767624e-01
1.317364032035650279e-01
1.298151364944321318e-01
1.278853567374278744e-01
1.259477566388179370e-01
1.240030312293593368e-01
1.220518776053324678e-01
1.200949946691303866e-01
1.181330828695002638e-01
1.161668439415441956e-01
1.141969806465715220e-01
1.122241965119114560e-01
1.102491955707763649e-01
1.082726821022855085e-01
1.062953603717343015e-01
1.043179343712228591e-01
1.023411075607309900e-01
1.003655826097435005e-01
9.839206113951826094e-02
9.642124346610057850e-02
9.445382834417138940e-02
9.249051271183462986e-02
9.053199143643135549e-02
8.857895706147686510e-02
8.663209955481944446e-02
8.469210605810373327e-02
8.275966063764471359e-02
8.083544403678719070e-02
7.892013342985969293e-02
7.701440217779445541e-02
7.511891958552024962e-02
7.323435066119682313e-02
7.136135587739902975e-02
6.950059093431584789e-02
6.765270652506828741e-02
6.581834810321333940e-02
6.399815565253144656e-02
6.219276345916917997e-02
6.040279988622227619e-02
5.862888715083684754e-02
5.687164110391023514e-02
5.513167101246455037e-02
5.340957934477150171e-02
5.170596155830266272e-02
5.002140589057756104e-02
4.835649315298384820e-02
4.671179652763700341e-02
4.508788136735487201e-02
4.348530499880495781e-02
4.190461652890369038e-02
4.034635665452285247e-02
3.881105747557107855e-02
3.729924231151550418e-02
3.581142552139605917e-02
3.434811232740151571e-02
3.290979864205811206e-02
3.149697089909381242e-02
3.011010588802231699e-02
2.874967059251378951e-02
2.741612203259204822e-02
2.610990711071762074e-02
2.483146246179596811e-02
2.358121430716853331e-02
2.235957831262071205e-02
2.116695945046226379e-02
2.000375186570858485e-02
1.887033874641744907e-02
1.776709219821062669e-02
1.669437312301774723e-02
1.565253110208514667e-02
1.464190428327434741e-02
1.366281927268916951e-02
1.271559103065715221e-02
1.180052277209833744e-02
1.091790587130389567e-02
1.006801977115424039e-02
9.251131896795954448e-03
8.467497573804261962e-03
7.717359950846593326e-03
7.000949926868546558e-03
6.318486082819261759e-03
5.670174617928407275e-03
5.056209290552420542e-03
4.476771363597356265e-03
3.932029554532416593e-03
3.422139989998413366e-03
2.947246165022105509e-03
2.507478906836170876e-03
2.102956343314188719e-03
1.733783876016326128e-03
1.400054157849690102e-03
1.101847075339108199e-03
8.392297355069410891e-04
6.122564573548681032e-04
4.209687679424826338e-04
2.653954030533162839e-04
1.455523124389239268e-04
6.144266962918764263e-05
1.305688629559152570e-05
3.726311529340341022e-07
2.335485338282951068e-05
8.195581056125286670e-05
1.761151010706230524e-04
3.057597009752729012e-04
4.708040053380443111e-04
6.711498739534406573e-04
9.066866814725027491e-04
1.177291371891480733e-03
1.482828517376665435e-03
1.823150381394856830e-03
2.198096986117704498e-03
2.607496184068787935e-03
3.051163733976432549e-03
3.528903380799765753e-03
4.040506939888236816e-03
4.585754385238658727e-03
5.164413941807731272e-03
5.776242181841689284e-03
6.420984125178036579e-03
7.098373343478924825e-03
7.808132068347795919e-03
8.549971303287374341e-03
9.323590939446554926e-03
1.012867987511524397e-02
1.096491613890854949e-02
1.183196701659684595e-02
1.272948918152700531e-02
1.365712882858109017e-02
1.461452181162040467e-02
1.560129378435750995e-02
1.661706034460349105e-02
1.766142718182865667e-02
1.873399022798325625e-02
1.983433581151542238e-02
2.096204081452938614e-02
2.211667283301915060e-02
2.329779034012108979e-02
2.450494285231689245e-02
2.573767109852838006e-02
2.699550719203650320e-02
2.827797480515951978e-02
2.958458934662828652e-02
3.091485814158510467e-02
3.226828061414691723e-02
3.364434847245562077e-02
3.504254589615633797e-02
3.646234972622667408e-02
3.790322965708954606e-02
3.936464843094059085e-02
4.084606203421672910e-02
4.234691989613562080e-02
4.386666508923064284e-02
4.540473453181486513e-02
4.696055919229393666e-02
4.853356429525917254e-02
5.012316952928275171e-02
5.172878925634642744e-02
5.334983272282113609e-02
5.498570427193072430e-02
5.663580355761495960e-02
5.829952575972774387e-02
5.997626180048263450e-02
6.166539856207778336e-02
6.336631910541994095e-02
6.507840288987352950e-02
6.680102599395480734e-02
6.853356133689500473e-02
7.027537890100148121e-02
7.202584595472895368e-02
7.378432727639200328e-02
7.555018537843978532e-02
7.732278073221481030e-02
7.910147199311744204e-02
8.088561622610385138e-02
8.267456913143426955e-02
8.446768527059872467e-02
8.626431829234444681e-02
8.806382115872035676e-02
8.986554637107617427e-02
9.166884619592337302e-02
9.347307289059875179e-02
9.527757892863679412e-02
9.708171722479357058e-02
9.888484135963163113e-02
1.006863058036033265e-01
1.024854661405427692e-01
1.042816792905134626e-01
1.060743037319149956e-01
1.078626997227919437e-01
1.096462295212634053e-01
1.114242576050018946e-01
1.131961508896957014e-01
1.149612789464106999e-01
1.167190142177911977e-01
1.184687322330280623e-01
1.202098118215150224e-01
1.219416353251353696e-01
1.236635888091026508e-01
1.253750622712891671e-01
1.270754498499746810e-01
1.287641500299498420e-01
1.304405658469016960e-01
1.321041050900246816e-01
1.337541805027870623e-01
1.353902099817852200e-01
1.370116167736305235e-01
1.386178296697984647e-01
1.402082831993834433e-01
1.417824178196930851e-01
1.433396801046259994e-01
1.448795229307733856e-01
1.464014056611779302e-01
1.479047943267074172e-01
1.493891618049663916e-01
1.508539879967116804e-01
1.522987599996933894e-01
1.537229722798893750e-01
1.551261268400624116e-01
1.565077333855978414e-01
1.578673094875656102e-01
1.592043807429597557e-01
1.605184809320613082e-01
1.618091521728792781e-01
1.630759450726242121e-01
1.643184188761618036e-01
1.655361416114075612e-01
1.667286902316121866e-01
1.678956507545027177e-01
1.690366183982260351e-01
1.701511977140663934e-01
1.712390027158826600e-01
1.722996570062413912e-01
1.733327938991951200e-01
1.743380565396796256e-01
1.753150980194835840e-01
1.762635814897676734e-01
1.771831802700915282e-01
1.780735779539206198e-01
1.789344685105806743e-01
1.797655563836300374e-01
1.805665565856202914e-01
1.813371947892218616e-01
1.820772074146816411e-01
1.827863417135952850e-01
1.834643558489638948e-01
1.841110189715144396e-01
1.847261112922680970e-01
1.853094241513232876e-01
1.858607600828520723e-01
1.863799328762737184e-01
1.868667676336048522e-01
1.873211008229587471e-01
1.877427803281908891e-01
1.881316654946655620e-01
1.884876271711423690e-01
1.888105477477666494e-01
1.891003211901598202e-01
1.893568530695933227e-01
1.895800605892475343e-01
1.897698726065484287e-01
1.899262296515738246e-01
1.900490839415346633e-01
1.901383993913153547e-01
1.901941516200917337e-01
1.902163279540141361e-01
1.902049274249549005e-01
1.901599607653419455e-01
1.900814503990590487e-01
1.899694304284410828e-01
1.898239466173481937e-01
1.896450563703538927e-01
1.894328287080310202e-01
1.891873442383633641e-01
1.889086951242851253e-01
1.885969850473689924e-01
1.882523291676699018e-01
1.878748540797468558e-01
1.874646977648716240e-01
1.870220095394511950e-01
1.865469499996731673e-01
1.860396909624059680e-01
1.855004154023625340e-01
1.849293173855610650e-01
1.843266019990980331e-01
1.836924852772665595e-01
1.830271941240368683e-01
1.823309662319347324e-01
1.816040499973385069e-01
1.808467044322317752e-01
1.800591990724346447e-01
1.792418138823500817e-01
1.783948391562563685e-01
1.775185754161778540e-01
1.766133333063742983e-01
1.756794334844752337e-01
1.747172065093043625e-01
1.737269927254304347e-01
1.727091421444801322e-01
1.716640143232503468e-01
1.705919782386766670e-01
1.694934121596758936e-01
1.683687035159264211e-01
1.672182487636145742e-01
1.660424532482069893e-01
1.648417310642782407e-01
1.636165049124532478e-01
1.623672059535050671e-01
1.610942736596598923e-01
1.597981556631545563e-01
1.584793076020988012e-01
1.571381929636971042e-01
1.557752829248738313e-01
1.543910561903584777e-01
1.529859988282869787e-01
1.515606041033684681e-01
1.501153723076718294e-01
1.486508105890956832e-01
1.471674327775653324e-01
1.456657592090285225e-01
1.441463165472917363e-01
1.426096376037700175e-01
1.410562611552000079e-01
1.394867317593782852e-01
1.379015995689893137e-01
1.363014201435752970e-01
1.346867542597205702e-01
1.330581677195006585e-01
1.314162311572699693e-01
1.297615198448407725e-01
1.280946134951296278e-01
1.264160960643194997e-01
1.247265555526166220e-01
1.230265838036593840e-01
1.213167763026500173e-01
1.195977319732640931e-01
1.178700529734208885e-01
1.161343444899693433e-01
1.143912145323548873e-01
1.126412737253469631e-01
1.108851351008829922e-01
1.091234138891026550e-01
1.073567273086388496e-01
1.055856943562354100e-01
1.038109355957581997e-01
1.020330729466708969e-01
1.002527294720451795e-01
9.847052916616885754e-02
9.668709674182912606e-02
9.490305741733887079e-02
9.311903670336924010e-02
9.133566018966694788e-02
8.955355333172369814e-02
8.777334123746209638e-02
8.599564845401885815e-02
8.422109875468140883e-02
8.245031492606400003e-02
8.068391855557743853e-02
7.892252981927587452e-02
7.716676727013775661e-02
7.541724762686603800e-02
7.367458556325652552e-02
7.193939349822868479e-02
7.021228138656369910e-02
6.849385651043898848e-02
6.678472327181272927e-02
6.508548298573765822e-02
6.339673367466798493e-02
6.171906986382470067e-02
6.005308237769593077e-02
5.839935813772852147e-02
5.675847996128755013e-02
5.513102636194372463e-02
5.351757135116242542e-02
5.191868424144951977e-02
5.033492945103308636e-02
4.876686631013130158e-02
4.721504886888681224e-02
4.568002570701684001e-02
4.416233974525474171e-02
4.266252805863730152e-02
4.118112169170545095e-02
3.971864547568147025e-02
3.827561784767596204e-02
3.685255067199693507e-02
3.544994906361098597e-02
3.406831121382426081e-02
3.270812821823303185e-02
3.136988390701424961e-02
3.005405467759919222e-02
2.876110932980002061e-02
2.749150890343626460e-02
2.624570651852210085e-02
2.502414721806384135e-02
2.382726781352625597e-02
2.265549673301718234e-02
2.150925387224380050e-02
2.038895044829244080e-02
1.929498885627840832e-02
1.822776252892219229e-02
1.718765579909178540e-02
1.617504376536753330e-02
1.519029216066861664e-02
1.423375722399234343e-02
1.330578557530716528e-02
1.240671409364597910e-02
1.153686979843932502e-02
1.069656973413486527e-02
9.886120858137545375e-03
9.105819932116327939e-03
8.355953416710849152e-03
7.636797369679805721e-03
6.948617347524234898e-03
6.291668310622028359e-03
5.666194531909351899e-03
5.072429509139097896e-03
4.510595880751101447e-03
3.980905345382776059e-03
3.483558585051759957e-03
3.018745192036153668e-03
2.586643599483198341e-03
2.187421015769108398e-03
1.821233362637146884e-03
1.488225217135877125e-03
1.188529757381767129e-03
9.222687121656499790e-04
6.895523144235162633e-04
4.904792585909327832e-04
