0.000000000000000000e+00
3.619105654343614253e-02
7.238211308687228507e-02
1.085731696303084137e-01
1.447642261737431268e-01
1.809552827171792555e-01
2.171463392606153842e-01
2.533373958040515128e-01
2.895284523474876970e-01
3.257195088909238256e-01
3.619105654343599543e-01
3.981016219777960830e-01
4.342926785212307683e-01
4.704837350646669525e-01
5.066747916081030256e-01
5.428658481515392653e-01
5.790569046949753940e-01
6.152479612384115226e-01
6.514390177818476513e-01
6.876300743252823366e-01
7.238211308687184653e-01
7.600121874121545940e-01
7.962032439555907226e-01
8.323943004990268513e-01
8.685853570424629799e-01
9.047764135858992196e-01
9.409674701293353483e-01
9.771585266727700336e-01
1.013349583216206051e+00
1.049540639759642291e+00
1.085731696303078531e+00
1.121922752846514548e+00
1.158113809389950788e+00
1.194304865933385473e+00
1.230495922476821491e+00
1.266686979020257731e+00
1.302878035563693748e+00
1.339069092107129988e+00
1.375260148650566006e+00
1.411451205194002245e+00
1.447642261737438485e+00
1.483833318280873170e+00
1.520024374824309188e+00
1.556215431367745428e+00
1.592406487911181445e+00
1.628597544454617685e+00
1.664788600998053703e+00
1.700979657541488388e+00
1.737170714084924628e+00
1.773361770628360867e+00
1.809552827171796885e+00
1.845743883715233125e+00
1.881934940258669142e+00
1.918125996802105382e+00
1.954317053345541400e+00
1.990508109888977639e+00
2.026699166432412103e+00
2.062890222975848342e+00
2.099081279519284582e+00
2.135272336062720822e+00
2.171463392606157061e+00
2.207654449149592857e+00
2.243845505693027764e+00
2.280036562236464004e+00
2.316227618779899800e+00
2.352418675323336039e+00
2.388609731866772279e+00
2.424800788410208519e+00
2.460991844953644758e+00
2.497182901497080554e+00
2.533373958040516793e+00
2.569565014583951701e+00
2.605756071127387496e+00
2.641947127670823736e+00
2.678138184214259976e+00
2.714329240757696216e+00
2.750520297301130679e+00
2.786711353844566919e+00
2.822902410388003158e+00
2.859093466931439398e+00
2.895284523474875193e+00
2.931475580018311433e+00
2.967666636561747673e+00
3.003857693105183913e+00
3.040048749648619708e+00
3.076239806192055948e+00
3.112430862735490855e+00
3.148621919278927095e+00
3.184812975822362890e+00
3.221004032365799130e+00
3.257195088909234038e+00
3.293386145452669833e+00
3.329577201996106073e+00
3.365768258539542312e+00
3.401959315082978552e+00
3.438150371626414348e+00
3.474341428169850587e+00
3.510532484713286827e+00
3.546723541256723067e+00
3.582914597800159306e+00
3.619105654343595102e+00
3.655296710887030009e+00
3.691487767430466249e+00
3.727678823973902045e+00
3.763869880517338284e+00
3.800060937060773192e+00
3.836251993604208987e+00
3.872443050147645227e+00
3.908634106691081467e+00
3.944825163234517706e+00
3.981016219777953946e+00
4.017207276321389742e+00
4.053398332864825981e+00
4.089589389408262221e+00
4.125780445951698461e+00
4.161971502495134700e+00
4.198162559038567387e+00
4.234353615582007180e+00
4.270544672125439867e+00
4.306735728668876106e+00
4.342926785212312346e+00
4.379117841755748586e+00
4.415308898299184825e+00
4.451499954842621065e+00
4.487691011386056417e+00
4.523882067929492656e+00
4.560073124472928896e+00
4.596264181016365136e+00
4.632455237559801375e+00
4.668646294103237615e+00
4.704837350646673855e+00
4.741028407190106542e+00
4.777219463733546334e+00
4.813410520276979021e+00
4.849601576820415261e+00
4.885792633363851500e+00
4.921983689907287740e+00
4.958174746450723980e+00
4.994365802994160219e+00
5.030556859537596459e+00
5.066747916081031811e+00
5.102938972624468050e+00
5.139130029167904290e+00
5.175321085711340530e+00
5.211512142254776769e+00
5.247703198798213009e+00
5.283894255341646584e+00
5.320085311885085488e+00
5.356276368428518175e+00
5.392467424971954415e+00
5.428658481515390655e+00
5.464849538058826894e+00
5.501040594602263134e+00
5.537231651145699374e+00
5.573422707689135613e+00
5.609613764232571853e+00
5.645804820776007205e+00
5.681995877319443444e+00
5.718186933862879684e+00
5.754377990406315924e+00
5.790569046949752163e+00
5.826760103493185738e+00
5.862951160036624643e+00
5.899142216580057330e+00
5.935333273123493569e+00
5.971524329666929809e+00
6.007715386210366049e+00
6.043906442753802288e+00
6.080097499297238528e+00
6.116288555840674768e+00
6.152479612384111007e+00
6.188670668927546359e+00
6.224861725470982599e+00
6.261052782014418838e+00
6.297243838557852413e+00
6.333434895101291318e+00
6.369625951644724893e+00
6.405817008188163797e+00
6.442008064731596484e+00
6.478199121275032724e+00
6.514390177818468963e+00
6.550581234361905203e+00
6.586772290905341443e+00
6.622963347448777682e+00
6.659154403992213922e+00
6.695345460535650162e+00
6.731536517079086401e+00
6.767727573622519088e+00
6.803918630165957993e+00
6.840109686709391568e+00
6.876300743252830472e+00
6.912491799796264047e+00
6.948682856339702951e+00
6.984873912883135638e+00
7.021064969426571878e+00
7.057256025970008118e+00
7.093447082513444357e+00
7.129638139056880597e+00
7.165829195600316837e+00
7.202020252143753076e+00
7.238211308687189316e+00
7.274402365230625556e+00
7.310593421774058243e+00
7.346784478317497147e+00
7.382975534860930722e+00
7.419166591404369626e+00
7.455357647947803201e+00
7.491548704491242106e+00
7.527739761034675681e+00
7.563930817578111032e+00
7.600121874121547272e+00
7.636312930664983512e+00
7.672503987208419751e+00
7.708695043751855991e+00
7.744886100295292231e+00
7.781077156838728470e+00
7.817268213382164710e+00
7.853459269925597397e+00
7.889650326469036301e+00
7.925841383012469876e+00
7.962032439555908780e+00
7.998223496099342356e+00
8.034414552642781260e+00
8.070605609186214835e+00
8.106796665729650186e+00
8.142987722273087314e+00
8.179178778816522666e+00
8.215369835359959794e+00
8.251560891903395145e+00
8.287751948446830497e+00
8.323943004990267625e+00
8.360134061533702976e+00
8.396325118077136551e+00
8.432516174620575455e+00
8.468707231164009031e+00
8.504898287707447935e+00
8.541089344250881510e+00
8.577280400794320414e+00
8.613471457337753989e+00
8.649662513881189341e+00
8.685853570424626469e+00
8.722044626968061820e+00
8.758235683511498948e+00
8.794426740054934299e+00
8.830617796598371427e+00
8.866808853141806779e+00
8.902999909685242130e+00
8.939190966228675705e+00
8.975382022772114610e+00
9.011573079315548185e+00
9.047764135858987089e+00
9.083955192402420664e+00
9.120146248945859568e+00
9.156337305489293144e+00
9.192528362032728495e+00
9.228719418576165623e+00
9.264910475119600974e+00
9.301101531663038102e+00
9.337292588206473454e+00
9.373483644749910582e+00
9.409674701293342380e+00
9.445865757836781285e+00
9.482056814380214860e+00
9.518247870923653764e+00
9.554438927467087339e+00
9.590629984010526243e+00
9.626821040553959818e+00
9.663012097097395170e+00
9.699203153640832298e+00
9.735394210184267649e+00
9.771585266727704777e+00
9.807776323271140129e+00
9.843967379814577257e+00
9.880158436358012608e+00
9.916349492901449736e+00
9.952540549444881535e+00
9.988731605988320439e+00
1.002492266253175401e+01
1.006111371907519292e+01
1.009730477561862649e+01
1.013349583216206540e+01
1.016968688870549897e+01
1.020587794524893610e+01
1.024206900179237145e+01
1.027826005833580680e+01
1.031445111487924393e+01
1.035064217142267928e+01
1.038683322796611641e+01
1.042302428450955176e+01
1.045921534105298889e+01
1.049540639759642069e+01
1.053159745413986137e+01
1.056778851068329317e+01
1.060397956722673207e+01
1.064017062377016565e+01
1.067636168031360455e+01
1.071255273685703813e+01
1.074874379340047525e+01
1.078493484994391061e+01
1.082112590648734596e+01
1.085731696303078309e+01
1.089350801957421844e+01
1.092969907611765557e+01
1.096589013266109092e+01
1.100208118920452804e+01
1.103827224574795984e+01
1.107446330229140052e+01
1.111065435883483232e+01
1.114684541537827123e+01
1.118303647192170480e+01
1.121922752846514371e+01
1.125541858500857728e+01
1.129160964155201441e+01
1.132780069809544976e+01
1.136399175463888511e+01
1.140018281118232224e+01
1.143637386772575759e+01
1.147256492426919472e+01
1.150875598081263007e+01
1.154494703735606720e+01
1.158113809389950077e+01
1.161732915044293968e+01
1.165352020698637148e+01
1.168971126352981038e+01
1.172590232007324396e+01
1.176209337661668286e+01
1.179828443316011644e+01
1.183447548970355356e+01
1.187066654624698891e+01
1.190685760279042604e+01
1.194304865933386139e+01
1.197923971587729675e+01
1.201543077242073387e+01
1.205162182896416745e+01
1.208781288550760635e+01
1.212400394205103993e+01
1.216019499859447883e+01
1.219638605513791063e+01
1.223257711168134954e+01
1.226876816822478311e+01
1.230495922476822201e+01
1.234115028131165559e+01
1.237734133785509272e+01
1.241353239439852807e+01
1.244972345094196520e+01
1.248591450748540055e+01
1.252210556402883590e+01
1.255829662057227303e+01
1.259448767711570660e+01
1.263067873365914551e+01
1.266686979020257908e+01
1.270306084674601799e+01
1.273925190328944979e+01
1.277544295983289047e+01
1.281163401637632226e+01
1.284782507291975939e+01
1.288401612946319474e+01
1.292020718600663187e+01
1.295639824255006722e+01
1.299258929909350258e+01
1.302878035563694148e+01
1.306497141218037505e+01
1.310116246872381396e+01
1.313735352526724753e+01
1.317354458181068644e+01
1.320973563835411824e+01
1.324592669489755714e+01
1.328211775144099072e+01
1.331830880798442962e+01
1.335449986452786320e+01
1.339069092107130210e+01
1.342688197761473567e+01
1.346307303415817458e+01
1.349926409070160815e+01
1.353545514724504173e+01
1.357164620378848063e+01
1.360783726033191421e+01
1.364402831687535311e+01
1.368021937341878669e+01
1.371641042996222559e+01
1.375260148650565739e+01
1.378879254304909807e+01
1.382498359959252987e+01
1.386117465613596877e+01
1.389736571267940235e+01
1.393355676922284125e+01
1.396974782576627483e+01
1.400593888230971373e+01
1.404212993885314731e+01
1.407832099539658088e+01
1.411451205194001979e+01
1.415070310848345336e+01
1.418689416502689227e+01
1.422308522157032584e+01
1.425927627811376475e+01
1.429546733465719655e+01
1.433165839120063723e+01
1.436784944774406902e+01
1.440404050428750793e+01
1.444023156083094150e+01
1.447642261737438041e+01
1.451261367391781398e+01
1.454880473046125289e+01
1.458499578700468646e+01
1.462118684354812004e+01
1.465737790009155894e+01
1.469356895663499252e+01
1.472976001317843142e+01
1.476595106972186500e+01
1.480214212626530390e+01
1.483833318280873748e+01
1.487452423935217638e+01
1.491071529589560818e+01
1.494690635243904708e+01
1.498309740898248066e+01
1.501928846552591956e+01
1.505547952206935314e+01
1.509167057861278671e+01
1.512786163515622562e+01
1.516405269169965919e+01
1.520024374824309810e+01
1.523643480478653167e+01
1.527262586132997058e+01
1.530881691787340415e+01
1.534500797441684306e+01
1.538119903096027663e+01
1.541739008750371553e+01
1.545358114404714733e+01
1.548977220059058801e+01
1.552596325713401981e+01
1.556215431367745872e+01
1.559834537022089229e+01
1.563453642676432587e+01
1.567072748330776477e+01
1.570691853985119835e+01
1.574310959639463725e+01
1.577930065293807083e+01
1.581549170948150973e+01
1.585168276602494331e+01
1.588787382256838221e+01
1.592406487911181578e+01
1.596025593565525469e+01
1.599644699219868649e+01
1.603263804874212539e+01
1.606882910528555897e+01
1.610502016182899965e+01
1.614121121837243322e+01
1.617740227491586680e+01
1.621359333145930393e+01
1.624978438800273750e+01
1.628597544454617818e+01
1.632216650108960820e+01
1.635835755763304888e+01
1.639454861417648246e+01
1.643073967071991959e+01
1.646693072726335316e+01
1.650312178380679384e+01
1.653931284035022742e+01
1.657550389689366455e+01
1.661169495343709812e+01
1.664788600998053880e+01
1.668407706652397238e+01
1.672026812306740595e+01
1.675645917961084308e+01
1.679265023615427666e+01
1.682884129269771734e+01
1.686503234924114736e+01
1.690122340578458804e+01
1.693741446232802161e+01
1.697360551887145874e+01
1.700979657541489232e+01
1.704598763195833300e+01
1.708217868850176657e+01
1.711836974504520370e+01
1.715456080158863728e+01
1.719075185813207796e+01
1.722694291467551153e+01
1.726313397121894511e+01
1.729932502776238223e+01
1.733551608430581581e+01
1.737170714084925649e+01
1.740789819739268651e+01
1.744408925393612719e+01
1.748028031047956077e+01
1.751647136702299790e+01
1.755266242356643147e+01
1.758885348010987215e+01
1.762504453665330573e+01
1.766123559319674285e+01
1.769742664974017643e+01
1.773361770628361711e+01
1.776980876282705069e+01
1.780599981937048426e+01
1.784219087591392139e+01
1.787838193245735496e+01
1.791457298900079564e+01
1.795076404554422567e+01
1.798695510208766635e+01
1.802314615863109992e+01
1.805933721517453705e+01
1.809552827171797063e+01
1.813171932826141131e+01
1.816791038480484488e+01
1.820410144134828201e+01
1.824029249789171558e+01
1.827648355443514916e+01
1.831267461097858984e+01
1.834886566752202341e+01
1.838505672406546054e+01
1.842124778060889412e+01
1.845743883715233480e+01
1.849362989369576482e+01
1.852982095023920550e+01
1.856601200678263908e+01
1.860220306332607620e+01
1.863839411986950978e+01
1.867458517641295046e+01
1.871077623295638404e+01
1.874696728949982116e+01
1.878315834604325474e+01
1.881934940258668831e+01
1.885554045913012899e+01
1.889173151567356257e+01
1.892792257221699970e+01
1.896411362876043327e+01
1.900030468530387395e+01
1.903649574184730753e+01
1.907268679839074466e+01
1.910887785493417823e+01
1.914506891147761536e+01
1.918125996802104893e+01
1.921745102456448961e+01
1.925364208110792319e+01
1.928983313765136032e+01
1.932602419419479389e+01
1.936221525073822747e+01
1.939840630728166815e+01
1.943459736382510172e+01
1.947078842036853885e+01
1.950697947691197243e+01
1.954317053345541311e+01
1.957936158999884668e+01
1.961555264654228381e+01
1.965174370308571739e+01
1.968793475962915807e+01
1.972412581617258809e+01
1.976031687271602877e+01
1.979650792925946234e+01
1.983269898580289947e+01
1.986889004234633305e+01
1.990508109888976662e+01
1.994127215543320730e+01
1.997746321197664088e+01
2.001365426852007801e+01
2.004984532506351158e+01
2.008603638160695226e+01
2.012222743815038584e+01
2.015841849469382296e+01
2.019460955123725654e+01
2.023080060778069722e+01
2.026699166432412724e+01
2.030318272086756792e+01
2.033937377741100150e+01
2.037556483395443863e+01
2.041175589049787220e+01
2.044794694704130578e+01
2.048413800358474646e+01
2.052032906012818003e+01
2.055652011667161716e+01
2.059271117321505074e+01
2.062890222975849142e+01
2.066509328630192499e+01
2.070128434284536212e+01
2.073747539938879569e+01
2.077366645593223637e+01
2.080985751247566640e+01
2.084604856901910708e+01
2.088223962556254065e+01
2.091843068210597423e+01
2.095462173864941136e+01
2.099081279519284493e+01
2.102700385173628561e+01
2.106319490827971919e+01
2.109938596482315631e+01
2.113557702136658989e+01
2.117176807791003057e+01
2.120795913445346415e+01
2.124415019099690127e+01
2.128034124754033485e+01
2.131653230408377553e+01
2.135272336062720555e+01
2.138891441717064623e+01
2.142510547371407981e+01
2.146129653025751338e+01
2.149748758680095051e+01
2.153367864334438408e+01
2.156986969988782477e+01
2.160606075643125834e+01
2.164225181297469547e+01
2.167844286951812904e+01
2.171463392606156972e+01
2.175082498260500330e+01
2.178701603914844043e+01
2.182320709569187400e+01
2.185939815223531468e+01
2.189558920877874471e+01
2.193178026532218539e+01
2.196797132186561896e+01
2.200416237840905254e+01
2.204035343495248966e+01
2.207654449149592324e+01
2.211273554803936392e+01
2.214892660458279749e+01
2.218511766112623462e+01
2.222130871766966820e+01
2.225749977421310888e+01
2.229369083075654245e+01
2.232988188729997958e+01
2.236607294384341316e+01
2.240226400038685384e+01
2.243845505693028741e+01
2.247464611347372454e+01
2.251083717001715812e+01
2.254702822656059169e+01
2.258321928310402882e+01
2.261941033964746239e+01
2.265560139619090307e+01
2.269179245273433665e+01
2.272798350927777378e+01
2.276417456582120735e+01
2.280036562236464803e+01
2.283655667890808161e+01
2.287274773545151874e+01
2.290893879199495231e+01
2.294512984853839299e+01
2.298132090508182657e+01
2.301751196162526369e+01
2.305370301816869727e+01
2.308989407471213084e+01
2.312608513125556797e+01
2.316227618779900155e+01
2.319846724434244223e+01
2.323465830088587580e+01
2.327084935742931293e+01
2.330704041397274651e+01
2.334323147051618719e+01
2.337942252705962076e+01
2.341561358360305789e+01
2.345180464014649147e+01
2.348799569668993215e+01
2.352418675323336572e+01
2.356037780977679574e+01
2.359656886632023642e+01
2.363275992286367000e+01
2.366895097940710713e+01
2.370514203595054070e+01
2.374133309249398138e+01
2.377752414903741496e+01
2.381371520558085209e+01
2.384990626212428566e+01
2.388609731866772634e+01
2.392228837521115992e+01
2.395847943175459704e+01
2.399467048829803062e+01
2.403086154484147130e+01
2.406705260138490488e+01
2.410324365792833490e+01
2.413943471447177558e+01
2.417562577101520915e+01
2.421181682755864628e+01
2.424800788410207986e+01
2.428419894064552054e+01
2.432038999718895411e+01
2.435658105373239124e+01
2.439277211027582482e+01
2.442896316681926550e+01
2.446515422336269907e+01
2.450134527990613620e+01
2.453753633644956977e+01
2.457372739299301045e+01
2.460991844953644403e+01
2.464610950607987405e+01
2.468230056262331473e+01
2.471849161916674831e+01
2.475468267571018544e+01
2.479087373225361901e+01
2.482706478879705969e+01
2.486325584534049327e+01
2.489944690188393039e+01
2.493563795842736397e+01
2.497182901497080465e+01
2.500802007151423823e+01
2.504421112805767535e+01
2.508040218460110893e+01
2.511659324114454961e+01
2.515278429768798318e+01
2.518897535423141676e+01
2.522516641077485389e+01
2.526135746731828746e+01
2.529754852386172459e+01
2.533373958040515816e+01
2.536993063694859885e+01
2.540612169349203242e+01
2.544231275003546955e+01
2.547850380657890312e+01
2.551469486312234380e+01
2.555088591966577738e+01
2.558707697620921451e+01
2.562326803275264808e+01
2.565945908929608876e+01
2.569565014583952234e+01
2.573184120238295591e+01
2.576803225892639304e+01
2.580422331546982662e+01
2.584041437201326374e+01
2.587660542855669732e+01
2.591279648510013800e+01
2.594898754164357157e+01
2.598517859818700515e+01
2.602136965473044228e+01
2.605756071127387585e+01
2.609375176781731653e+01
2.612994282436075011e+01
2.616613388090418724e+01
2.620232493744762081e+01
2.623851599399106149e+01
2.627470705053449507e+01
2.631089810707793220e+01
2.634708916362136577e+01
2.638328022016480645e+01
2.641947127670823647e+01
2.645566233325167715e+01
2.649185338979511073e+01
2.652804444633854430e+01
2.656423550288198143e+01
2.660042655942541501e+01
2.663661761596885569e+01
2.667280867251228926e+01
2.670899972905572639e+01
2.674519078559915997e+01
2.678138184214260065e+01
2.681757289868603422e+01
2.685376395522947135e+01
2.688995501177290492e+01
2.692614606831634561e+01
2.696233712485977563e+01
2.699852818140321631e+01
2.703471923794664988e+01
2.707091029449008346e+01
2.710710135103352059e+01
2.714329240757695416e+01
2.717948346412039484e+01
2.721567452066382842e+01
2.725186557720726555e+01
2.728805663375069912e+01
2.732424769029413980e+01
2.736043874683757338e+01
2.739662980338101050e+01
2.743282085992444408e+01
2.746901191646788476e+01
2.750520297301131478e+01
2.754139402955474836e+01
2.757758508609818904e+01
2.761377614264162261e+01
2.764996719918505974e+01
2.768615825572849332e+01
2.772234931227193400e+01
2.775854036881536757e+01
2.779473142535880470e+01
2.783092248190223827e+01
2.786711353844567896e+01
2.790330459498911253e+01
2.793949565153254966e+01
2.797568670807598323e+01
2.801187776461942391e+01
2.804806882116285394e+01
2.808425987770628751e+01
2.812045093424972819e+01
2.815664199079316177e+01
2.819283304733659890e+01
2.822902410388003247e+01
2.826521516042347315e+01
2.830140621696690673e+01
2.833759727351034385e+01
2.837378833005377743e+01
2.840997938659721811e+01
2.844617044314065168e+01
2.848236149968408881e+01
2.851855255622752239e+01
2.855474361277096307e+01
2.859093466931439309e+01
2.862712572585782667e+01
2.866331678240126735e+01
2.869950783894470092e+01
2.873569889548813805e+01
2.877188995203157162e+01
2.880808100857501231e+01
2.884427206511844588e+01
2.888046312166188301e+01
2.891665417820531658e+01
2.895284523474875726e+01
2.898903629129219084e+01
2.902522734783562797e+01
2.906141840437906154e+01
2.909760946092250222e+01
2.913380051746593580e+01
2.916999157400936582e+01
2.920618263055280650e+01
2.924237368709624008e+01
2.927856474363967720e+01
2.931475580018311078e+01
2.935094685672655146e+01
2.938713791326998503e+01
2.942332896981342216e+01
2.945952002635685574e+01
2.949571108290029642e+01
2.953190213944372999e+01
2.956809319598716712e+01
2.960428425253060070e+01
2.964047530907404138e+01
2.967666636561747495e+01
2.971285742216090497e+01
2.974904847870434565e+01
2.978523953524777923e+01
2.982143059179121636e+01
2.985762164833464993e+01
2.989381270487809061e+01
2.993000376142152419e+01
2.996619481796496132e+01
3.000238587450839489e+01
3.003857693105183557e+01
3.007476798759526915e+01
3.011095904413870628e+01
3.014715010068213985e+01
3.018334115722557343e+01
3.021953221376901411e+01
3.025572327031244413e+01
3.029191432685588481e+01
3.032810538339931838e+01
3.036429643994275551e+01
3.040048749648618909e+01
3.043667855302962977e+01
3.047286960957306334e+01
3.050906066611650047e+01
3.054525172265993405e+01
3.058144277920337473e+01
3.061763383574680830e+01
3.065382489229024543e+01
3.069001594883367900e+01
3.072620700537711258e+01
3.076239806192055326e+01
3.079858911846398328e+01
3.083478017500742396e+01
3.087097123155085754e+01
3.090716228809429467e+01
3.094335334463772824e+01
3.097954440118116892e+01
3.101573545772460250e+01
3.105192651426803963e+01
3.108811757081147320e+01
3.112430862735491388e+01
3.116049968389834746e+01
3.119669074044178458e+01
3.123288179698521816e+01
3.126907285352865173e+01
3.130526391007209241e+01
3.134145496661552244e+01
3.137764602315896312e+01
3.141383707970239669e+01
3.145002813624583382e+01
3.148621919278926740e+01
3.152241024933270808e+01
3.155860130587614165e+01
3.159479236241957878e+01
3.163098341896301235e+01
3.166717447550645304e+01
3.170336553204988661e+01
3.173955658859332374e+01
3.177574764513675731e+01
3.181193870168019089e+01
3.184812975822363157e+01
3.188432081476706514e+01
3.192051187131050227e+01
3.195670292785393585e+01
3.199289398439737298e+01
3.202908504094080655e+01
3.206527609748424368e+01
3.210146715402768081e+01
3.213765821057111793e+01
3.217384926711455506e+01
3.221004032365799219e+01
3.224623138020142221e+01
3.228242243674486645e+01
3.231861349328829647e+01
3.235480454983173360e+01
3.239099560637517072e+01
3.242718666291860075e+01
3.246337771946204498e+01
3.249956877600547500e+01
3.253575983254891213e+01
3.257195088909234926e+01
3.260814194563578639e+01
3.264433300217921641e+01
3.268052405872266064e+01
3.271671511526609066e+01
3.275290617180952779e+01
3.278909722835296492e+01
3.282528828489639494e+01
3.286147934143983917e+01
3.289767039798326920e+01
3.293386145452670632e+01
3.297005251107014345e+01
3.300624356761358058e+01
3.304243462415701060e+01
3.307862568070045484e+01
3.311481673724388486e+01
3.315100779378732199e+01
3.318719885033075911e+01
3.322338990687419624e+01
3.325958096341763337e+01
3.329577201996107050e+01
3.333196307650450052e+01
3.336815413304793765e+01
3.340434518959137478e+01
3.344053624613481190e+01
3.347672730267824903e+01
3.351291835922167905e+01
3.354910941576512329e+01
3.358530047230855331e+01
3.362149152885199044e+01
3.365768258539542757e+01
3.369387364193886469e+01
3.373006469848229472e+01
3.376625575502573895e+01
3.380244681156916897e+01
3.383863786811260610e+01
3.387482892465604323e+01
3.391101998119947325e+01
3.394721103774291748e+01
3.398340209428634751e+01
3.401959315082978463e+01
3.405578420737322176e+01
3.409197526391665889e+01
3.412816632046009602e+01
3.416435737700353314e+01
3.420054843354696317e+01
3.423673949009040030e+01
3.427293054663383742e+01
3.430912160317727455e+01
3.434531265972071168e+01
3.438150371626414881e+01
3.441769477280757883e+01
3.445388582935101596e+01
3.449007688589445308e+01
3.452626794243789021e+01
3.456245899898132734e+01
3.459865005552475736e+01
3.463484111206820160e+01
3.467103216861163162e+01
3.470722322515506875e+01
3.474341428169850587e+01
3.477960533824194300e+01
3.481579639478537302e+01
3.485198745132881726e+01
3.488817850787224728e+01
3.492436956441568441e+01
3.496056062095912154e+01
3.499675167750255156e+01
3.503294273404599579e+01
3.506913379058942581e+01
3.510532484713286294e+01
3.514151590367630007e+01
3.517770696021973720e+01
3.521389801676317433e+01
3.525008907330661145e+01
3.528628012985004148e+01
3.532247118639348571e+01
3.535866224293691573e+01
3.539485329948035286e+01
3.543104435602378999e+01
3.546723541256722712e+01
3.550342646911065714e+01
3.553961752565409427e+01
3.557580858219753139e+01
3.561199963874096852e+01
3.564819069528440565e+01
3.568438175182783567e+01
3.572057280837127990e+01
3.575676386491470993e+01
3.579295492145814706e+01
3.582914597800158418e+01
3.586533703454502131e+01
3.590152809108845133e+01
3.593771914763189557e+01
3.597391020417532559e+01
3.601010126071876272e+01
3.604629231726219984e+01
3.608248337380562987e+01
3.611867443034907410e+01
3.615486548689250412e+01
