501 704 497 644 493 511 490 503 502 480 564 506 489 498 498 499 487 549 490 498 578 491 497 485 509 493 496 615 477 1086 486 491 504 516 494 490 491 485 610 481 498 520 505 497 484 712 494 526 488 504 491 508 487 550 493 495 497 671 492 496 511 498 495 500 509 494 496 533 491 504 496 496 502 507 479 493
501 517 489 512 487 490 620 487 496 494 564 490 689 657 493 503 495 517 514 513 531 495 503 523 493 541 504 496 486 481 592 486 495 500 785 675 501 566 503 489 591 499 482 492 654 521 515 500 483 496 491 496 485 500 494 480 480 488 613 506 509 496 513 501 505 502 498 490 497 493 482 603 496 499 499 515
489 501 474 494 762 601 565 500 493 473 536 625 490 496 479 492 542 503 583 481 644 471 502 471 499 524 545 751 487 473 524 485 501 500 547 492 488 496 513 524 605 491 724 496 693 506 508 490 490 488 507 488 623 504 986 501 493 487 498 538 525 497 567 511 495 520 531 485 492 515 492 533 501 496 494 509
494 488 513 483 524 489 500 501 497 483 498 493 498 496 491 506 507 511 520 552 538 658 491 553 776 599 543 519 565 602 652 485 506 570 490 493 511 507 616 561 487 501 497 530 489 509 510 564 501 500 513 466 495 492 495 493 493 492 503 498 490 505 488 490 500 503 530 502 488 501 486 616 508 497 494 491
499 492 823 483 495 508 507 492 648 511 489 703 492 475 503 496 491 484 493 495 487 489 505 496 501 471 495 498 489 499 492 505 483 508 586 521 647 482 499 494 499 490 501 494 509 490 509 497 631 478 484 675 507 509 563 530 497 513 504 673 577 491 487 494 489 487 495 496 490 696 490 724 510 525 498 498
494 489 488 502 550 782 490 493 531 722 501 501 522 501 491 497 492 507 527 551 517 553 502 482 502 498 599 484 693 494 608 527 484 490 556 595 493 485 494 629 479 486 926 486 495 474 543 505 484 546 492 491 556 512 495 508 478 510 488 507 501 515 490 532 513 496 499 659 479 647 499 496 477 577 484 496
502 493 493 492 488 490 533 493 486 545 600 479 692 487 485 668 477 684 504 510 610 498 508 521 484 489 750 641 491 490 531 506 495 667 518 698 513 507 535 521 488 499 571 498 603 489 734 628 499 492 488 542 487 494 496 498 496 532 491 494 480 495 498 505 499 491 499 492 493 478 586 845 512 608 501 505
485 496 502 497 605 483 496 889 558 480 491 482 568 496 520 497 589 510 557 515 546 497 573 563 487 505 540 503 634 504 499 570 596 515 495 564 597 506 549 494 547 558 573 506 508 494 661 498 506 482 486 515 495 518 645 483 745 491 517 492 490 706 480 475 527 556 490 501 497 529 508 513 482 483 552 499
947 470 497 485 674 492 494 493 541 487 473 551 497 511 493 516 926 597 499 495 557 495 625 499 471 493 523 491 583 499 482 506 479 485 523 499 501 583 488 524 817 637 522 478 635 567 521 533 507 509 549 550 572 563 611 486 706 477 718 494 487 494 588 551 617 499 655 634 742 528 502 496 491 490 485 516
752 522 485 699 528 509 506 495 513 555 500 655 500 471 624 496 534 493 487 656 498 516 497 488 494 596 485 536 945 511 495 491 576 586 501 483 531 505 500 514 498 508 490 562 527 490 581 629 511 510 489 538 504 489 494 494 504 509 493 493 499 709 482 503 498 554 477 508 496 586 497 544 490 488 495 486
510 498 480 545 503 493 500 496 504 494 490 528 594 480 947 563 481 517 492 526 494 543 802 491 561 684 544 498 529 533 743 494 496 496 498 491 521 492 507 490 518 663 611 493 574 666 499 483 491 628 655 563 491 496 478 540 497 499 660 491 506 519 508 504 493 538 489 497 482 489 517 499 504 508 501 494
501 509 581 489 485 679 495 506 585 567 520 487 503 487 498 622 529 509 499 826 485 501 519 506 539 484 776 488 511 495 491 492 537 505 478 489 660 487 496 655 583 495 498 495 496 528 519 544 620 697 494 582 530 491 474 599 551 503 479 508 492 625 502 500 488 694 478 500 515 597 498 489 483 484 505 539
499 495 486 565 627 494 531 737 614 493 496 753 497 477 540 490 770 944 493 568 499 506 477 491 500 521 659 507 509 491 567 496 522 569 486 504 516 559 498 671 490 507 663 564 519 610 510 492 788 475 793 527 558 492 601 1187 605 523 486 504 516 737 684 496 505 499 488 492 481 583 503 581 498 499 483 497
503 480 630 499 491 537 561 488 496 668 546 567 610 491 536 505 495 648 530 718 597 616 581 676 489 703 1011 515 514 664 667 789 527 492 662 493 487 610 484 502 504 552 638 769 835 507 543 687 488 629 495 496 599 475 515 480 901 618 571 634 505 501 492 521 478 512 559 491 482 488 498 512 495 505 486 495
537 660 624 518 505 961 845 639 981 907 744 824 686 607 595 855 542 557 675 539 1302 538 626 1114 1233 503 680 693 632 597 574 663 493 547 491 492 608 481 488 488 507 553 596 673 639 949 635 509 872 1066 738 650 621 666 711 584 620 576 556 1048 696 921 833 603 1000 702 595 625 509 582 645 580 813 503 503 499
600 667 571 757 591 877 1073 1481 1435 1676 1365 796 513 620 553 483 644 618 686 1227 1208 1430 1056 798 1076 984 499 764 788 1257 663 502 504 484 596 924 664 540 492 491 566 486 766 884 957 1203 1513 847 647 661 566 817 595 627 480 540 738 577 1093 1193 713 611 866 602 538 709 507 488 491 633 541 497 491 522 542 637
488 628 494 696 856 969 1621 1394 1262 1491 892 683 577 544 805 586 777 976 986 989 3139 1750 1250 788 511 678 555 487 776 509 498 639 511 490 790 503 552 511 615 673 486 549 839 952 1192 1696 1503 1063 651 559 501 608 684 637 498 750 599 1022 1963 2325 1890 1146 778 676 595 515 499 508 505 605 499 507 549 506 506 504
607 994 654 730 1416 1936 955 1530 1516 865 488 497 499 663 499 849 492 1479 629 1645 1133 1937 1505 596 489 514 501 551 506 664 630 520 481 497 495 492 666 518 599 480 630 956 1422 1570 927 1303 1517 893 739 628 502 653 526 491 657 599 695 834 829 875 908 870 620 519 567 501 596 511 503 479 502 516 532 497 503 680
687 543 606 893 682 681 873 755 762 487 502 794 747 547 622 504 514 747 894 602 634 1215 721 507 472 560 497 492 602 510 494 733 498 509 525 508 767 789 526 520 916 546 611 874 599 618 1300 585 614 495 522 740 516 807 609 670 566 560 713 633 1025 521 494 504 572 483 521 507 502 501 526 650 472 522 499 498
792 500 627 716 597 494 572 529 631 613 547 598 489 493 774 493 556 579 599 633 496 571 605 612 488 485 505 498 502 720 500 481 574 618 509 480 602 566 534 494 618 689 550 941 504 487 512 501 490 551 503 489 488 613 955 481 707 597 506 563 858 536 479 558 591 487 486 493 490 503 514 597 511 499 491 524
509 600 585 1235 474 802 643 499 507 498 518 612 550 501 500 492 488 711 634 462 499 507 485 703 489 485 501 488 526 678 508 487 483 792 477 494 490 554 500 511 504 684 516 504 629 480 590 504 520 536 501 486 520 525 507 537 477 679 664 497 469 499 495 498 495 499 504 490 492 499 499 504 508 500 495 604
487 492 501 494 481 499 510 646 501 494 545 535 494 520 633 572 554 559 498 486 506 770 549 546 539 572 488 491 482 646 483 492 548 529 512 482 502 506 616 593 492 490 897 512 960 489 557 485 497 493 484 491 500 509 499 493 500 499 509 496 497 494 503 508 485 493 500 486 475 507 490 502 498 519 624 499
629 480 489 471 832 698 484 690 489 486 533 583 538 485 482 479 499 500 493 498 496 488 490 498 539 487 518 631 499 492 488 571 485 482 488 486 647 482 655 500 493 520 695 484 556 502 492 499 501 602 497 500 530 495 637 783 530 503 545 527 490 506 511 489 494 492 490 494 488 477 490 507 486 543 661 541
478 566 497 472 494 481 606 477 605 621 738 545 472 524 493 474 497 505 501 561 516 485 485 557 478 492 484 589 596 501 565 497 493 494 513 488 523 548 490 597 534 477 525 633 492 515 496 565 498 516 484 495 491 475 625 499 499 519 642 500 503 492 534 494 500 487 500 502 486 495 643 488 484 494 501 496
507 504 490 491 627 483 515 499 478 477 552 596 486 510 503 504 489 490 497 595 648 495 483 712 522 485 483 517 510 495 511 594 477 722 483 493 486 746 487 501 477 500 488 575 632 498 498 495 796 481 492 491 515 598 637 674 484 485 481 489 500 560 506 487 504 494 495 477 483 498 486 483 501 481 507 497
515 519 540 499 488 500 528 553 557 494 487 524 478 806 494 846 517 492 520 647 665 484 486 488 487 520 491 536 489 491 521 488 591 502 489 587 493 490 494 475 489 486 522 494 495 523 741 488 489 492 482 498 486 494 499 471 495 1183 478 482 523 509 514 498 479 741 494 499 506 500 498 487 491 474 497 479
