524 662 508 489 487 554 495 491 481 586 484 702 501 513 590 492 533 495 621 611 486 579 495 510 483 486 562 494 609 550 560 626 508 496 640 538 492 510 488 615 481 577 489 492 482 477 529 507 489 485 512 599 475 560 509 500 514 641 490 502 521 497 852 547 566 632 510 500 491 504 533 527 508 501 766 495
489 493 596 494 491 497 491 490 503 488 540 492 499 609 502 684 482 738 486 665 664 642 487 524 484 495 504 500 661 490 610 762 538 501 503 535 581 552 530 488 490 526 512 512 587 479 501 503 574 650 505 507 481 493 497 524 550 493 496 714 504 484 484 496 499 493 474 499 489 491 941 597 489 508 498 487
499 516 572 477 492 510 488 519 483 490 509 503 494 504 564 595 525 493 498 576 486 478 481 498 482 488 495 494 509 696 482 549 507 495 607 490 490 484 635 487 641 482 482 492 484 490 703 604 474 490 488 493 547 486 496 492 487 750 476 573 477 880 486 540 501 541 496 577 491 500 492 710 529 500 702 478
578 922 561 595 492 497 491 498 487 488 512 504 501 690 497 490 493 485 597 580 565 493 499 483 489 527 494 551 512 520 478 553 496 610 577 494 508 503 504 544 484 547 653 748 517 493 487 567 475 588 503 493 735 483 499 475 489 490 494 479 648 549 497 503 570 477 511 480 532 490 506 490 501 478 683 483
520 601 505 742 512 486 498 488 523 536 585 480 631 500 493 505 487 471 557 496 718 501 555 505 492 503 493 886 519 507 539 632 488 554 475 486 501 530 524 488 779 473 494 715 501 483 545 478 502 494 597 493 492 535 498 561 497 617 500 497 491 556 487 474 565 507 492 485 488 497 549 492 496 492 490 487
483 498 541 512 686 502 488 518 477 514 664 541 502 481 490 482 517 537 794 490 490 546 492 513 575 490 483 697 570 541 978 647 585 488 489 563 504 530 494 559 508 490 500 494 509 498 499 504 489 839 485 488 503 541 486 493 563 490 486 526 503 521 598 493 513 487 488 486 495 489 488 591 488 487 490 501
505 486 557 507 980 479 494 494 499 561 508 585 501 546 682 503 545 493 489 492 492 488 648 571 515 496 513 511 482 501 490 614 542 528 481 496 526 499 486 503 478 588 538 675 553 570 493 489 489 489 490 545 525 496 497 478 581 524 491 494 497 492 509 489 482 487 489 514 486 488 523 485 512 494 499 498
488 482 589 496 485 514 493 503 493 498 527 501 635 681 487 500 535 484 526 650 673 623 587 516 499 492 599 489 508 506 480 562 579 624 535 507 798 524 485 601 484 617 537 484 496 713 546 531 489 495 549 505 625 471 527 711 487 539 590 519 489 622 499 488 728 483 477 483 480 493 533 502 495 522 477 500
592 617 613 561 500 498 584 699 512 518 486 492 498 553 541 514 506 498 491 489 521 615 513 514 661 566 736 498 530 517 491 491 484 884 497 607 750 514 515 744 557 610 506 506 507 493 508 606 588 652 477 542 497 500 526 521 497 506 492 494 585 497 726 523 500 512 497 484 494 490 702 718 556 485 502 526
550 548 519 498 830 486 516 814 560 488 752 491 711 506 539 534 674 485 490 645 491 593 562 648 526 482 507 490 515 612 579 492 1000 494 517 690 527 479 660 491 557 474 493 894 486 492 678 490 839 481 626 625 497 501 505 479 494 558 496 489 502 483 496 624 566 588 489 510 488 497 499 497 504 751 481 558
669 489 538 498 477 522 509 483 551 492 508 526 490 665 785 492 486 483 760 474 582 494 573 484 730 809 473 492 609 544 716 498 581 506 547 576 830 483 498 534 493 514 608 533 490 631 566 522 489 557 492 773 689 526 498 493 491 516 593 475 493 566 485 560 492 583 478 489 490 499 488 499 657 481 516 491
528 496 599 511 683 525 479 560 569 903 499 548 622 498 526 488 552 506 584 493 488 831 559 795 591 508 661 585 643 1210 485 588 503 517 589 586 675 468 501 504 489 662 790 596 500 550 492 535 691 491 558 488 580 506 492 524 493 522 532 564 493 513 490 485 488 622 572 482 481 499 523 492 556 505 828 587
484 498 632 506 618 682 489 675 500 560 602 676 505 503 540 486 496 622 533 807 555 741 738 494 573 651 495 487 562 503 576 490 905 502 525 481 744 567 620 491 483 630 517 559 562 497 618 520 711 492 568 466 621 864 614 661 513 624 492 490 642 573 493 752 806 489 497 502 602 540 492 496 492 495 478 496
715 502 496 768 514 510 578 631 711 509 501 665 495 636 504 661 676 483 482 790 488 560 872 809 494 573 528 489 564 868 759 797 835 533 984 510 526 609 502 668 513 818 554 740 857 591 494 872 752 769 709 485 509 485 543 687 535 693 684 643 779 490 509 511 626 562 671 626 480 516 660 960 466 500 538 511
598 518 672 500 716 739 1574 732 490 1015 750 889 826 580 650 532 503 1038 897 606 1102 903 681 943 659 783 1237 510 770 663 988 588 724 1101 969 754 583 716 846 605 900 497 660 792 943 1226 632 652 976 860 810 976 1129 652 546 536 491 654 1006 628 877 703 515 677 724 665 759 502 718 1061 495 571 497 542 551 521
500 479 545 770 618 969 814 929 1399 823 828 851 593 942 563 629 573 618 529 1385 1223 1569 870 939 1167 686 709 664 809 820 862 1588 1752 1778 1641 1089 1070 619 1309 1218 495 662 1278 869 731 1654 1616 1104 953 811 713 720 598 682 515 582 1332 730 742 1478 1022 916 985 771 485 495 629 497 815 596 650 472 657 497 493 566
492 565 505 822 885 1417 2043 1833 912 839 1219 581 603 503 483 572 805 664 824 1758 2733 2293 1620 1374 630 1156 660 652 613 618 693 964 2550 3837 1311 1247 562 539 563 648 1360 742 840 757 1354 2595 1505 1364 560 523 692 564 545 827 649 716 887 826 1380 1810 2111 1056 598 584 649 603 515 525 504 523 609 593 748 599 546 503
612 613 1341 908 798 1586 1199 1766 909 842 754 546 523 495 617 957 552 833 1285 1036 907 1015 1096 1124 864 686 657 794 939 586 799 722 1036 1158 2391 1273 962 766 553 677 703 831 927 978 1016 1264 1430 1725 796 569 658 626 516 889 886 644 1192 841 705 1193 1572 632 762 491 486 499 506 501 492 487 558 491 484 567 492 487
501 530 719 620 532 849 514 582 749 595 519 694 570 498 732 523 683 604 1096 501 674 908 765 587 501 585 545 592 784 856 544 493 623 702 581 818 625 521 729 692 702 593 730 524 1399 879 500 564 571 669 525 793 490 771 562 578 900 557 822 595 545 733 715 490 706 607 663 491 500 501 508 496 500 500 594 493
569 554 673 629 548 579 507 505 496 480 585 666 726 955 546 878 914 701 613 694 506 548 637 545 498 598 521 496 484 503 964 656 667 530 694 678 567 671 831 557 626 586 712 812 695 545 566 500 585 494 535 503 561 495 552 514 517 573 489 521 499 481 504 484 615 494 510 500 501 497 491 610 497 486 496 489
748 486 492 784 491 616 621 488 536 492 485 782 534 676 497 504 549 563 481 496 474 504 484 518 550 493 514 506 723 589 527 474 555 482 523 756 494 506 534 950 526 496 494 494 509 507 493 512 574 501 486 521 763 990 631 734 653 703 488 493 558 495 492 496 493 540 483 537 494 521 502 599 487 489 500 514
479 480 528 498 610 540 488 582 492 655 567 486 518 483 620 653 489 486 491 515 598 541 533 562 615 481 496 528 550 488 593 510 507 554 504 610 498 499 627 547 597 497 713 901 532 698 509 495 517 929 666 827 825 486 547 526 536 517 538 569 503 518 494 493 494 494 489 469 472 480 532 627 483 492 498 500
482 509 497 855 663 491 496 514 508 512 527 493 674 492 512 491 497 536 501 491 760 480 611 613 567 488 629 651 695 639 529 489 736 575 588 514 577 539 516 483 540 506 600 591 502 544 503 518 478 539 549 498 479 502 489 477 490 480 492 500 500 503 493 500 501 504 481 523 505 537 521 501 514 587 498 838
485 498 679 690 538 488 598 506 693 517 484 541 501 641 908 484 495 492 486 505 492 637 504 496 557 487 694 489 503 533 486 483 521 559 494 628 484 899 597 563 545 502 488 542 488 749 496 490 615 490 570 502 555 482 538 483 488 571 572 490 524 487 492 501 481 489 502 488 486 490 475 494 491 501 528 480
489 492 497 489 772 497 496 564 488 575 503 502 489 507 491 498 482 557 540 796 503 503 504 508 483 521 480 498 500 494 560 755 731 563 605 604 596 493 553 498 509 502 494 562 510 500 501 491 500 504 719 530 736 497 499 494 509 589 497 504 502 490 494 492 482 525 504 487 491 500 491 671 483 510 493 504
674 978 770 604 494 525 584 492 493 544 544 735 475 485 563 488 490 506 599 830 728 544 537 552 486 658 645 509 482 573 491 532 881 701 484 479 499 481 507 484 485 484 632 592 543 492 590 497 655 479 491 642 496 484 489 501 628 811 490 498 490 493 500 485 485 539 494 488 506 502 499 492 485 503 480 529
