0.000000000000000000e+00
1.034633722394872724e+00
2.069267444789744115e+00
3.103901167184616838e+00
4.138534889579492670e+00
5.173168611974365838e+00
6.207802334369238118e+00
7.242436056764111285e+00
8.277069779158983565e+00
9.311703501553855844e+00
1.034633722394872990e+01
1.138097094634360218e+01
1.241560466873847446e+01
1.345023839113334851e+01
1.448487211352821902e+01
1.551950583592309485e+01
1.655413955831796358e+01
1.758877328071283941e+01
1.862340700310771169e+01
1.965804072550258752e+01
2.069267444789745625e+01
2.172730817029233208e+01
2.276194189268720081e+01
2.379657561508207664e+01
2.483120933747694892e+01
2.586584305987182120e+01
2.690047678226669348e+01
2.793511050466156931e+01
2.896974422705643804e+01
3.000437794945131387e+01
3.103901167184618259e+01
3.207364539424106198e+01
3.310827911663592715e+01
3.414291283903080654e+01
3.517754656142567882e+01
