0.000000000000000000e+00
1.021578021075211895e+00
2.043156042150423346e+00
3.064734063225635019e+00
4.086312084300845804e+00
5.107890105376059253e+00
6.129468126451270038e+00
7.151046147526481711e+00
8.172624168601693384e+00
9.194202189676904169e+00
1.021578021075211673e+01
1.123735823182732751e+01
1.225893625290254008e+01
1.328051427397775264e+01
1.430209229505296342e+01
1.532367031612817598e+01
1.634524833720338677e+01
1.736682635827859755e+01
1.838840437935380834e+01
1.940998240042902268e+01
2.043156042150423346e+01
2.145313844257944424e+01
2.247471646365465503e+01
2.349629448472986937e+01
2.451787250580508015e+01
2.553945052688029094e+01
2.656102854795549817e+01
2.758260656903071251e+01
2.860418459010592329e+01
2.962576261118113763e+01
3.064734063225634486e+01
3.166891865333155920e+01
3.269049667440676643e+01
3.371207469548198077e+01
3.473365271655718800e+01
3.575523073763240234e+01
3.677680875870761668e+01
3.779838677978283101e+01
