0.000000000000000000e+00
3.783622300278566275e-02
7.567244600557132550e-02
1.135086690083569883e-01
1.513448920111422902e-01
1.891811150139279529e-01
2.270173380167136157e-01
2.648535610194993062e-01
3.026897840222849689e-01
3.405260070250706317e-01
3.783622300278562944e-01
4.161984530306419572e-01
4.540346760334272314e-01
4.918708990362128941e-01
5.297071220389986124e-01
5.675433450417842751e-01
6.053795680445696048e-01
6.432157910473552676e-01
6.810520140501409303e-01
7.188882370529265931e-01
7.567244600557122558e-01
7.945606830584979186e-01
8.323969060612835813e-01
8.702331290640692441e-01
9.080693520668549068e-01
9.459055750696405696e-01
9.837417980724261213e-01
1.021578021075211895e+00
1.059414244077997447e+00
1.097250467080783221e+00
1.135086690083568772e+00
1.172922913086353880e+00
1.210759136089139432e+00
1.248595359091925205e+00
1.286431582094710757e+00
1.324267805097496531e+00
1.362104028100282083e+00
1.399940251103067856e+00
1.437776474105853408e+00
1.475612697108639182e+00
1.513448920111424734e+00
1.551285143114209619e+00
1.589121366116995393e+00
1.626957589119780945e+00
1.664793812122566719e+00
1.702630035125352270e+00
1.740466258128138044e+00
1.778302481130923596e+00
1.816138704133709370e+00
1.853974927136494921e+00
1.891811150139280695e+00
1.929647373142066247e+00
1.967483596144852021e+00
2.005319819147637794e+00
2.043156042150423346e+00
2.080992265153208898e+00
2.118828488155994449e+00
2.156664711158780445e+00
2.194500934161565997e+00
2.232337157164351549e+00
2.270173380167137100e+00
2.308009603169922208e+00
2.345845826172707760e+00
2.383682049175493756e+00
2.421518272178279307e+00
2.459354495181064859e+00
2.497190718183850411e+00
2.535026941186636407e+00
2.572863164189421070e+00
2.610699387192207066e+00
2.648535610194992618e+00
2.686371833197778169e+00
2.724208056200563721e+00
2.762044279203349717e+00
2.799880502206135269e+00
2.837716725208920820e+00
2.875552948211706372e+00
2.913389171214492368e+00
2.951225394217277920e+00
2.989061617220063471e+00
3.026897840222849023e+00
3.064734063225635019e+00
3.102570286228420571e+00
3.140406509231205678e+00
3.178242732233991674e+00
3.216078955236777226e+00
3.253915178239562778e+00
3.291751401242348329e+00
3.329587624245134325e+00
3.367423847247919877e+00
3.405260070250705429e+00
3.443096293253490980e+00
3.480932516256276976e+00
3.518768739259061196e+00
3.556604962261846747e+00
3.594441185264632299e+00
3.632277408267417851e+00
3.670113631270203847e+00
3.707949854272989398e+00
3.745786077275774950e+00
3.783622300278560502e+00
3.821458523281346498e+00
3.859294746284132049e+00
3.897130969286917601e+00
3.934967192289703153e+00
3.972803415292489149e+00
4.010639638295274700e+00
4.048475861298060252e+00
4.086312084300845804e+00
4.124148307303631356e+00
4.161984530306416907e+00
4.199820753309203347e+00
4.237656976311988899e+00
4.275493199314774451e+00
4.313329422317560002e+00
4.351165645320345554e+00
4.389001868323131106e+00
4.426838091325916658e+00
4.464674314328702209e+00
4.502510537331488649e+00
4.540346760334274201e+00
4.578182983337057976e+00
4.616019206339843528e+00
4.653855429342629080e+00
4.691691652345415520e+00
4.729527875348201071e+00
4.767364098350986623e+00
4.805200321353772175e+00
4.843036544356557727e+00
4.880872767359343278e+00
4.918708990362128830e+00
4.956545213364914382e+00
4.994381436367700822e+00
5.032217659370486373e+00
5.070053882373271925e+00
5.107890105376057477e+00
5.145726328378843029e+00
5.183562551381628580e+00
5.221398774384414132e+00
5.259234997387199684e+00
5.297071220389986124e+00
5.334907443392771675e+00
5.372743666395557227e+00
5.410579889398342779e+00
5.448416112401128331e+00
5.486252335403913882e+00
5.524088558406699434e+00
5.561924781409484986e+00
5.599761004412271426e+00
5.637597227415056977e+00
5.675433450417840753e+00
5.713269673420626305e+00
5.751105896423412744e+00
5.788942119426198296e+00
5.826778342428983848e+00
5.864614565431769400e+00
5.902450788434554951e+00
5.940287011437340503e+00
5.978123234440126055e+00
6.015959457442911607e+00
6.053795680445698046e+00
6.091631903448483598e+00
6.129468126451269150e+00
6.167304349454054702e+00
6.205140572456840253e+00
6.242976795459625805e+00
6.280813018462411357e+00
6.318649241465196909e+00
6.356485464467983348e+00
6.394321687470768900e+00
6.432157910473554452e+00
6.469994133476340004e+00
6.507830356479125555e+00
6.545666579481911107e+00
6.583502802484696659e+00
6.621339025487482211e+00
6.659175248490268650e+00
6.697011471493054202e+00
6.734847694495839754e+00
6.772683917498625306e+00
6.810520140501410857e+00
6.848356363504196409e+00
6.886192586506981961e+00
6.924028809509767513e+00
6.961865032512553952e+00
6.999701255515337728e+00
7.037537478518123280e+00
7.075373701520908831e+00
7.113209924523694383e+00
7.151046147526480823e+00
7.188882370529266375e+00
7.226718593532051926e+00
7.264554816534837478e+00
7.302391039537623030e+00
7.340227262540408582e+00
7.378063485543194133e+00
7.415899708545979685e+00
7.453735931548766125e+00
7.491572154551551677e+00
7.529408377554337228e+00
7.567244600557122780e+00
7.605080823559908332e+00
7.642917046562693884e+00
7.680753269565479435e+00
7.718589492568264987e+00
7.756425715571051427e+00
7.794261938573836979e+00
7.832098161576622530e+00
7.869934384579408082e+00
7.907770607582193634e+00
7.945606830584979186e+00
7.983443053587764737e+00
8.021279276590551177e+00
8.059115499593335841e+00
8.096951722596120504e+00
8.134787945598906944e+00
8.172624168601691608e+00
8.210460391604478048e+00
8.248296614607262711e+00
8.286132837610049151e+00
8.323969060612833815e+00
8.361805283615620255e+00
8.399641506618406694e+00
8.437477729621191358e+00
8.475313952623977798e+00
8.513150175626762461e+00
8.550986398629548901e+00
8.588822621632333565e+00
8.626658844635120005e+00
8.664495067637904668e+00
8.702331290640691108e+00
8.740167513643477548e+00
8.778003736646262212e+00
8.815839959649048652e+00
8.853676182651833315e+00
8.891512405654619755e+00
8.929348628657404419e+00
8.967184851660190859e+00
9.005021074662977298e+00
9.042857297665761962e+00
9.080693520668548402e+00
9.118529743671333065e+00
9.156365966674117729e+00
9.194202189676904169e+00
9.232038412679688832e+00
9.269874635682475272e+00
9.307710858685259936e+00
9.345547081688046376e+00
9.383383304690831039e+00
9.421219527693617479e+00
9.459055750696403919e+00
9.496891973699188583e+00
9.534728196701975023e+00
9.572564419704759686e+00
9.610400642707546126e+00
9.648236865710330790e+00
9.686073088713117230e+00
9.723909311715901893e+00
9.761745534718688333e+00
9.799581757721474773e+00
9.837417980724259436e+00
9.875254203727045876e+00
9.913090426729830540e+00
9.950926649732615203e+00
9.988762872735401643e+00
1.002659909573818631e+01
1.006443531874097452e+01
1.010227154174375741e+01
1.014010776474654563e+01
1.017794398774932851e+01
1.021578021075211673e+01
1.025361643375490139e+01
1.029145265675768428e+01
1.032928887976047250e+01
1.036712510276325538e+01
1.040496132576604360e+01
1.044279754876882826e+01
1.048063377177161470e+01
1.051846999477439937e+01
1.055630621777718581e+01
1.059414244077997047e+01
1.063197866378275691e+01
1.066981488678554157e+01
1.070765110978832801e+01
1.074548733279111268e+01
1.078332355579389912e+01
1.082115977879668378e+01
1.085899600179947200e+01
1.089683222480225488e+01
1.093466844780504310e+01
1.097250467080782599e+01
1.101034089381061420e+01
1.104817711681339887e+01
1.108601333981618531e+01
1.112384956281896997e+01
1.116168578582175641e+01
1.119952200882454108e+01
1.123735823182732751e+01
1.127519445483011218e+01
1.131303067783289684e+01
1.135086690083568328e+01
1.138870312383846795e+01
1.142653934684125439e+01
1.146437556984403905e+01
1.150221179284682549e+01
1.154004801584961015e+01
1.157788423885239659e+01
1.161572046185518126e+01
1.165355668485796947e+01
1.169139290786075236e+01
1.172922913086354058e+01
1.176706535386632346e+01
1.180490157686911168e+01
1.184273779987189634e+01
1.188057402287468278e+01
1.191841024587746745e+01
1.195624646888025389e+01
1.199408269188303855e+01
1.203191891488582499e+01
1.206975513788860965e+01
1.210759136089139609e+01
1.214542758389418076e+01
1.218326380689696720e+01
1.222110002989975186e+01
1.225893625290254008e+01
1.229677247590532296e+01
1.233460869890811118e+01
1.237244492191089407e+01
1.241028114491367873e+01
1.244811736791646695e+01
1.248595359091925161e+01
1.252378981392203805e+01
1.256162603692482271e+01
1.259946225992761093e+01
1.263729848293039382e+01
1.267513470593318203e+01
1.271297092893596670e+01
1.275080715193875314e+01
1.278864337494153780e+01
1.282647959794432424e+01
1.286431582094710890e+01
1.290215204394989534e+01
1.293998826695268001e+01
1.297782448995546467e+01
1.301566071295825111e+01
1.305349693596103577e+01
1.309133315896382221e+01
1.312916938196660688e+01
1.316700560496939332e+01
1.320484182797217798e+01
1.324267805097496442e+01
1.328051427397774908e+01
1.331835049698053730e+01
1.335618671998332019e+01
1.339402294298610840e+01
1.343185916598889129e+01
1.346969538899167951e+01
1.350753161199446417e+01
1.354536783499725061e+01
1.358320405800003527e+01
1.362104028100282171e+01
1.365887650400560638e+01
1.369671272700839282e+01
1.373454895001117748e+01
1.377238517301396392e+01
1.381022139601674859e+01
1.384805761901953503e+01
1.388589384202231969e+01
1.392373006502510790e+01
1.396156628802789079e+01
1.399940251103067546e+01
1.403723873403346190e+01
1.407507495703624656e+01
1.411291118003903478e+01
1.415074740304181766e+01
1.418858362604460588e+01
1.422641984904738877e+01
1.426425607205017698e+01
1.430209229505296165e+01
1.433992851805574809e+01
1.437776474105853275e+01
1.441560096406131919e+01
1.445343718706410385e+01
1.449127341006689029e+01
1.452910963306967496e+01
1.456694585607246140e+01
1.460478207907524606e+01
1.464261830207803250e+01
1.468045452508081716e+01
1.471829074808360538e+01
1.475612697108638827e+01
1.479396319408917648e+01
1.483179941709195937e+01
1.486963564009474759e+01
1.490747186309753225e+01
1.494530808610031869e+01
1.498314430910310335e+01
1.502098053210588979e+01
1.505881675510867446e+01
1.509665297811145912e+01
1.513448920111424556e+01
1.517232542411703022e+01
1.521016164711981666e+01
1.524799787012260133e+01
1.528583409312538777e+01
1.532367031612817243e+01
1.536150653913095887e+01
1.539934276213374353e+01
1.543717898513652997e+01
1.547501520813931464e+01
1.551285143114210285e+01
1.555068765414488574e+01
1.558852387714767396e+01
1.562636010015045684e+01
1.566419632315324506e+01
1.570203254615602972e+01
1.573986876915881616e+01
1.577770499216160083e+01
1.581554121516438727e+01
1.585337743816717193e+01
1.589121366116995837e+01
1.592904988417274303e+01
1.596688610717552947e+01
1.600472233017831414e+01
1.604255855318110235e+01
1.608039477618388702e+01
1.611823099918667168e+01
1.615606722218945634e+01
1.619390344519224101e+01
1.623173966819502922e+01
1.626957589119781389e+01
1.630741211420059855e+01
1.634524833720338322e+01
1.638308456020617143e+01
1.642092078320895610e+01
1.645875700621174076e+01
1.649659322921452542e+01
1.653442945221731364e+01
1.657226567522009830e+01
1.661010189822288652e+01
1.664793812122566763e+01
1.668577434422845585e+01
1.672361056723124051e+01
1.676144679023402873e+01
1.679928301323681339e+01
1.683711923623959805e+01
1.687495545924238272e+01
1.691279168224517093e+01
1.695062790524795560e+01
1.698846412825074026e+01
1.702630035125352492e+01
1.706413657425631314e+01
1.710197279725909780e+01
1.713980902026188247e+01
1.717764524326466713e+01
1.721548146626745535e+01
1.725331768927024001e+01
1.729115391227302467e+01
1.732899013527580934e+01
1.736682635827859400e+01
1.740466258128138222e+01
1.744249880428416688e+01
1.748033502728695510e+01
1.751817125028973976e+01
1.755600747329252442e+01
1.759384369629530909e+01
1.763167991929809730e+01
1.766951614230088197e+01
1.770735236530366663e+01
1.774518858830645129e+01
1.778302481130923951e+01
1.782086103431202417e+01
1.785869725731480884e+01
1.789653348031759350e+01
1.793436970332038172e+01
1.797220592632316638e+01
1.801004214932595460e+01
1.804787837232873571e+01
1.808571459533152392e+01
1.812355081833430859e+01
1.816138704133709680e+01
1.819922326433988147e+01
1.823705948734266613e+01
1.827489571034545079e+01
1.831273193334823546e+01
1.835056815635102367e+01
1.838840437935380834e+01
1.842624060235659300e+01
1.846407682535937766e+01
1.850191304836216588e+01
1.853974927136495054e+01
1.857758549436773521e+01
1.861542171737051987e+01
1.865325794037330809e+01
1.869109416337609275e+01
1.872893038637888097e+01
1.876676660938166208e+01
1.880460283238445029e+01
1.884243905538723496e+01
1.888027527839002317e+01
1.891811150139280784e+01
1.895594772439559250e+01
1.899378394739837717e+01
1.903162017040116538e+01
1.906945639340395005e+01
1.910729261640673471e+01
1.914512883940951937e+01
1.918296506241230759e+01
1.922080128541509225e+01
1.925863750841787692e+01
1.929647373142066158e+01
1.933430995442344980e+01
1.937214617742623446e+01
1.940998240042901912e+01
1.944781862343180379e+01
1.948565484643458845e+01
1.952349106943737667e+01
1.956132729244016133e+01
1.959916351544294955e+01
1.963699973844573066e+01
1.967483596144851887e+01
1.971267218445130354e+01
1.975050840745409175e+01
1.978834463045687642e+01
1.982618085345966108e+01
1.986401707646244574e+01
1.990185329946523396e+01
1.993968952246801862e+01
1.997752574547080329e+01
2.001536196847358795e+01
2.005319819147637617e+01
2.009103441447916083e+01
2.012887063748194905e+01
2.016670686048473016e+01
2.020454308348751837e+01
2.024237930649030304e+01
2.028021552949309125e+01
2.031805175249587592e+01
2.035588797549866058e+01
2.039372419850144524e+01
2.043156042150423346e+01
2.046939664450701812e+01
2.050723286750980279e+01
2.054506909051258745e+01
2.058290531351537211e+01
2.062074153651816033e+01
2.065857775952094499e+01
2.069641398252372966e+01
2.073425020552651432e+01
2.077208642852930254e+01
2.080992265153208720e+01
2.084775887453487186e+01
2.088559509753765653e+01
2.092343132054044474e+01
2.096126754354322941e+01
2.099910376654601762e+01
2.103693998954879874e+01
2.107477621255158695e+01
2.111261243555437161e+01
2.115044865855715983e+01
2.118828488155994449e+01
2.122612110456272916e+01
2.126395732756551382e+01
2.130179355056830204e+01
2.133962977357108670e+01
2.137746599657387137e+01
2.141530221957665603e+01
2.145313844257944424e+01
2.149097466558222891e+01
2.152881088858501357e+01
2.156664711158779824e+01
2.160448333459058290e+01
2.164231955759337112e+01
2.168015578059615578e+01
2.171799200359894400e+01
2.175582822660172511e+01
2.179366444960451332e+01
2.183150067260729799e+01
2.186933689561008620e+01
2.190717311861287087e+01
2.194500934161565553e+01
2.198284556461844019e+01
2.202068178762122841e+01
2.205851801062401307e+01
2.209635423362679774e+01
2.213419045662958240e+01
2.217202667963237062e+01
2.220986290263515528e+01
2.224769912563793994e+01
2.228553534864072461e+01
2.232337157164351282e+01
2.236120779464629749e+01
2.239904401764908570e+01
2.243688024065187037e+01
2.247471646365465503e+01
2.251255268665743969e+01
2.255038890966023146e+01
2.258822513266301257e+01
2.262606135566579724e+01
2.266389757866858190e+01
2.270173380167136656e+01
2.273957002467415833e+01
2.277740624767693944e+01
2.281524247067972411e+01
2.285307869368250877e+01
2.289091491668530054e+01
2.292875113968808520e+01
2.296658736269086631e+01
2.300442358569365098e+01
2.304225980869644275e+01
2.308009603169922741e+01
2.311793225470201207e+01
2.315576847770479318e+01
2.319360470070758495e+01
2.323144092371036962e+01
2.326927714671315428e+01
2.330711336971593894e+01
2.334494959271872716e+01
2.338278581572151182e+01
2.342062203872429649e+01
2.345845826172708115e+01
2.349629448472986937e+01
2.353413070773265403e+01
2.357196693073543869e+01
2.360980315373822336e+01
2.364763937674101157e+01
2.368547559974379624e+01
2.372331182274658090e+01
2.376114804574936556e+01
2.379898426875215023e+01
2.383682049175493844e+01
2.387465671475772311e+01
2.391249293776050777e+01
2.395032916076329244e+01
2.398816538376608065e+01
2.402600160676886532e+01
2.406383782977164998e+01
2.410167405277443464e+01
2.413951027577722641e+01
2.417734649878000752e+01
2.421518272178279219e+01
2.425301894478557685e+01
2.429085516778836862e+01
2.432869139079115328e+01
2.436652761379393439e+01
2.440436383679671906e+01
2.444220005979951083e+01
2.448003628280229549e+01
2.451787250580508015e+01
2.455570872880786126e+01
2.459354495181065303e+01
2.463138117481343770e+01
2.466921739781622236e+01
2.470705362081900702e+01
2.474488984382179524e+01
2.478272606682457990e+01
2.482056228982736457e+01
2.485839851283014923e+01
2.489623473583293389e+01
2.493407095883572211e+01
2.497190718183850322e+01
2.500974340484128788e+01
2.504757962784407610e+01
2.508541585084686076e+01
2.512325207384964543e+01
2.516108829685243009e+01
2.519892451985522186e+01
2.523676074285800652e+01
2.527459696586078763e+01
2.531243318886357230e+01
2.535026941186636407e+01
2.538810563486914873e+01
2.542594185787193339e+01
2.546377808087471450e+01
2.550161430387750627e+01
2.553945052688029094e+01
2.557728674988307560e+01
2.561512297288586026e+01
2.565295919588864848e+01
2.569079541889143314e+01
2.572863164189421781e+01
2.576646786489700247e+01
2.580430408789979069e+01
2.584214031090257535e+01
2.587997653390536001e+01
2.591781275690814468e+01
2.595564897991092934e+01
2.599348520291371756e+01
2.603132142591650222e+01
2.606915764891928688e+01
2.610699387192207155e+01
2.614483009492485976e+01
2.618266631792764443e+01
2.622050254093042909e+01
2.625833876393321376e+01
2.629617498693600197e+01
2.633401120993878664e+01
2.637184743294157130e+01
2.640968365594435596e+01
2.644751987894714773e+01
2.648535610194992884e+01
2.652319232495271351e+01
2.656102854795549817e+01
2.659886477095828994e+01
2.663670099396107460e+01
2.667453721696385571e+01
2.671237343996664038e+01
2.675020966296943215e+01
2.678804588597221681e+01
2.682588210897500147e+01
2.686371833197778258e+01
2.690155455498057435e+01
2.693939077798335902e+01
2.697722700098614368e+01
2.701506322398892834e+01
2.705289944699170945e+01
2.709073566999450122e+01
2.712857189299728589e+01
2.716640811600007055e+01
2.720424433900285521e+01
2.724208056200564343e+01
2.727991678500842809e+01
2.731775300801121276e+01
2.735558923101399742e+01
2.739342545401678564e+01
2.743126167701957030e+01
2.746909790002235496e+01
2.750693412302513963e+01
2.754477034602792784e+01
2.758260656903071251e+01
2.762044279203349717e+01
2.765827901503628183e+01
2.769611523803907005e+01
2.773395146104185471e+01
2.777178768404463938e+01
2.780962390704742404e+01
2.784746013005021581e+01
2.788529635305299692e+01
2.792313257605578158e+01
2.796096879905856625e+01
2.799880502206135091e+01
2.803664124506414268e+01
2.807447746806692379e+01
2.811231369106970845e+01
2.815014991407249312e+01
2.818798613707528489e+01
2.822582236007806955e+01
2.826365858308085066e+01
2.830149480608363532e+01
2.833933102908642709e+01
2.837716725208921176e+01
2.841500347509199642e+01
2.845283969809477753e+01
2.849067592109756930e+01
2.852851214410035396e+01
2.856634836710313863e+01
2.860418459010592329e+01
2.864202081310871151e+01
2.867985703611149617e+01
2.871769325911428083e+01
2.875552948211706550e+01
2.879336570511985371e+01
2.883120192812263838e+01
2.886903815112542304e+01
2.890687437412820771e+01
2.894471059713099592e+01
2.898254682013378059e+01
2.902038304313656525e+01
2.905821926613934991e+01
2.909605548914213458e+01
2.913389171214492279e+01
2.917172793514770746e+01
2.920956415815049212e+01
2.924740038115327678e+01
2.928523660415606500e+01
2.932307282715884966e+01
2.936090905016163433e+01
2.939874527316441899e+01
2.943658149616721076e+01
2.947441771916999187e+01
2.951225394217277653e+01
2.955009016517556120e+01
2.958792638817835297e+01
2.962576261118113763e+01
2.966359883418391874e+01
2.970143505718670340e+01
2.973927128018949517e+01
2.977710750319227984e+01
2.981494372619506450e+01
2.985277994919784561e+01
2.989061617220063738e+01
2.992845239520342204e+01
2.996628861820620671e+01
3.000412484120899137e+01
3.004196106421177959e+01
3.007979728721456425e+01
3.011763351021734891e+01
3.015546973322013358e+01
3.019330595622291824e+01
3.023114217922570646e+01
3.026897840222849112e+01
3.030681462523127578e+01
3.034465084823406045e+01
3.038248707123684866e+01
3.042032329423963333e+01
3.045815951724241799e+01
3.049599574024520265e+01
3.053383196324799087e+01
3.057166818625077553e+01
3.060950440925356020e+01
3.064734063225634486e+01
3.068517685525913308e+01
3.072301307826191774e+01
3.076084930126470240e+01
3.079868552426748707e+01
3.083652174727027884e+01
3.087435797027305995e+01
3.091219419327584461e+01
3.095003041627862927e+01
3.098786663928142104e+01
3.102570286228420571e+01
3.106353908528698682e+01
3.110137530828977148e+01
3.113921153129256325e+01
3.117704775429534791e+01
3.121488397729813258e+01
3.125272020030091369e+01
3.129055642330369835e+01
3.132839264630649012e+01
3.136622886930927478e+01
3.140406509231205945e+01
3.144190131531484056e+01
3.147973753831763233e+01
3.151757376132041699e+01
3.155540998432320166e+01
3.159324620732598632e+01
3.163108243032877454e+01
3.166891865333155920e+01
3.170675487633434386e+01
3.174459109933712853e+01
3.178242732233991674e+01
3.182026354534270141e+01
3.185809976834548607e+01
3.189593599134827073e+01
3.193377221435105895e+01
3.197160843735384361e+01
3.200944466035662828e+01
3.204728088335941294e+01
3.208511710636220471e+01
3.212295332936498937e+01
3.216078955236777404e+01
3.219862577537055870e+01
3.223646199837334336e+01
3.227429822137612803e+01
3.231213444437891269e+01
3.234997066738169735e+01
3.238780689038448202e+01
3.242564311338727379e+01
3.246347933639005845e+01
3.250131555939284311e+01
3.253915178239562778e+01
3.257698800539841244e+01
3.261482422840119710e+01
3.265266045140398177e+01
3.269049667440676643e+01
3.272833289740955820e+01
3.276616912041234286e+01
3.280400534341512753e+01
3.284184156641791219e+01
3.287967778942069685e+01
3.291751401242348152e+01
3.295535023542626618e+01
3.299318645842905084e+01
3.303102268143184261e+01
3.306885890443462728e+01
3.310669512743741194e+01
3.314453135044019660e+01
3.318236757344298837e+01
3.322020379644577304e+01
3.325804001944855059e+01
3.329587624245133526e+01
3.333371246545412703e+01
3.337154868845691169e+01
3.340938491145969635e+01
3.344722113446248102e+01
3.348505735746526568e+01
3.352289358046805745e+01
3.356072980347084211e+01
3.359856602647362678e+01
3.363640224947641144e+01
3.367423847247919610e+01
3.371207469548198077e+01
3.374991091848476543e+01
3.378774714148755010e+01
3.382558336449034186e+01
3.386341958749312653e+01
3.390125581049591119e+01
3.393909203349869586e+01
3.397692825650148052e+01
3.401476447950426518e+01
3.405260070250704985e+01
3.409043692550983451e+01
3.412827314851262628e+01
3.416610937151541094e+01
3.420394559451819561e+01
3.424178181752098027e+01
3.427961804052376493e+01
3.431745426352654960e+01
3.435529048652933426e+01
3.439312670953211892e+01
3.443096293253491069e+01
3.446879915553769536e+01
3.450663537854048002e+01
3.454447160154326468e+01
3.458230782454604935e+01
3.462014404754884112e+01
3.465798027055161867e+01
3.469581649355440334e+01
3.473365271655718800e+01
3.477148893955997977e+01
3.480932516256276443e+01
3.484716138556554910e+01
3.488499760856833376e+01
3.492283383157112553e+01
3.496067005457391019e+01
3.499850627757669486e+01
3.503634250057947952e+01
3.507417872358226418e+01
3.511201494658504885e+01
3.514985116958783351e+01
3.518768739259061817e+01
3.522552361559340994e+01
3.526335983859619461e+01
3.530119606159897927e+01
3.533903228460176393e+01
3.537686850760454860e+01
3.541470473060733326e+01
3.545254095361011792e+01
3.549037717661290259e+01
3.552821339961568725e+01
3.556604962261847902e+01
3.560388584562126368e+01
3.564172206862404835e+01
3.567955829162683301e+01
3.571739451462961767e+01
3.575523073763240234e+01
3.579306696063518700e+01
3.583090318363797167e+01
3.586873940664076343e+01
3.590657562964354810e+01
3.594441185264633276e+01
3.598224807564911742e+01
3.602008429865190919e+01
3.605792052165468675e+01
3.609575674465747142e+01
3.613359296766025608e+01
3.617142919066304785e+01
3.620926541366583251e+01
3.624710163666861718e+01
3.628493785967140184e+01
3.632277408267419361e+01
3.636061030567697827e+01
3.639844652867976293e+01
3.643628275168254760e+01
3.647411897468533226e+01
3.651195519768811693e+01
3.654979142069090159e+01
3.658762764369368625e+01
3.662546386669647092e+01
3.666330008969926268e+01
3.670113631270204735e+01
3.673897253570483201e+01
3.677680875870761668e+01
3.681464498171040134e+01
3.685248120471318600e+01
3.689031742771597067e+01
3.692815365071875533e+01
3.696598987372154710e+01
3.700382609672433176e+01
3.704166231972711643e+01
3.707949854272990109e+01
3.711733476573268575e+01
3.715517098873547042e+01
3.719300721173825508e+01
3.723084343474103974e+01
3.726867965774383151e+01
3.730651588074661618e+01
3.734435210374940084e+01
3.738218832675218550e+01
3.742002454975497727e+01
3.745786077275776194e+01
3.749569699576053949e+01
3.753353321876332416e+01
3.757136944176611593e+01
3.760920566476890059e+01
3.764704188777168525e+01
3.768487811077446992e+01
3.772271433377725458e+01
3.776055055678004635e+01
3.779838677978283101e+01
