5.831706252784058311e-03
6.709953585187808205e-03
1.489525900900541371e-02
2.030757084875864371e-02
2.298878907429146093e-02
2.452087899226077297e-02
2.316126665450481473e-02
1.698258934385785818e-02
1.167149816972607758e-02
7.405568366656673299e-03
3.272735949489652841e-03
3.956277450390043200e-03
8.124841001639335203e-03
9.831256264909077336e-03
1.175624597265866392e-02
1.563324638571129965e-02
1.412050143612602823e-02
1.157803902259797041e-02
8.483035595757434585e-03
8.770585799054611553e-03
9.092504158144748549e-03
3.715888962962339299e-03
7.957145756178459145e-04
2.807797191745315703e-03
2.395798236762694284e-03
5.264327055570039091e-03
2.645344468471580099e-03
9.858294157881617586e-03
9.704502813066432157e-03
7.238175889245948916e-03
8.695950653060089547e-03
6.452013847863658988e-03
3.848130761441432863e-03
5.166039439995839117e-03
3.965621154170572479e-04
2.277918199003013591e-03
2.936830719008139134e-03
7.656284560743324349e-03
