0.000000000000000000e+00
3.174073162915746967e-05
1.269045219368772663e-04
2.853693465243838925e-04
5.069673801034888178e-04
7.914851389037872104e-04
1.138663660128618697e-03
1.548198718294460348e-03
2.019741078254273965e-03
2.552896784670751797e-03
3.147227487672633883e-03
3.802250804392177941e-03
4.517440716049844589e-03
5.292228000218814066e-03
6.126000697869467444e-03
7.018104614762049262e-03
7.967843856723512072e-03
8.974481398314543973e-03
1.003723968436058024e-02
1.115530126379168582e-02
1.232780945520675978e-02
1.355386904354720888e-02
1.483254700723894010e-02
1.616287327513220989e-02
1.754384151254328311e-02
1.897440993567510101e-02
2.045350215366818769e-02
2.198000803751038595e-02
2.355278461500751735e-02
2.517065699099639564e-02
2.683241929195794712e-02
2.853683563416882160e-02
3.028264111450652135e-02
3.206854282300666131e-02
3.389322087625107338e-02
3.575532947064815475e-02
3.765349795464999899e-02
3.958633191893536074e-02
4.155241430357392574e-02
4.355030652117211631e-02
4.557854959498946340e-02
4.763566531100216217e-02
4.972015738288074194e-02
5.183051262883894145e-02
5.396520215930237369e-02
5.612268257433834784e-02
5.830139716978327558e-02
6.049977715099595643e-02
6.271624285316466929e-02
6.494920496709029323e-02
6.719706576936664011e-02
6.945822035587916055e-02
7.173105787754127660e-02
7.401396277719229921e-02
7.630531602657968093e-02
7.860349636235457182e-02
8.090688152001158928e-02
8.321384946471241384e-02
8.552277961793672278e-02
8.783205407891271632e-02
9.014005883978708222e-02
9.244518499350694307e-02
9.474582993339261683e-02
9.704039854339358007e-02
9.932730437803415080e-02
1.016049708310671346e-01
1.038718322918664033e-01
1.061263352886085698e-01
1.083669396173069233e-01
1.105921194557799858e-01
1.128003644616528273e-01
1.149901808535075121e-01
1.171600924743250727e-01
1.193086418363694529e-01
1.214343911466986142e-01
1.235359233124966455e-01
1.256118429254557689e-01
1.276607772244477135e-01
1.296813770357577722e-01
1.316723176901742620e-01
1.336322999162494751e-01
1.355600507090782003e-01
1.374543241739629440e-01
1.393139023443617508e-01
1.411375959735406971e-01
1.429242452993818024e-01
1.446727207818257199e-01
1.463819238124519362e-01
1.480507873957352116e-01
1.496782768015334497e-01
1.512633901884122278e-01
1.528051591974110002e-01
1.543026495159144917e-01
1.557549614113035163e-01
1.571612302340952561e-01
1.585206268903123494e-01
1.598323582828558576e-01
1.610956677216713040e-01
1.623098353025466678e-01
1.634741782543971123e-01
1.645880512549276198e-01
1.656508467145890451e-01
1.666619950287815954e-01
1.676209647982801199e-01
1.685272630178886455e-01
1.693804352333666274e-01
1.701800656666818679e-01
1.709257773096976019e-01
1.716172319864053553e-01
1.722541303838613092e-01
1.728362120520024192e-01
1.733632553725474867e-01
1.738350774972157453e-01
1.742515342555286395e-01
1.746125200324684656e-01
1.749179676163169217e-01
1.751678480170023033e-01
1.753621702553186668e-01
1.755009811234025108e-01
1.755843649168725429e-01
1.756124431390705676e-01
1.755853741778455324e-01
1.755033529553685079e-01
1.753666105514665730e-01
1.751754138009967432e-01
1.749300648657933777e-01
1.746309007817464232e-01
1.742782929815850645e-01
1.738726467939574472e-01
1.734144009194112657e-01
1.729040268839112660e-01
1.723420284705157735e-01
1.717289411298864032e-01
1.710653313702838740e-01
1.703517961277420667e-01
1.695889621171079720e-01
1.687774851646572094e-01
1.679180495229998793e-01
1.670113671690027501e-01
1.660581770854653028e-01
1.650592445272909825e-01
1.640153602729083893e-01
1.629273398616959689e-01
1.617960228181803961e-01
1.606222718637741187e-01
1.594069721168271947e-01
1.581510302817684122e-01
1.568553738281207866e-01
1.555209501601712840e-01
1.541487257780727871e-01
1.527396854311712515e-01
1.512948312643367654e-01
1.498151819580786914e-01
1.483017718632317627e-01
1.467556501309824901e-01
1.451778798390183922e-01
1.435695371145676025e-01
1.419317102550931298e-01
1.402654988474016096e-01
1.385720128859279920e-01
1.368523718909328835e-01
1.351077040273588326e-01
1.333391452250808629e-01
1.315478383012609609e-01
1.297349320855402388e-01
1.279015805487522250e-01
1.260489419358653829e-01
1.241781779038305250e-01
1.222904526650051976e-01
1.203869321368135209e-01
1.184687830982873030e-01
1.165371723541235999e-01
1.145932659068715082e-01
1.126382281378641576e-01
1.106732209974727738e-01
1.086994032052731457e-01
1.067179294606736550e-01
1.047299496645559130e-01
1.027366081524556801e-01
1.007390429397975046e-01
9.873838497967450667e-02
9.673575743366245872e-02
9.473227495611781512e-02
9.272904299241579995e-02
9.072715709154684227e-02
8.872770223348701302e-02
8.673175217172918172e-02
8.474036879135111999e-02
8.275460148297246465e-02
8.077548653293975534e-02
7.880404653005691762e-02
7.684128978915760744e-02
7.488820979180409176e-02
7.294578464437040388e-02
7.101497655376036444e-02
6.909673132097333970e-02
6.719197785273517409e-02
6.530162769137706769e-02
6.342657456312589259e-02
6.156769394496752063e-02
5.972584265020425276e-02
5.790185843282546346e-02
5.609655961078496150e-02
5.431074470826598166e-02
5.254519211698551601e-02
5.080065977658835413e-02
4.907788487415129519e-02
4.737758356280302730e-02
4.570045069945526117e-02
4.404715960161048605e-02
4.241836182321197246e-02
4.081468694946963766e-02
3.923674241059064288e-02
3.768511331432051331e-02
3.616036229719091916e-02
3.466302939435003672e-02
3.319363192784337974e-02
3.175266441318748412e-02
3.034059848407922796e-02
2.895788283505705898e-02
2.760494318192490901e-02
2.628218223973204093e-02
2.498997971809538074e-02
2.372869233362963001e-02
2.249865383924763013e-02
2.130017507007743449e-02
2.013354400573112712e-02
1.899902584865385130e-02
1.789686311826552134e-02
1.682727576060400257e-02
1.579046127316331705e-02
1.478659484461877262e-02
1.381582950911356897e-02
1.287829631478208496e-02
1.197410450617045555e-02
1.110334172021468571e-02
1.026607419542136836e-02
9.462346993898832978e-03
8.692184235874065440e-03
7.955589346328803199e-03
7.252545313380966141e-03
6.583014958036289936e-03
5.946941214926003937e-03
5.344247423647965553e-03
4.774837630321972226e-03
4.238596898967884365e-03
3.735391632313428412e-03
3.265069901635726368e-03
2.827461785239596299e-03
2.422379715173986984e-03
2.049618831787054611e-03
1.708957345720661398e-03
1.400156906943787923e-03
1.122962980426012213e-03
8.771052280517598618e-04
6.622978963780111559e-04
4.782402098385109355e-04
3.246167690005829489e-04
2.010979534814297319e-04
1.073403291341766991e-04
4.298705911609980587e-05
7.668318455005858556e-06
1.001711732505801354e-06
2.259269350721760866e-05
7.203499110447024445e-05
1.489110294033893077e-04
2.527923572570376482e-04
3.832400751853805147e-04
5.398052639868731323e-04
7.220294139185922267e-04
9.294448541012670069e-04
1.161575181810704923e-03
1.417935691323390620e-03
1.698033801989691938e-03
2.001369485215029418e-03
2.327435690035798560e-03
2.675718766982303730e-03
3.045698889930214485e-03
3.436850475646251960e-03
3.848642600743721904e-03
4.280539415767798533e-03
4.732000556141058648e-03
5.202481549704275274e-03
5.691434220598044595e-03
6.198307089234716093e-03
6.722545768123235066e-03
7.263593353310535822e-03
7.820890811219456673e-03
8.393877360660644688e-03
8.981990849816526637e-03
9.584668127990532416e-03
1.020134541193391982e-02
1.083145864656257125e-02
1.147444385988990317e-02
1.212973751200617685e-02
1.279677683794653090e-02
1.347500018429209460e-02
1.416384733936624889e-02
1.486275985688502790e-02
1.557118137293717237e-02
1.628855791617397561e-02
1.701433821109764322e-02
1.774797397434314458e-02
1.848892020385942483e-02
1.923663546090210660e-02
1.999058214475524231e-02
2.075022676011288592e-02
2.151504017705139701e-02
2.228449788353949190e-02
2.305808023043107169e-02
2.383527266890047083e-02
2.461556598028429715e-02
2.539845649829969298e-02
2.618344632361558483e-02
2.697004353076874750e-02
2.775776236740379668e-02
2.854612344584815317e-02
2.933465392701636518e-02
3.012288769666025476e-02
3.091036553397804795e-02
3.169663527260660474e-02
3.248125195402629811e-02
3.326377797340918790e-02
3.404378321795343415e-02
3.482084519774807790e-02
3.559454916921581807e-02
3.636448825119441980e-02
3.713026353371013527e-02
3.789148417951335168e-02
3.864776751844326702e-02
3.939873913469629785e-02
4.014403294707610814e-02
4.088329128230676346e-02
4.161616494149518453e-02
4.234231325983568023e-02
4.306140415964448270e-02
4.377311419682495403e-02
4.447712860086461967e-02
4.517314130846314391e-02
4.586085499089945922e-02
4.653998107525002953e-02
4.721023975956441937e-02
4.787136002211411778e-02
4.852307962483557585e-02
4.916514511107758501e-02
4.979731179778025540e-02
5.041934376220526259e-02
5.103101382334132574e-02
5.163210351811212823e-02
5.222240307250911734e-02
5.280171136778622626e-02
5.336983590183418114e-02
5.392659274587537771e-02
5.447180649660366553e-02
5.500531022390445224e-02
5.552694541428437186e-02
5.603656191014667887e-02
5.653401784504415162e-02
5.701917957504146206e-02
5.749192160632157073e-02
5.795212651916981095e-02
5.839968488846951356e-02
5.883449520083863099e-02
5.925646376854316888e-02
5.966550464031779993e-02
6.006153950922721307e-02
6.044449761769298685e-02
6.081431565982288456e-02
6.117093768116854680e-02
6.151431497603657150e-02
6.184440598248411997e-02
6.216117617512344901e-02
6.246459795585813241e-02
6.275465054267509446e-02
6.303131985661612757e-02
6.329459840704378115e-02
6.354448517532707008e-02
6.378098549705958631e-02
6.400411094292361713e-02
6.421387919832137470e-02
6.441031394187664294e-02
6.459344472292387340e-02
6.476330683808603772e-02
6.491994120705618654e-02
6.506339424767465518e-02
6.519371775042064054e-02
6.531096875239941757e-02
6.541520941094197683e-02
6.550650687689558993e-02
6.558493316771457637e-02
6.565056504043081942e-02
6.570348386460174439e-02
6.574377549531708331e-02
6.577153014635481187e-02
6.578684226356398823e-02
6.578981039855885671e-02
6.578053708279901768e-02
6.575912870213589112e-02
6.572569537189468236e-02
6.568035081256480556e-02
6.562321222617095717e-02
6.555440017338569347e-02
6.547403845145294277e-02
6.538225397298211283e-02
6.527917664567454981e-02
6.516493925303688817e-02
6.503967733614195168e-02
6.490352907648351544e-02
6.475663517998341001e-02
6.459913876219219864e-02
6.443118523473734260e-02
6.425292219305760166e-02
6.406449930546669058e-02
6.386606820359147507e-02
6.365778237421466923e-02
6.343979705256562462e-02
6.321226911708596741e-02
6.297535698570955187e-02
6.272922051367937901e-02
6.247402089293454391e-02
6.220992055309026991e-02
6.193708306403671732e-02
6.165567304017773725e-02
6.136585604633025548e-02
6.106779850530365955e-02
6.076166760717425369e-02
6.044763122027092123e-02
6.012585780388621237e-02
5.979651632272188488e-02
5.945977616308216473e-02
5.911580705082061099e-02
5.876477897104884912e-02
5.840686208961250181e-02
5.804222667633801569e-02
5.767104303005165383e-02
5.729348140537518508e-02
5.690971194129425259e-02
5.651990459149880408e-02
5.612422905649620125e-02
5.572285471748612135e-02
5.531595057199927001e-02
5.490368517128852571e-02
5.448622655946541021e-02
5.406374221437722227e-02
5.363639899020873625e-02
5.320436306180403863e-02
5.276779987069166872e-02
5.232687407280409847e-02
5.188174948787682011e-02
5.143258905051019403e-02
5.097955476288465460e-02
5.052280764910585531e-02
5.006250771117063542e-02
4.959881388652944562e-02
4.913188400723222243e-02
4.866187476063629780e-02
4.818894165165803212e-02
4.771323896654694474e-02
4.723491973816366235e-02
4.675413571273984853e-02
4.627103731809771581e-02
4.578577363330790101e-02
4.529849235976539379e-02
4.480933979365622072e-02
4.431846079979665648e-02
4.382599878681784494e-02
4.333209568367449305e-02
4.283689191745304603e-02
4.234052639245380889e-02
4.184313647052528146e-02
4.134485795262286129e-02
4.084582506157083404e-02
4.034617042599814712e-02
3.984602506542885697e-02
3.934551837649483824e-02
3.884477812025418503e-02
3.834393041058110213e-02
3.784309970360964781e-02
3.734240878820092174e-02
3.684197877741169497e-02
3.634192910093778789e-02
3.584237749850605059e-02
3.534344001419330999e-02
3.484523099164382742e-02
3.434786307016161194e-02
3.385144718165410127e-02
3.335609254840066901e-02
3.286190668162292799e-02
3.236899538083219674e-02
3.187746273392881580e-02
3.138741111803274031e-02
3.089894120101758720e-02
3.041215194372800038e-02
2.992714060285505892e-02
2.944400273444881810e-02
2.896283219804219461e-02
2.848372116136794682e-02
2.800676010564202151e-02
2.753203783139617639e-02
2.705964146483338939e-02
2.658965646468881491e-02
2.612216662957396809e-02
2.565725410578159962e-02
2.519499939553463894e-02
2.473548136565592928e-02
2.427877725664066497e-02
2.382496269211244536e-02
2.337411168864225730e-02
2.292629666591467288e-02
2.248158845721899904e-02
2.204005632025239289e-02
2.160176794821165938e-02
2.116678948116256301e-02
2.073518551766395657e-02
2.030701912663506609e-02
1.988235185944683958e-02
1.946124376222269428e-02
1.904375338833314002e-02
1.862993781106901323e-02
1.821985263647941250e-02
1.781355201635864693e-02
1.741108866136945044e-02
1.701251385428912549e-02
1.661787746336365265e-02
1.622722795575908331e-02
1.584061241109617837e-02
1.545807653505689230e-02
1.507966467305116992e-02
1.470541982393132156e-02
1.433538365374484834e-02
1.396959650951354152e-02
1.360809743302898202e-02
1.325092417465470289e-02
1.289811320712470379e-02
1.254969973932962279e-02
1.220571773008138731e-02
1.186619990184742748e-02
1.153117775444630934e-02
1.120068157869685659e-02
1.087474047001306225e-02
1.055338234193713490e-02
1.023663393960395906e-02
9.924520853130126483e-03
9.617067530920961685e-03
9.314297292889477456e-03
9.016232343581670819e-03
8.722893785201682113e-03
8.434301630533304339e-03
8.150474815750399088e-03
7.871431213113932665e-03
7.597187643549567840e-03
7.327759889102213389e-03
7.063162705263763622e-03
6.803409833169623416e-03
6.548514011661938847e-03
6.298486989214735141e-03
6.053339535719477055e-03
5.813081454127475532e-03
5.577721591946932338e-03
5.347267852592705803e-03
5.121727206586280598e-03
4.901105702604322163e-03
4.685408478374778439e-03
4.474639771418116758e-03
4.268802929633584882e-03
4.067900421728717214e-03
3.871933847492108755e-03
3.680903947907812265e-03
3.494810615112090273e-03
3.313652902191607710e-03
3.137429032823011409e-03
2.966136410754403874e-03
2.799771629128697432e-03
2.638330479649390013e-03
2.481807961589077398e-03
2.330198290642126156e-03
2.183494907621567113e-03
2.041690487001894625e-03
1.904776945308503519e-03
1.772745449355339446e-03
1.645586424331988481e-03
1.523289561741966898e-03
1.405843827193620612e-03
1.293237468045639171e-03
1.185458020908861359e-03
1.082492319006731190e-03
9.843264993959566569e-04
8.909460100501521073e-04
8.023356168081922446e-04
7.184794101902490125e-04
6.393608120833850798e-04
5.649625822998004081e-04
4.952668250098884875e-04
4.302549950530629272e-04
3.699079041292275888e-04
3.142057268734248579e-04
2.631280068167540895e-04
2.166536622366238020e-04
1.747609918990814394e-04
1.374276806965942757e-04
1.046308051842385580e-04
7.634683901748609287e-05
5.255165829494126201e-05
3.322054680905045575e-05
1.832820120837660467e-05
7.848736074548494612e-06
1.755688917361409803e-06
2.202509140146250466e-08
2.620142637636847325e-06
9.521877053401330912e-06
2.069850599425486845e-05
3.612075391122035819e-05
5.575879662687542457e-05
7.958226585387538404e-05
1.075602536593003042e-04
1.396613168786004975e-04
1.758534814824422527e-04
2.161042469001155900e-04
2.603805903030703651e-04
3.086489708520905235e-04
3.608753339116650043e-04
4.170251152350292682e-04
4.770632451235933620e-04
5.409541525639732394e-04
6.086617693465367056e-04
6.801495341685197564e-04
7.553803967255083964e-04
8.343168217948338829e-04
9.169207933136752729e-04
1.003153818456273575e-03
1.092976931712914129e-03
1.186350698974174408e-03
1.283235221624140021e-03
1.383590140645451095e-03
1.487374640739903484e-03
1.594547454467321610e-03
1.705066866406662650e-03
1.818890717341841183e-03
1.935976408475776483e-03
2.056280905675787144e-03
2.179760743753400652e-03
2.306372030781505059e-03
2.436070452451919062e-03
2.568811276476391965e-03
2.704549357033800630e-03
2.843239139266759592e-03
2.984834663829757668e-03
3.129289571492579330e-03
3.276557107800955482e-03
3.426590127797139382e-03
3.579341100804035464e-03
3.734762115273558905e-03
3.892804883704234064e-03
4.053420747628030084e-03
4.216560682670599143e-03
4.382175303686424404e-03
4.550214869971624596e-03
4.720629290556208058e-03
4.893368129578315462e-03
5.068380611742672077e-03
5.245615627864847266e-03
5.425021740503657881e-03
5.606547189683938615e-03
5.790139898710570075e-03
5.975747480077428335e-03
6.163317241470431078e-03
6.352796191869004155e-03
6.544131047745600782e-03
6.737268239366207660e-03
6.932153917192658554e-03
7.128733958387934930e-03
7.326953973426502363e-03
7.526759312811044482e-03
7.728095073895681170e-03
7.930906107818590581e-03
8.135137026542922992e-03
8.340732210009811631e-03
8.547635813401597421e-03
8.755791774518477746e-03
8.965143821267484645e-03
9.175635479266409239e-03
9.387210079561671486e-03
9.599810766461861281e-03
9.813380505486945724e-03
1.002786209143406021e-02
1.024319815655953467e-02
1.045933117887819577e-02
1.067620349058014291e-02
1.089375728656444796e-02
1.111193463309087179e-02
1.133067747654890531e-02
1.154992765234466763e-02
1.176962689390445398e-02
1.198971684179658652e-02
1.221013905296922802e-02
1.243083501010597627e-02
1.265174613109634055e-02
1.287281377862310727e-02
1.309397926986420949e-02
1.331518388630993296e-02
1.353636888369270236e-02
1.375747550203154645e-02
1.397844497578771238e-02
1.419921854413196821e-02
1.441973746132228264e-02
1.463994300719097426e-02
1.485977649773933922e-02
1.507917929583998951e-02
1.529809282204469024e-02
1.551645856549584493e-02
1.573421809494178827e-02
1.595131306985281272e-02
1.616768525163741685e-02
1.638327651495593076e-02
1.659802885913199896e-02
1.681188441965722133e-02
1.702478547978977103e-02
1.723667448224344700e-02
1.744749404096495801e-02
1.765718695299970525e-02
1.786569621044074158e-02
1.807296501246103901e-02
1.827893677742562645e-02
1.848355515508217153e-02
1.868676403882615911e-02
1.888850757804048236e-02
1.908873019050407946e-02
1.928737657486991747e-02
1.948439172320689042e-02
1.967972093360512154e-02
1.987330982284118627e-02
2.006510433909912058e-02
2.025505077474690566e-02
2.044309577916272186e-02
2.062918637160943494e-02
2.081326995415478873e-02
2.099529432463212442e-02
2.117520768964040526e-02
2.135295867757864077e-02
2.152849635171344075e-02
2.170177022327381133e-02
2.187273026457170477e-02
2.204132692214347267e-02
2.220751112991049131e-02
2.237123432235250606e-02
2.253244844769309793e-02
2.269110598109127033e-02
2.284715993783694929e-02
2.300056388654493980e-02
2.315127196234578744e-02
2.329923888006668609e-02
2.344441994740124185e-02
2.358677107806265300e-02
2.372624880491613908e-02
2.386281029308703894e-02
2.399641335304101078e-02
2.412701645362994723e-02
2.425457873510257836e-02
2.437906002207244557e-02
2.450042083644109192e-02
2.461862241027139644e-02
2.473362669860587962e-02
2.484539639222738475e-02
2.495389493035545317e-02
2.505908651327663425e-02
2.516093611490149984e-02
2.525940949524524415e-02
2.535447321282780983e-02
2.544609463698738194e-02
2.553424196010428693e-02
2.561888420972934302e-02
2.569999126061326550e-02
2.577753384663036482e-02
2.585148357259535110e-02
2.592181292596405437e-02
2.598849528841735632e-02
2.605150494732210928e-02
2.611081710706144796e-02
2.616640790023586766e-02
2.621825439872440058e-02
2.626633462460465154e-02
2.631062756092396662e-02
2.635111316232153014e-02
2.638777236549041949e-02
2.642058709948054418e-02
2.644954029583425001e-02
2.647461589854984559e-02
2.649579887387084817e-02
2.651307521989297242e-02
2.652643197598579528e-02
2.653585723202396204e-02
2.654134013742295850e-02
2.654287090997611495e-02
2.654044084448383897e-02
2.653404232117599626e-02
2.652366881391927944e-02
2.650931489820442660e-02
2.649097625891100663e-02
2.646864969784281860e-02
2.644233314103032126e-02
2.641202564579645320e-02
2.637772740757776332e-02
2.633943976650084812e-02
2.629716521370585591e-02
2.625090739741465021e-02
2.620067112873835855e-02
2.614646238721956770e-02
2.608828832610538342e-02
2.602615727734734763e-02
2.596007875632153072e-02
2.589006346626877494e-02
2.581612330244561007e-02
2.573827135598687893e-02
2.565652191747161415e-02
2.557089048019033084e-02
2.548139374310958924e-02
2.538804961353032658e-02
2.529087720943151360e-02
2.518989686150501645e-02
2.508513011486546498e-02
2.497659973044261475e-02
2.486432968604421201e-02
2.474834517709162060e-02
2.462867261702099062e-02
2.450533963734745704e-02
2.437837508739000916e-02
2.424780903365261059e-02
2.411367275885905465e-02
2.397599876063670823e-02
2.383482074984928645e-02
2.369017364857165311e-02
2.354209358770793792e-02
2.339061790424544485e-02
2.323578513814764449e-02
2.307763502887537690e-02
2.291620851154346078e-02
2.275154771270180773e-02
2.258369594574326927e-02
2.241269770593458388e-02
2.223859866506914390e-02
2.206144566573800536e-02
2.188128671521761756e-02
2.169817097897422040e-02
2.151214877378070447e-02
2.132327156044525746e-02
2.113159193615142539e-02
2.093716362640516554e-02
2.074004147659145106e-02
2.054028144313665288e-02
2.033794058427515483e-02
2.013307705042268261e-02
1.992575007415061869e-02
1.971601995976562244e-02
1.950394807248922655e-02
1.928959682724138910e-02
1.907302967702443480e-02
1.885431110090852319e-02
1.863350659161792933e-02
1.841068264271969457e-02
1.818590673541365180e-02
1.795924732492268708e-02
1.773077382648752254e-02
1.750055660096375490e-02
1.726866694002126071e-02
1.703517705095032933e-02
1.680016004107196675e-02
1.656368990175547534e-02
1.632584149204455506e-02
1.608669052189165213e-02
1.584631353500512776e-02
1.560478789130856185e-02
1.536219174901496884e-02
1.511860404631786177e-02
1.487410448270121664e-02
1.462877349987239291e-02
1.438269226231694668e-02
1.413594263748083057e-02
1.388860717558315812e-02
1.364076908906009487e-02
1.339251223164472475e-02
1.314392107708534443e-02
1.289508069750752370e-02
1.264607674142025247e-02
1.239699541137197041e-02
1.214792344126184101e-02
1.189894807330644198e-02
1.165015703466942831e-02
1.140163851375750916e-02
1.115348113618616285e-02
1.090577394042230482e-02
1.065860635310600726e-02
1.041206816405797382e-02
1.016624950097776842e-02
9.921240803837766756e-03
9.677132798977786457e-03
9.434016472908186499e-03
9.191983045824176843e-03
8.951123944840032667e-03
8.711530776947308888e-03
8.473295301705882979e-03
8.236509403670240828e-03
8.001265064562182450e-03
7.767654335193145514e-03
7.535769307145720637e-03
7.305702084218466258e-03
7.077544753644468729e-03
6.851389357088569047e-03
6.627327861432193504e-03
6.405452129352438330e-03
6.185853889704384656e-03
5.968624707712970323e-03
5.753855954985041994e-03
5.541638779346762245e-03
5.332064074517347228e-03
5.125222449626027840e-03
4.921204198582800581e-03
4.720099269309080414e-03
4.521997232839358727e-03
4.326987252302566880e-03
4.135158051792440885e-03
3.946597885134728138e-03
3.761394504563201919e-03
3.579635129312459460e-03
3.401406414137698141e-03
3.226794417771481314e-03
3.055884571327123229e-03
2.888761646659205890e-03
2.725509724691506548e-03
2.566212163722379844e-03
2.410951567717737123e-03
2.259809754603827985e-03
2.112867724567803369e-03
1.970205628379845166e-03
1.831902735745378737e-03
1.698037403699397376e-03
1.568687045054288891e-03
1.443928096911550104e-03
1.323835989249068064e-03
1.208485113595388766e-03
1.097948791802172289e-03
9.922992449267007548e-04
8.916075622356081035e-04
7.959436703416972094e-04
7.053763024858557707e-04
6.199729679751638835e-04
5.397999217900409851e-04
4.649221343713207024e-04
3.954032616001109941e-04
3.313056149818348253e-04
2.726901320468308465e-04
2.196163469797654283e-04
1.721423614895689299e-04
1.303248159324966104e-04
9.421886070038162420e-05
6.387812788633315643e-05
3.935470324010243868e-05
2.069909842556023633e-05
7.960223592420547265e-06
1.185360274628964324e-06
4.201346276637462869e-07
5.708491017132195144e-06
1.709266597092236876e-05
3.461316250722429994e-05
5.830872485076542023e-05
8.821631354935742769e-05
1.243710810032628189e-04
1.668063474193439734e-04
2.155535772023488793e-04
2.706423557953818466e-04
3.321003669816804992e-04
3.999533706597373163e-04
4.742251811039370707e-04
5.549376457222132512e-04
6.421106243232634330e-04
7.357619689042053804e-04
8.359075039715865678e-04
9.425610074062103737e-04
1.055734191884107141e-03
1.175436686865090818e-03
1.301676021159578955e-03
1.434457606086084842e-03
1.573784719229377824e-03
1.719658488811299591e-03
1.872077878684740406e-03
2.031039673961411961e-03
2.196538467284685388e-03
2.368566645757391037e-03
2.547114378535643864e-03
2.732169605098550696e-03
2.923718024203650432e-03
3.121743083538993171e-03
3.326225970080650719e-03
3.537145601165888990e-03
3.754478616291422738e-03
3.978199369645605762e-03
4.208279923384184752e-03
4.444690041658645556e-03
4.687397185404521861e-03
4.936366507900541260e-03
5.191560851104737480e-03
