1.463950617283949970e-02
1.613839859325336482e-02
6.562474204534120281e-02
1.038895115250961509e-01
1.278176340171298109e-01
1.476079417458462661e-01
1.439702041900357277e-01
8.047853517512676413e-02
4.082995103504924450e-02
1.674843830796176117e-02
3.127338613069266266e-03
4.298359123495175751e-03
1.718040869638510354e-02
2.332306745444162957e-02
3.183350678502181591e-02
5.659093094354596815e-02
4.666733879437096055e-02
3.214231470921620482e-02
1.841143130142387438e-02
1.992979382336084945e-02
2.180627670221529230e-02
3.685848382818089110e-03
1.640141268714368102e-04
1.934709567269568510e-03
1.378067358969002490e-03
6.563349251233790288e-03
1.597353497164430208e-03
2.213215807422146825e-02
2.146097005262952509e-02
1.221243575122249632e-02
1.776823606402571851e-02
9.933256260838286417e-03
3.598887463549193221e-03
6.459107120159983048e-03
3.819003847645824448e-05
1.236641066485833678e-03
2.028707922824846306e-03
1.352098765432097928e-02
