0.000000000000000000e+00
7.942913362146275524e-01
1.588582672429255771e+00
2.382874008643883101e+00
3.177165344858511986e+00
3.971456681073139094e+00
4.765748017287767091e+00
5.560039353502394199e+00
6.354330689717023084e+00
7.148622025931651081e+00
7.942913362146276413e+00
8.737204698360905297e+00
9.531496034575532406e+00
1.032578737079016129e+01
1.112007870700478662e+01
1.191437004321941551e+01
1.270866137943404262e+01
1.350295271564867150e+01
1.429724405186329861e+01
1.509153538807792572e+01
1.588582672429255283e+01
1.668011806050717993e+01
1.747440939672181059e+01
1.826870073293643770e+01
1.906299206915106481e+01
1.985728340536569192e+01
2.065157474158032258e+01
2.144586607779494614e+01
2.224015741400957680e+01
2.303444875022420391e+01
2.382874008643883457e+01
2.462303142265346168e+01
2.541732275886809234e+01
2.621161409508271589e+01
2.700590543129734300e+01
2.780019676751197366e+01
