0.000000000000000000e+00
1.989832815378950637e-05
7.959779077621255449e-05
1.791117908938537448e-04
3.184625561785575697e-04
4.976809708325328737e-04
7.168063405384234770e-04
9.758860907851936266e-04
1.274975398974371576e-03
1.614136760800841987e-03
1.993439491498865974e-03
2.412959162638670003e-03
2.872776975258340294e-03
3.372979070214477803e-03
3.913655776741348583e-03
4.494900800310295923e-03
5.116810350995555819e-03
5.779482213657790961e-03
6.483014761376358279e-03
7.227505913677888076e-03
8.013052041230404182e-03
8.839746818792772187e-03
9.707680028337802372e-03
1.061693631440295028e-02
1.156759389383924495e-02
1.255972322228109464e-02
1.359338561977889437e-02
1.466863185818975852e-02
1.578550071304717431e-02
1.694401748277565151e-02
1.814419247826378964e-02
1.938601948592735477e-02
2.066947420756974976e-02
2.199451268044048599e-02
2.336106968107034762e-02
2.476905711657018117e-02
2.621836240721844499e-02
2.770884686429515506e-02
2.924034406723515986e-02
3.081265824429560429e-02
3.242556266104566071e-02
3.407879802108981782e-02
3.577207088353200753e-02
3.750505210178561172e-02
3.927737528840823111e-02
4.108863531071545172e-02
4.293838682198460738e-02
4.482614283313058473e-02
4.675137332973170606e-02
4.871350393936662443e-02
5.071191465418964373e-02
5.274593861369325509e-02
5.481486095260582059e-02
5.691791771880313350e-02
5.905429486612317341e-02
6.122312732686972792e-02
6.342349816873815715e-02
6.565443784080345069e-02
6.791492351310063347e-02
7.020387851420273329e-02
7.252017187106640783e-02
7.486261795525321616e-02
7.722997623946223356e-02
7.962095116811841733e-02
8.203419214555436600e-02
8.446829364510101412e-02
8.692179544215236642e-02
8.939318297403875402e-02
9.188088782922793074e-02
9.438328836814886824e-02
9.689871047757100953e-02
9.942542846019379599e-02
1.019616660607728931e-01
1.045055976297599443e-01
1.070553494250888887e-01
1.096090010523722291e-01
1.121645870434306025e-01
1.147200985726510442e-01
1.172734853103402780e-01
1.198226574118079757e-01
1.223654876405334269e-01
1.248998136233779865e-01
1.274234402353864315e-01
1.299341421113341388e-01
1.324296662807671610e-01
1.349077349228823552e-01
1.373660482372009162e-01
1.398022874255824277e-01
1.422141177807819679e-01
1.445991918762958572e-01
1.469551528519667805e-01
1.492796377893760296e-01
1.515702811707526632e-01
1.538247184147701618e-01
1.560405894822933515e-01
1.582155425448159014e-01
1.603472377080599198e-01
1.624333507829201217e-01
1.644715770956903800e-01
1.664596353292845388e-01
1.683952713869426299e-01
1.702762622697249206e-01
1.721004199589616923e-01
1.738655952946173422e-01
1.755696818405126092e-01
1.772106197271528794e-01
1.787863994629181608e-01
1.802950657043235205e-01
1.817347209760105664e-01
1.831035293311917000e-01
1.843997199432938494e-01
1.856215906196211074e-01
1.867675112279685579e-01
1.878359270272274839e-01
1.888253618932020650e-01
1.897344214310206501e-01
1.905617959657655291e-01
1.913062634031334752e-01
1.919666919522519943e-01
1.925420427030516135e-01
1.930313720508684272e-01
1.934338339613652646e-01
1.937486820691483036e-01
1.939752716038581071e-01
1.941130611379666693e-01
1.941616141508370752e-01
1.941206004041415578e-01
1.939897971241315022e-01
1.937690899867358374e-01
1.934584739019715449e-01
1.930580535946394560e-01
1.925680439787594844e-01
1.919887703237954379e-01
1.913206682111506796e-01
1.905642832800479025e-01
1.897202707623545370e-01
1.887893948065531013e-01
1.877725275914847725e-01
1.866706482311790705e-01
1.854848414724699635e-01
1.842162961877651661e-01
1.828663036657875718e-01
1.814362557036630907e-01
1.799276425042301564e-01
1.783420503829712400e-01
1.766811592894242111e-01
1.749467401484483542e-01
1.731406520271434879e-01
1.712648391336997200e-01
1.693213276548625468e-01
1.673122224391128399e-01
1.652397035330404051e-01
1.631060225787812068e-01
1.609134990806932730e-01
1.586645165497866383e-01
1.563615185347230485e-01
1.540070045484532857e-01
1.516035258998023050e-01
1.491536814395413024e-01
1.466601132306486754e-01
1.441255021526524072e-01
1.415525634500322538e-01
1.389440422348121040e-01
1.363027089535003011e-01
1.336313548285981700e-01
1.309327872849206376e-01
1.282098253709296198e-01
1.254652951852629483e-01
1.227020253185626547e-01
1.199228423205924987e-01
1.171305662025224487e-01
1.143280059840991042e-01
1.115179552952421660e-01
1.087031880413854013e-01
1.058864541416789928e-01
1.030704753488837777e-01
1.002579411595410919e-01
9.745150482266526359e-02
9.465377945494261869e-02
9.186733427000295937e-02
8.909469092907465471e-02
8.633832001985038140e-02
8.360063767009058566e-02
8.088400230203665608e-02
7.819071153331928759e-02
7.552299922959622436e-02
7.288303271373028358e-02
7.027291013587515234e-02
6.769465800837001779e-02
6.515022890890377616e-02
6.264149935492779875e-02
6.017026785185074222e-02
5.773825311706212715e-02
5.534709248139091375e-02
5.299834046911282293e-02
5.069346755718349279e-02
4.843385911390582499e-02
4.622081451678867331e-02
4.405554644891812588e-02
4.193918037271940347e-02
3.987275417956964024e-02
3.785721801329792330e-02
3.589343426521656583e-02
3.398217773792883145e-02
3.212413597478570165e-02
3.031990975149928547e-02
2.857001372608764661e-02
2.687487724297338634e-02
2.523484528676624150e-02
2.365017958095999573e-02
2.212105982649092625e-02
2.064758507485476777e-02
1.922977523024062968e-02
1.786757267491960108e-02
1.656084401192885885e-02
1.530938191891587086e-02
1.411290710684376393e-02
1.297107037712878601e-02
1.188345477066334033e-02
1.084957780207287253e-02
9.868893772493824226e-03
8.940796154087316677e-03
8.064620039484682659e-03
7.239644649328529254e-03
6.465095891085301597e-03
5.740148962327908805e-03
5.063930991718357082e-03
4.435523710984978600e-03
3.853966151264532486e-03
3.318257357264533733e-03
2.827359112814585140e-03
2.380198671495004602e-03
1.975671486171434298e-03
1.612643931408168450e-03
1.289956012907579174e-03
1.006424058288653972e-03
7.608433837113508669e-04
5.519909310502944030e-04
3.786278705279187175e-04
2.395021639339412899e-04
1.333510837831471455e-04
5.890368399372245526e-05
1.488321790647814969e-05
9.499708050345842007e-09
1.300120556744666557e-05
5.257811104717104194e-05
1.174632616021611270e-04
2.063850732361052331e-04
3.180793606393878480e-04
4.512912903908314842e-04
6.047772570596829204e-04
7.773066803001112352e-04
9.676637212812335331e-04
1.174648917046976692e-03
1.397080731644231074e-03
1.633797023102802207e-03
1.883656425584875112e-03
2.145539646254544797e-03
2.418350676647736640e-03
2.701017918536681179e-03
2.992495224501956052e-03
3.291762853626934490e-03
3.597828342932738593e-03
3.909727295354357285e-03
4.226524085249717608e-03
4.547312482601226745e-03
4.871216197234556206e-03
5.197389344535572123e-03
5.525016834295746852e-03
5.853314684446696455e-03
6.181530261580507439e-03
6.508942450261662356e-03
6.834861753250245399e-03
7.158630324857918371e-03
7.479621939737341428e-03
7.797241899496790314e-03
8.110926879593811922e-03
8.420144719029075062e-03
8.724394155407561718e-03
9.023204507986267581e-03
9.316135311348379064e-03
9.602775902385085952e-03
9.882744963272292391e-03
1.015569002314407367e-02
1.042128692116280411e-02
1.067923923368597171e-02
1.092927766820742455e-02
1.117115942674291006e-02
1.140466754128762784e-02
1.162961018395664535e-02
1.184581995436714656e-02
1.205315314678549569e-02
1.225148899950985297e-02
1.244072892890000018e-02
1.262079575041550120e-02
1.279163288895722450e-02
1.295320358073199368e-02
1.310549006880179501e-02
1.324849279440496776e-02
1.338222958604380272e-02
1.350673484827990059e-02
1.362205875207419224e-02
1.372826642844638366e-02
1.382543716712718133e-02
1.391366362180559979e-02
1.399305102347750407e-02
1.406371640332788366e-02
1.412578782647426652e-02
1.417940363783549290e-02
1.422471172128381839e-02
1.426186877316375570e-02
1.429103959117788286e-02
1.431239637954262109e-02
1.432611807125917271e-02
1.433238966823230723e-02
1.433140159992300766e-02
1.432334910111584918e-02
1.430843160932446581e-02
1.428685218227551332e-02
1.425881693584939505e-02
1.422453450276883052e-02
1.418421551228548835e-02
1.413807209102793672e-02
1.408631738512497629e-02
1.402916510365566187e-02
1.396682908342193954e-02
1.389952287498538892e-02
1.382745934986174749e-02
1.375085032871265801e-02
1.366990623033662033e-02
1.358483574121518642e-02
1.349584550532684918e-02
1.340313983391256368e-02
1.330692043483792594e-02
1.320738616116273224e-02
1.310473277851021377e-02
1.299915275078582580e-02
1.289083504379309221e-02
1.277996494625050980e-02
1.266672390771378560e-02
1.255128939288208990e-02
1.243383475174911733e-02
1.231452910506266978e-02
1.219353724453097615e-02
1.207101954721565874e-02
1.194713190354525049e-02
1.182202565837305562e-02
1.169584756451188048e-02
1.156873974816869169e-02
1.144083968570323503e-02
1.131228019115363900e-02
1.118318941394747315e-02
1.105369084625375774e-02
1.092390333941599574e-02
1.079394112892262912e-02
1.066391386738303228e-02
1.053392666498098075e-02
1.040408013689526727e-02
1.027447045717908188e-02
1.014518941861631239e-02
1.001632449807419480e-02
9.887958926888965397e-03
9.760171765836919699e-03
9.633037984260413300e-03
9.506628542922713337e-03
9.381010480195663137e-03
9.256247001187448142e-03
9.132397569438491583e-03
9.009518000831448839e-03
8.887660559370302166e-03
8.766874054505525982e-03
8.647203939700179656e-03
8.528692411930169706e-03
8.411378511858254303e-03
8.295298224402766762e-03
8.180484579463747838e-03
8.066967752568314498e-03
7.954775165216809718e-03
7.843931584728906087e-03
7.734459223397521788e-03
7.626377836772143051e-03
7.519704820910279308e-03
7.414455308447638442e-03
7.310642263345221506e-03
7.208276574190675481e-03
7.107367145938113875e-03
7.007920989982509112e-03
6.909943312477568982e-03
6.813437600813020308e-03
6.718405708180488420e-03
6.624847936164680179e-03
6.532763115304338584e-03
6.442148683579370164e-03
6.353000762786389748e-03
6.265314232769423654e-03
6.179082803490501367e-03
6.094299084916258123e-03
6.010954654715882847e-03
5.929040123765941944e-03
5.848545199463150122e-03
5.769458746854710766e-03
5.691768847594514368e-03
5.615462856746416750e-03
5.540527457450555686e-03
5.466948713481497094e-03
5.394712119722140480e-03
5.323802650586861168e-03
5.254204806428307978e-03
5.185902657959361520e-03
5.118879888734617807e-03
5.053119835731103258e-03
4.988605528063827163e-03
4.925319723889795380e-03
4.863244945537237122e-03
4.802363512912698022e-03
4.742657575226301436e-03
4.684109141088573652e-03
4.626700107023686871e-03
4.570412284448048708e-03
4.515227425164396874e-03
4.461127245416801959e-03
4.408093448558726701e-03
4.356107746380325288e-03
4.305151879142421305e-03
4.255207634366401856e-03
4.206256864425990220e-03
4.158281502987399778e-03
4.111263580342956400e-03
4.065185237684479543e-03
4.020028740358986934e-03
3.975776490150776180e-03
3.932411036631698782e-03
3.889915087620828427e-03
3.848271518794928354e-03
3.807463382486924591e-03
3.767473915713184882e-03
3.728286547463014085e-03
3.689884905290965501e-03
3.652252821243431261e-03
3.615374337154518471e-03
3.579233709344078074e-03
3.543815412748762758e-03
3.509104144519042436e-03
3.475084827106835958e-03
3.441742610877974312e-03
3.409062876272176811e-03
3.377031235538499251e-03
3.345633534072688618e-03
3.314855851378120145e-03
3.284684501675316261e-03
3.255106034181379313e-03
3.226107233081848720e-03
3.197675117213380578e-03
3.169796939477925041e-03
3.142460186007360688e-03
3.115652575095156397e-03
3.089362055912030225e-03
3.063576807022870552e-03
3.038285234718565275e-03
3.013475971178603517e-03
2.989137872477168854e-03
2.965260016446774442e-03
2.941831700410934766e-03
2.918842438798225671e-03
2.896281960648560815e-03
2.874140207022740819e-03
2.852407328324556290e-03
2.831073681544245876e-03
2.810129827434805754e-03
2.789566527626400737e-03
2.769374741687801247e-03
2.749545624143669847e-03
2.730070521452258783e-03
2.710940968952160485e-03
2.692148687782595310e-03
2.673685581784363170e-03
2.655543734385352669e-03
2.637715405476883518e-03
2.620193028285629742e-03
2.602969206243455156e-03
2.586036709862656394e-03
2.569388473616555837e-03
2.553017592832973991e-03
2.536917320599219559e-03
2.521081064686787714e-03
2.505502384493849249e-03
2.490174988010851031e-03
2.475092728811949076e-03
2.460249603070944601e-03
2.445639746608746501e-03
2.431257431969364394e-03
2.417097065530271743e-03
2.403153184644632803e-03
2.389420454820714683e-03
2.375893666935575358e-03
2.362567734487878383e-03
2.349437690888965188e-03
2.336498686791991554e-03
2.323745987462606799e-03
2.311174970189423198e-03
2.298781121735247492e-03
2.286560035831686558e-03
2.274507410713222377e-03
2.262619046696047638e-03
2.250890843797913668e-03
2.239318799400754918e-03
2.227899005956521499e-03
2.216627648735790008e-03
2.205501003618691620e-03
2.194515434928637557e-03
2.183667393308605549e-03
2.172953413639936576e-03
2.162370113003448009e-03
2.151914188681089846e-03
2.141582416201600475e-03
2.131371647424821179e-03
2.121278808668901686e-03
2.111300898877034420e-03
2.101434987824846775e-03
2.091678214366867166e-03
2.082027784722900125e-03
2.072480970803309511e-03
2.063035108571245266e-03
2.053687596444848593e-03
2.044435893734786961e-03
2.035277519119529747e-03
2.026210049157124195e-03
2.017231116831227824e-03
2.008338410134558830e-03
1.999529670684196871e-03
1.990802692373100109e-03
1.982155320054036860e-03
1.973585448256271434e-03
1.965091019934932584e-03
1.956670025251603523e-03
1.948320500386336446e-03
1.940040526380096709e-03
1.931828228006875550e-03
1.923681772675271857e-03
1.915599369358918702e-03
1.907579267554943437e-03
1.899619756270014889e-03
1.891719163032794986e-03
1.883875852934629091e-03
1.876088227693631242e-03
1.868354724745810479e-03
1.860673816360470297e-03
1.853044008779307448e-03
1.845463841379735076e-03
1.837931885861292854e-03
1.830446745453979040e-03
1.823007054149321498e-03
1.815611475952481598e-03
1.808258704155567926e-03
1.800947460631250815e-03
1.793676495146685930e-03
1.786444584696462133e-03
1.779250532854831021e-03
1.772093169146529224e-03
1.764971348435224845e-03
1.757883950330255260e-03
1.750829878609916563e-03
1.743808060661282107e-03
1.736817446937162284e-03
1.729857010428058816e-03
1.722925746149828489e-03
1.716022670646245992e-03
1.709146821506348120e-03
1.702297256895969743e-03
1.695473055102514857e-03
1.688673314094030643e-03
1.681897151090774997e-03
1.675143702149483986e-03
1.668412121760518094e-03
1.661701582455922272e-03
1.655011274430108915e-03
1.648340405172044228e-03
1.641688199107203903e-03
1.635053897251390184e-03
1.628436756873963926e-03
1.621836051172680006e-03
1.615251068956225335e-03
1.608681114337947140e-03
1.602125506438181355e-03
1.595583579094909422e-03
1.589054680584613523e-03
1.582538173349991133e-03
1.576033433736948172e-03
1.569539851738595672e-03
1.563056830747966463e-03
1.556583787317405770e-03
1.550120150925366272e-03
1.543665363750509585e-03
1.537218880452307984e-03
1.530780167958494800e-03
1.524348705258541693e-03
1.517923983203871632e-03
1.511505504313649445e-03
1.505092782586353551e-03
1.498685343317614823e-03
1.492282722922857584e-03
1.485884468765517538e-03
1.479490138990436753e-03
1.473099302362328167e-03
1.466711538108672738e-03
1.460326435767842239e-03
1.453943595041346567e-03
1.447562625650841792e-03
1.441183147198811043e-03
1.434804789034122355e-03
1.428427190121104966e-03
1.422049998912339880e-03
1.415672873225960271e-03
1.409295480125539882e-03
1.402917495804697481e-03
1.396538605473810748e-03
1.390158503251236318e-03
1.383776892056811638e-03
1.377393483509083442e-03
1.371007997825151323e-03
1.364620163723721628e-03
1.358229718330610566e-03
1.351836407087326228e-03
1.345439983662092892e-03
1.339040209863444223e-03
1.332636855556425942e-03
1.326229698581213876e-03
1.319818524673478221e-03
1.313403127387992395e-03
1.306983308023625763e-03
1.300558875550702305e-03
1.294129646540410168e-03
1.287695445096435345e-03
1.281256102787754802e-03
1.274811458584243539e-03
1.268361358793146203e-03
1.261905656998168774e-03
1.255444213999649256e-03
1.248976897756275736e-03
1.242503583328950952e-03
1.236024152825618977e-03
1.229538495347830751e-03
1.223046506938660306e-03
1.216548090531885612e-03
1.210043155902867495e-03
1.203531619620231948e-03
1.197013404998931120e-03
1.190488442054851671e-03
1.183956667459961113e-03
1.177418024499196463e-03
1.170872463027990184e-03
1.164319939431029526e-03
1.157760416581908374e-03
1.151193863803843132e-03
1.144620256831390629e-03
1.138039577772723522e-03
1.131451815073277649e-03
1.124856963479784920e-03
1.118255024005305413e-03
1.111646003895141142e-03
1.105029916593250295e-03
1.098406781709399807e-03
1.091776624987426210e-03
1.085139478273366596e-03
1.078495379485172731e-03
1.071844372582130911e-03
1.065186507535431301e-03
1.058521840299298227e-03
1.051850432782132187e-03
1.045172352818735844e-03
1.038487674142961554e-03
1.031796476360134036e-03
1.025098844921100861e-03
1.018394871095463063e-03
1.011684651946154071e-03
1.004968290303891350e-03
9.982458947420213939e-04
9.915175795521520650e-04
9.847834647190780322e-04
9.780436758974762803e-04
9.712983443874912857e-04
9.645476071112532579e-04
9.577916065899256875e-04
9.510304909200712571e-04
9.442644137512017002e-04
9.374935342628038827e-04
9.307180171420192244e-04
9.239380325610027384e-04
9.171537561551027038e-04
9.103653690004486886e-04
9.035730575920817827e-04
8.967770138220963229e-04
8.899774349578353947e-04
8.831745236201717694e-04
8.763684877617863465e-04
8.695595406456540057e-04
8.627479008233551174e-04
8.559337921135117379e-04
8.491174435801131064e-04
8.422990895112304798e-04
8.354789693968539804e-04
8.286573279079052605e-04
8.218344148739570396e-04
8.150104852617762012e-04
8.081857991533705418e-04
8.013606217240780210e-04
7.945352232205928024e-04
7.877098789387528780e-04
7.808848692013433063e-04
7.740604793358039307e-04
7.672369996514408598e-04
7.604147254169946494e-04
7.535939568377604926e-04
7.467749990325131450e-04
7.399581620103818681e-04
7.331437606474397939e-04
7.263321146630502111e-04
7.195235485962502573e-04
7.127183917815750527e-04
7.059169783248804260e-04
6.991196470787314167e-04
6.923267416178730677e-04
6.855386102141282183e-04
6.787556058110694570e-04
6.719780859985606449e-04
6.652064129868848165e-04
6.584409535807584550e-04
6.516820791526387610e-04
6.449301656163454466e-04
6.381855933997153136e-04
6.314487474173950676e-04
6.247200170431310619e-04
6.179997960815907746e-04
6.112884827401108851e-04
6.045864796000015870e-04
5.978941935871694797e-04
5.912120359429381099e-04
5.845404221939275342e-04
5.778797721220772137e-04
5.712305097337028832e-04
5.645930632286801651e-04
5.579678649689548929e-04
5.513553514466674587e-04
5.447559632517849334e-04
5.381701450395910474e-04
5.315983454974742596e-04
5.250410173112486428e-04
5.184986171313598442e-04
5.119716055381919170e-04
5.054604470073635267e-04
4.989656098741424841e-04
4.924875662978880344e-04
4.860267922252883800e-04
4.795837673541203014e-04
4.731589750954834145e-04
4.667529025364143308e-04
4.603660404012518189e-04
4.539988830132166901e-04
4.476519282549759507e-04
4.413256775288756212e-04
4.350206357167928930e-04
4.287373111390751146e-04
4.224762155134846337e-04
4.162378639132169713e-04
4.100227747245452706e-04
4.038314696038195926e-04
3.976644734341065811e-04
3.915223142812814428e-04
3.854055233491925558e-04
3.793146349348178376e-04
3.732501863825054503e-04
3.672127180377923175e-04
3.612027732005766191e-04
3.552208980778029921e-04
3.492676417355676825e-04
3.433435560506489619e-04
3.374491956613263617e-04
3.315851179178960057e-04
3.257518828323614063e-04
3.199500530277197457e-04
3.141801936863344987e-04
3.084428724982720077e-04
3.027386596085010527e-04
2.970681275637796848e-04
2.914318512590213708e-04
2.858304078826405244e-04
2.802643768618527176e-04
2.747343398070506643e-04
2.692408804555465412e-04
2.637845846147278644e-04
2.583660401050160956e-04
2.529858367014381731e-04
2.476445660753045673e-04
2.423428217348243827e-04
2.370811989654097291e-04
2.318602947690992316e-04
2.266807078036051331e-04
2.215430383205091902e-04
2.164478881030834883e-04
2.113958604032849058e-04
2.063875598783240827e-04
2.014235925263314930e-04
1.965045656218095225e-04
1.916310876501218564e-04
1.868037682414145284e-04
1.820232181041301766e-04
1.772900489577470954e-04
1.726048734647751208e-04
1.679683051625020134e-04
1.633809583936221110e-04
1.588434482367850203e-04
1.543563904360665314e-04
1.499204013301767748e-04
1.455360977807951359e-04
1.412040971004939580e-04
1.369250169798579030e-04
1.326994754141537752e-04
1.285280906293956305e-04
1.244114810076314291e-04
1.203502650118188570e-04
1.163450611099989360e-04
1.123964876989142387e-04
1.085051630269302721e-04
1.046717051165850623e-04
1.008967316862680562e-04
9.718086007151268150e-05
9.352470714565047475e-05
8.992888923979407406e-05
8.639402206242899134e-05
8.292072061821037976e-05
7.950959912633986243e-05
7.616127093829719319e-05
7.287634845509401453e-05
6.965544304384306388e-05
6.649916495384187412e-05
6.340812323208757967e-05
6.038292563835027612e-05
5.742417855938444592e-05
5.453248692304403912e-05
5.170845411149022601e-05
4.895268187401744957e-05
4.626577023944632562e-05
4.364831742778900946e-05
4.110091976156324029e-05
3.862417157651104344e-05
3.621866513188944390e-05
3.388499052015486675e-05
3.162373557629366084e-05
2.943548578652174896e-05
2.732082419662219854e-05
2.528033131972841257e-05
2.331458504371215946e-05
2.142416053802313205e-05
1.960963016018784012e-05
1.787156336174689639e-05
1.621052659385108374e-05
1.462708321235691912e-05
1.312179338251221291e-05
1.169521398330018410e-05
1.034789851123736643e-05
9.080396983894226324e-06
7.893255842981398629e-06
6.787017857015794058e-06
5.762222023666384984e-06
4.819403471706705384e-06
3.959093362622289891e-06
3.181818791853639647e-06
2.488102689705255155e-06
1.878463721935349789e-06
1.353416190019194933e-06
9.134699310854672135e-07
5.591302175815281383e-07
2.908976566201865769e-07
1.092680890629844052e-07
1.473248832544932590e-08
7.776858920525585714e-09
8.888213475831790376e-08
2.585240772022531316e-07
5.171731728997117097e-07
8.652945313952386621e-07
1.303347782538967893e-06
1.831786973697974681e-06
2.451060466794270923e-06
3.161610835160572417e-06
3.963874760240333098e-06
4.858282928155186221e-06
5.845259926118883054e-06
6.925224138737526296e-06
8.098587644213332365e-06
9.365756110413344033e-06
1.072712869091946004e-05
1.218309792093029242e-05
1.373404961318753522e-05
1.538036275378284144e-05
1.712240939798280286e-05
1.896055456603916588e-05
2.089515613896365858e-05
2.292656475433809982e-05
2.505512370215815952e-05
2.728116882068995977e-05
2.960502839240380344e-05
3.202702303999909101e-05
3.454746562242412127e-05
3.716666113113813326e-05
3.988490658635182010e-05
4.270249093347533529e-05
4.561969493970738094e-05
4.863679109074265012e-05
5.175404348770932340e-05
5.497170774427518594e-05
5.829003088395859778e-05
6.170925123768175623e-05
6.522959834155542865e-05
6.885129283488833189e-05
7.257454635858921657e-05
7.639956145369728021e-05
8.032653146038786754e-05
8.435564041712521562e-05
8.848706296036444238e-05
9.272096422443494915e-05
9.705749974190594086e-05
1.014968153443387760e-04
1.060390470633554836e-04
1.106843210324010067e-04
1.154327533885116260e-04
1.202844501750970042e-04
1.252395072447678071e-04
1.302980101628273583e-04
1.354600341114244131e-04
1.407256437939922295e-04
1.460948933404482882e-04
1.515678262129128854e-04
1.571444751119639705e-04
1.628248618837103956e-04
1.686089974271742971e-04
1.744968816027241772e-04
1.804885031409217725e-04
1.865838395520524298e-04
1.927828570366470120e-04
1.990855103963760106e-04
2.054917429460396516e-04
2.120014864260726984e-04
2.186146609160856717e-04
2.253311747489296021e-04
2.321509244259907306e-04
2.390737945329679212e-04
2.460996576567956698e-04
2.532283743033304996e-04
2.604597928160279916e-04
2.677937492955702542e-04
2.752300675204181362e-04
2.827685588682896729e-04
2.904090222388624890e-04
2.981512439773572774e-04
3.059949977990584092e-04
3.139400447152349526e-04
3.219861329597424626e-04
3.301329979172383348e-04
3.383803620519845799e-04
3.467279348382900197e-04
3.551754126917700265e-04
3.637224789021803613e-04
3.723688035670572245e-04
3.811140435269705991e-04
3.899578423018452088e-04
3.988998300285981845e-04
4.079396234001772493e-04
4.170768256058678537e-04
4.263110262729539373e-04
4.356418014097332382e-04
4.450687133501263259e-04
4.545913106994700159e-04
4.642091282817827525e-04
4.739216870887033475e-04
4.837284942297954363e-04
4.936290428842320674e-04
5.036228122543254422e-04
5.137092675203027824e-04
5.238878597968840874e-04
5.341580260913734914e-04
5.445191892633808282e-04
5.549707579861635348e-04
5.655121267098616811e-04
5.761426756259402588e-04
5.868617706339553488e-04
5.976687633095007684e-04
6.085629908744818496e-04
6.195437761684614939e-04
6.306104276225734002e-04
6.417622392347106406e-04
6.529984905468365613e-04
6.643184466239976643e-04
6.757213580353365169e-04
6.872064608371606341e-04
6.987729765575446386e-04
7.104201121832544579e-04
7.221470601485214949e-04
7.339529983258920700e-04
7.458370900188266567e-04
7.577984839567528845e-04
