0.000000000000000000e+00
2.782802479230407286e-02
5.565604958460881879e-02
8.348407437691289512e-02
1.113120991692169715e-01
1.391401239615217000e-01
1.669681487538257902e-01
1.947961735461298527e-01
2.226241983384339429e-01
2.504522231307386715e-01
2.782802479230427339e-01
3.061082727153468519e-01
3.339362975076515805e-01
3.617643222999556429e-01
3.895923470922597054e-01
4.174203718845644895e-01
4.452483966768685519e-01
4.730764214691726144e-01
5.009044462614766768e-01
5.287324710537814054e-01
5.565604958460854679e-01
5.843885206383895303e-01
6.122165454306943699e-01
6.400445702229984324e-01
6.678725950153024948e-01
6.957006198076072234e-01
7.235286445999112859e-01
7.513566693922153483e-01
7.791846941845200769e-01
8.070127189768241394e-01
8.348407437691283128e-01
8.626687685614330414e-01
8.904967933537371039e-01
9.183248181460411663e-01
9.461528429383452288e-01
9.739808677306499574e-01
1.001808892522954020e+00
1.029636917315258193e+00
1.057464942107562145e+00
1.085292966899866984e+00
1.113120991692170936e+00
1.140949016484475109e+00
1.168777041276779727e+00
1.196605066069083900e+00
1.224433090861388074e+00
1.252261115653692691e+00
1.280089140445996865e+00
1.307917165238300816e+00
1.335745190030605656e+00
1.363573214822909607e+00
1.391401239615213781e+00
1.419229264407518398e+00
1.447057289199822572e+00
1.474885313992126745e+00
1.502713338784431363e+00
1.530541363576735536e+00
1.558369388369039488e+00
1.586197413161344327e+00
1.614025437953647613e+00
1.641853462745952452e+00
1.669681487538257292e+00
1.697509512330560577e+00
1.725337537122865417e+00
1.753165561915169368e+00
1.780993586707473542e+00
1.808821611499778159e+00
1.836649636292082333e+00
1.864477661084386284e+00
1.892305685876691124e+00
1.920133710668995297e+00
1.947961735461299249e+00
1.975789760253604088e+00
2.003617785045908040e+00
2.031445809838212213e+00
2.059273834630516831e+00
2.087101859422821004e+00
2.114929884215125178e+00
2.142757909007429795e+00
2.170585933799733969e+00
2.198413958592038142e+00
2.226241983384342760e+00
2.254070008176646045e+00
2.281898032968950663e+00
2.309726057761255724e+00
2.337554082553559009e+00
2.365382107345863627e+00
2.393210132138166912e+00
2.421038156930471974e+00
2.448866181722776592e+00
2.476694206515081209e+00
2.504522231307384939e+00
2.532350256099689556e+00
2.560178280891992841e+00
2.588006305684297459e+00
2.615834330476602521e+00
2.643662355268907138e+00
2.671490380061210423e+00
2.699318404853515485e+00
2.727146429645818770e+00
2.754974454438123388e+00
2.782802479230428006e+00
2.810630504022733067e+00
2.838458528815036352e+00
2.866286553607340970e+00
2.894114578399644699e+00
2.921942603191949317e+00
2.949770627984253935e+00
2.977598652776557220e+00
3.005426677568862281e+00
3.033254702361165567e+00
3.061082727153470184e+00
3.088910751945774802e+00
3.116738776738079864e+00
3.144566801530383149e+00
3.172394826322687766e+00
3.200222851114991496e+00
3.228050875907296113e+00
3.255878900699600731e+00
3.283706925491905348e+00
3.311534950284209078e+00
3.339362975076513695e+00
3.367190999868816981e+00
3.395019024661122042e+00
3.422847049453426660e+00
3.450675074245731278e+00
3.478503099038034563e+00
3.506331123830338292e+00
3.534159148622642910e+00
3.561987173414947527e+00
3.589815198207252589e+00
3.617643222999557207e+00
3.645471247791860492e+00
3.673299272584163777e+00
3.701127297376468839e+00
3.728955322168773456e+00
3.756783346961078074e+00
3.784611371753381359e+00
3.812439396545686421e+00
3.840267421337989706e+00
3.868095446130294324e+00
3.895923470922599385e+00
3.923751495714904003e+00
3.951579520507207288e+00
3.979407545299511906e+00
4.007235570091815191e+00
4.035063594884119809e+00
4.062891619676425314e+00
4.090719644468729932e+00
4.118547669261032773e+00
4.146375694053336503e+00
4.174203718845641120e+00
4.202031743637945738e+00
4.229859768430250355e+00
4.257687793222555861e+00
4.285515818014858702e+00
4.313343842807162432e+00
4.341171867599467049e+00
4.368999892391771667e+00
4.396827917184076284e+00
4.424655941976380014e+00
4.452483966768684631e+00
4.480311991560988361e+00
4.508140016353292978e+00
4.535968041145597596e+00
4.563796065937902213e+00
4.591624090730205943e+00
4.619452115522510560e+00
4.647280140314814290e+00
4.675108165107118907e+00
4.702936189899423525e+00
4.730764214691728142e+00
4.758592239484031872e+00
4.786420264276334713e+00
4.814248289068639330e+00
4.842076313860944836e+00
4.869904338653249454e+00
4.897732363445554071e+00
4.925560388237856912e+00
4.953388413030160642e+00
4.981216437822465259e+00
5.009044462614769877e+00
5.036872487407075383e+00
5.064700512199378224e+00
5.092528536991682842e+00
5.120356561783986571e+00
5.148184586576291188e+00
5.176012611368595806e+00
5.203840636160900424e+00
5.231668660953204153e+00
5.259496685745508771e+00
5.287324710537812500e+00
5.315152735330117117e+00
5.342980760122421735e+00
5.370808784914726353e+00
5.398636809707030082e+00
5.426464834499332923e+00
5.454292859291638429e+00
5.482120884083943047e+00
5.509948908876247664e+00
5.537776933668552282e+00
5.565604958460856011e+00
5.593432983253158852e+00
5.621261008045463470e+00
5.649089032837768976e+00
5.676917057630073593e+00
5.704745082422376434e+00
5.732573107214681940e+00
5.760401132006984781e+00
5.788229156799289399e+00
5.816057181591594016e+00
5.843885206383899522e+00
5.871713231176202363e+00
5.899541255968506981e+00
5.927369280760810710e+00
5.955197305553115328e+00
5.983025330345419945e+00
6.010853355137724563e+00
6.038681379930028292e+00
6.066509404722332022e+00
6.094337429514637527e+00
6.122165454306942145e+00
6.149993479099246763e+00
6.177821503891551380e+00
6.205649528683853333e+00
6.233477553476157951e+00
6.261305578268462568e+00
6.289133603060768074e+00
6.316961627853072692e+00
6.344789652645377309e+00
6.372617677437679262e+00
6.400445702229983880e+00
6.428273727022288497e+00
6.456101751814593115e+00
6.483929776606898621e+00
6.511757801399203238e+00
6.539585826191505191e+00
6.567413850983809809e+00
6.595241875776114426e+00
6.623069900568419044e+00
6.650897925360723661e+00
6.678725950153029167e+00
6.706553974945331120e+00
6.734381999737635738e+00
6.762210024529940355e+00
6.790038049322244973e+00
6.817866074114549590e+00
6.845694098906851544e+00
6.873522123699156161e+00
6.901350148491461667e+00
6.929178173283766284e+00
6.957006198076070902e+00
6.984834222868375520e+00
7.012662247660677473e+00
7.040490272452982090e+00
7.068318297245286708e+00
7.096146322037592213e+00
7.123974346829896831e+00
7.151802371622201449e+00
7.179630396414503402e+00
7.207458421206808019e+00
7.235286445999112637e+00
7.263114470791417254e+00
7.290942495583722760e+00
7.318770520376027378e+00
7.346598545168329331e+00
7.374426569960633948e+00
7.402254594752938566e+00
7.430082619545243183e+00
7.457910644337547801e+00
7.485738669129850642e+00
7.513566693922155260e+00
7.541394718714459877e+00
7.569222743506764495e+00
7.597050768299069112e+00
7.624878793091373730e+00
7.652706817883675683e+00
7.680534842675981189e+00
7.708362867468285806e+00
7.736190892260590424e+00
7.764018917052895041e+00
7.791846941845199659e+00
7.819674966637501612e+00
7.847502991429806229e+00
7.875331016222111735e+00
7.903159041014416353e+00
7.930987065806720970e+00
7.958815090599025588e+00
7.986643115391327541e+00
8.014471140183632158e+00
8.042299164975936776e+00
8.070127189768241394e+00
8.097955214560546011e+00
8.125783239352848852e+00
8.153611264145153470e+00
8.181439288937458088e+00
8.209267313729762705e+00
8.237095338522067323e+00
8.264923363314371940e+00
8.292751388106674781e+00
8.320579412898979399e+00
8.348407437691284017e+00
8.376235462483588634e+00
8.404063487275893252e+00
8.431891512068197869e+00
8.459719536860500710e+00
8.487547561652805328e+00
8.515375586445109946e+00
8.543203611237414563e+00
8.571031636029719181e+00
8.598859660822023798e+00
8.626687685614326639e+00
8.654515710406631257e+00
8.682343735198935875e+00
8.710171759991240492e+00
8.737999784783545110e+00
8.765827809575846175e+00
8.793655834368152568e+00
8.821483859160457186e+00
8.849311883952761804e+00
8.877139908745066421e+00
8.904967933537371039e+00
8.932795958329672104e+00
8.960623983121976721e+00
8.988452007914283115e+00
9.016280032706587733e+00
9.044108057498892350e+00
9.071936082291196968e+00
9.099764107083498033e+00
9.127592131875802650e+00
9.155420156668107268e+00
9.183248181460413662e+00
9.211076206252718279e+00
9.238904231045022897e+00
9.266732255837323962e+00
9.294560280629628579e+00
9.322388305421933197e+00
9.350216330214237814e+00
9.378044355006544208e+00
9.405872379798845273e+00
9.433700404591149891e+00
9.461528429383454508e+00
9.489356454175759126e+00
9.517184478968063743e+00
9.545012503760368361e+00
9.572840528552671202e+00
9.600668553344975820e+00
9.628496578137280437e+00
9.656324602929585055e+00
9.684152627721889672e+00
9.711980652514194290e+00
9.739808677306497131e+00
9.767636702098801749e+00
9.795464726891106366e+00
9.823292751683410984e+00
9.851120776475715601e+00
9.878948801268020219e+00
9.906776826060323060e+00
9.934604850852627678e+00
9.962432875644932295e+00
9.990260900437236913e+00
1.001808892522954153e+01
1.004591695002184437e+01
1.007374497481414899e+01
1.010157299960645361e+01
1.012940102439875822e+01
1.015722904919106284e+01
1.018505707398336746e+01
1.021288509877567030e+01
1.024071312356797492e+01
1.026854114836027954e+01
1.029636917315258415e+01
1.032419719794488877e+01
1.035202522273719339e+01
1.037985324752949623e+01
1.040768127232180085e+01
1.043550929711410546e+01
1.046333732190641008e+01
1.049116534669871470e+01
1.051899337149101932e+01
1.054682139628332038e+01
1.057464942107562678e+01
1.060247744586793139e+01
1.063030547066023601e+01
1.065813349545254063e+01
1.068596152024484169e+01
1.071378954503714631e+01
1.074161756982945093e+01
1.076944559462175732e+01
1.079727361941406194e+01
1.082510164420636656e+01
1.085292966899866762e+01
1.088075769379097224e+01
1.090858571858327686e+01
1.093641374337558148e+01
1.096424176816788787e+01
1.099206979296019249e+01
1.101989781775249355e+01
1.104772584254479817e+01
1.107555386733710279e+01
1.110338189212940740e+01
1.113120991692171202e+01
1.115903794171401842e+01
1.118686596650631948e+01
1.121469399129862410e+01
1.124252201609092872e+01
1.127035004088323333e+01
1.129817806567553795e+01
1.132600609046784257e+01
1.135383411526014541e+01
1.138166214005245003e+01
1.140949016484475464e+01
1.143731818963705926e+01
1.146514621442936388e+01
1.149297423922166672e+01
1.152080226401397134e+01
1.154863028880627596e+01
1.157645831359858057e+01
1.160428633839088519e+01
1.163211436318318981e+01
1.165994238797549265e+01
1.168777041276779727e+01
1.171559843756010189e+01
1.174342646235240650e+01
1.177125448714471112e+01
1.179908251193701574e+01
1.182691053672931858e+01
1.185473856152162320e+01
1.188256658631392781e+01
1.191039461110623243e+01
1.193822263589853705e+01
1.196605066069084167e+01
1.199387868548314451e+01
1.202170671027544913e+01
1.204953473506775374e+01
1.207736275986005836e+01
1.210519078465236298e+01
1.213301880944466404e+01
1.216084683423697044e+01
1.218867485902927505e+01
1.221650288382157967e+01
1.224433090861388429e+01
1.227215893340618535e+01
1.229998695819848997e+01
1.232781498299079459e+01
1.235564300778309921e+01
1.238347103257540560e+01
1.241129905736770667e+01
1.243912708216001128e+01
1.246695510695231590e+01
1.249478313174462052e+01
1.252261115653692514e+01
1.255043918132922975e+01
1.257826720612153260e+01
1.260609523091383721e+01
1.263392325570614183e+01
1.266175128049844645e+01
1.268957930529075107e+01
1.271740733008305568e+01
1.274523535487535852e+01
1.277306337966766314e+01
1.280089140445996776e+01
1.282871942925227238e+01
1.285654745404457699e+01
1.288437547883688161e+01
1.291220350362918445e+01
1.294003152842148907e+01
1.296785955321379369e+01
1.299568757800609831e+01
1.302351560279840292e+01
1.305134362759070576e+01
1.307917165238301038e+01
1.310699967717531500e+01
1.313482770196761962e+01
1.316265572675992424e+01
1.319048375155222885e+01
1.321831177634453169e+01
1.324613980113683631e+01
1.327396782592914093e+01
1.330179585072144555e+01
1.332962387551375016e+01
1.335745190030605478e+01
1.338527992509835762e+01
1.341310794989066224e+01
1.344093597468296686e+01
1.346876399947527148e+01
1.349659202426757609e+01
1.352442004905988071e+01
1.355224807385218178e+01
1.358007609864448817e+01
1.360790412343679279e+01
1.363573214822909740e+01
1.366356017302140202e+01
1.369138819781370309e+01
1.371921622260600770e+01
1.374704424739831232e+01
1.377487227219061872e+01
1.380270029698292333e+01
1.383052832177522795e+01
1.385835634656752902e+01
1.388618437135983363e+01
1.391401239615213825e+01
1.394184042094444287e+01
1.396966844573674926e+01
1.399749647052905388e+01
1.402532449532135495e+01
1.405315252011365956e+01
1.408098054490596418e+01
1.410880856969826880e+01
1.413663659449057342e+01
1.416446461928287981e+01
1.419229264407518087e+01
1.422012066886748549e+01
1.424794869365979011e+01
1.427577671845209473e+01
1.430360474324439934e+01
1.433143276803670219e+01
1.435926079282900680e+01
1.438708881762131142e+01
1.441491684241361604e+01
1.444274486720592066e+01
1.447057289199822527e+01
1.449840091679052811e+01
1.452622894158283273e+01
1.455405696637513735e+01
1.458188499116744197e+01
1.460971301595974658e+01
1.463754104075205120e+01
1.466536906554435404e+01
1.469319709033665866e+01
1.472102511512896328e+01
1.474885313992126790e+01
1.477668116471357251e+01
1.480450918950587713e+01
1.483233721429817997e+01
1.486016523909048459e+01
1.488799326388278921e+01
1.491582128867509383e+01
1.494364931346739844e+01
1.497147733825970128e+01
1.499930536305200590e+01
1.502713338784431052e+01
1.505496141263661514e+01
1.508278943742891975e+01
1.511061746222122437e+01
1.513844548701352544e+01
1.516627351180583183e+01
1.519410153659813645e+01
1.522192956139044107e+01
1.524975758618274568e+01
1.527758561097505030e+01
1.530541363576735137e+01
1.533324166055965598e+01
1.536106968535196238e+01
1.538889771014426699e+01
1.541672573493657161e+01
1.544455375972887623e+01
1.547238178452117729e+01
1.550020980931348191e+01
1.552803783410578653e+01
1.555586585889809292e+01
1.558369388369039754e+01
1.561152190848269861e+01
1.563934993327500322e+01
1.566717795806730784e+01
1.569500598285961246e+01
1.572283400765191708e+01
1.575066203244422347e+01
1.577849005723652454e+01
1.580631808202882915e+01
1.583414610682113377e+01
1.586197413161343839e+01
1.588980215640574301e+01
1.591763018119804762e+01
1.594545820599035046e+01
1.597328623078265508e+01
1.600111425557496148e+01
1.602894228036726432e+01
1.605677030515957071e+01
1.608459832995187355e+01
1.611242635474417639e+01
1.614025437953647923e+01
1.616808240432878563e+01
1.619591042912109202e+01
1.622373845391339486e+01
1.625156647870569770e+01
1.627939450349800055e+01
1.630722252829030694e+01
1.633505055308260978e+01
1.636287857787491618e+01
1.639070660266722257e+01
1.641853462745952186e+01
1.644636265225182825e+01
1.647419067704413109e+01
1.650201870183643749e+01
1.652984672662874033e+01
1.655767475142104672e+01
1.658550277621334956e+01
1.661333080100565240e+01
1.664115882579795880e+01
1.666898685059026164e+01
1.669681487538256803e+01
1.672464290017487087e+01
1.675247092496717372e+01
1.678029894975948011e+01
1.680812697455178295e+01
1.683595499934408934e+01
1.686378302413639219e+01
1.689161104892869503e+01
1.691943907372100142e+01
1.694726709851330426e+01
1.697509512330561066e+01
1.700292314809791350e+01
1.703075117289021989e+01
1.705857919768252273e+01
1.708640722247482557e+01
1.711423524726713197e+01
1.714206327205943481e+01
1.716989129685174120e+01
1.719771932164404404e+01
1.722554734643634688e+01
1.725337537122865328e+01
1.728120339602095612e+01
1.730903142081326251e+01
1.733685944560556536e+01
1.736468747039787175e+01
1.739251549519017459e+01
1.742034351998247743e+01
1.744817154477478383e+01
1.747599956956708667e+01
1.750382759435939306e+01
1.753165561915169235e+01
1.755948364394399874e+01
1.758731166873630514e+01
1.761513969352860798e+01
1.764296771832091437e+01
1.767079574311321721e+01
1.769862376790552005e+01
1.772645179269782290e+01
1.775427981749012929e+01
1.778210784228243568e+01
1.780993586707473852e+01
1.783776389186704492e+01
1.786559191665934421e+01
1.789341994145165060e+01
1.792124796624395344e+01
1.794907599103625984e+01
1.797690401582856623e+01
1.800473204062086907e+01
1.803256006541317191e+01
1.806038809020547475e+01
1.808821611499778115e+01
1.811604413979008399e+01
1.814387216458239038e+01
1.817170018937469322e+01
1.819952821416699607e+01
1.822735623895930246e+01
1.825518426375160530e+01
1.828301228854391169e+01
1.831084031333621454e+01
1.833866833812851738e+01
1.836649636292082377e+01
1.839432438771312661e+01
1.842215241250543301e+01
1.844998043729773585e+01
1.847780846209004224e+01
1.850563648688234508e+01
1.853346451167464792e+01
1.856129253646695432e+01
1.858912056125925716e+01
1.861694858605156355e+01
1.864477661084386639e+01
1.867260463563616923e+01
1.870043266042847563e+01
1.872826068522077847e+01
1.875608871001308486e+01
1.878391673480538770e+01
1.881174475959769055e+01
1.883957278438999694e+01
1.886740080918229978e+01
1.889522883397460618e+01
1.892305685876690902e+01
1.895088488355921541e+01
1.897871290835151825e+01
1.900654093314382109e+01
1.903436895793612749e+01
1.906219698272843033e+01
1.909002500752073672e+01
1.911785303231303956e+01
1.914568105710534240e+01
1.917350908189764880e+01
1.920133710668995164e+01
1.922916513148225803e+01
1.925699315627456087e+01
1.928482118106686727e+01
1.931264920585916656e+01
1.934047723065147295e+01
1.936830525544377934e+01
1.939613328023608219e+01
1.942396130502838858e+01
1.945178932982068787e+01
1.947961735461299426e+01
1.950744537940529710e+01
1.953527340419760350e+01
1.956310142898990989e+01
1.959092945378221273e+01
1.961875747857451557e+01
1.964658550336681841e+01
1.967441352815912481e+01
1.970224155295142765e+01
1.973006957774373404e+01
1.975789760253604044e+01
1.978572562732833973e+01
1.981355365212064612e+01
1.984138167691294896e+01
1.986920970170525536e+01
1.989703772649755820e+01
1.992486575128986459e+01
1.995269377608216743e+01
1.998052180087447027e+01
2.000834982566677667e+01
2.003617785045907951e+01
2.006400587525138590e+01
2.009183390004368874e+01
2.011966192483599158e+01
2.014748994962829798e+01
2.017531797442060082e+01
2.020314599921290721e+01
2.023097402400521005e+01
2.025880204879751290e+01
2.028663007358981929e+01
2.031445809838212213e+01
2.034228612317442852e+01
2.037011414796673137e+01
2.039794217275903776e+01
2.042577019755134060e+01
2.045359822234364344e+01
2.048142624713594984e+01
2.050925427192825268e+01
2.053708229672055907e+01
2.056491032151286191e+01
2.059273834630516831e+01
2.062056637109747115e+01
2.064839439588977754e+01
2.067622242068208038e+01
2.070405044547438678e+01
2.073187847026668607e+01
2.075970649505899246e+01
2.078753451985129530e+01
2.081536254464360169e+01
2.084319056943590454e+01
2.087101859422821093e+01
2.089884661902051377e+01
2.092667464381282016e+01
2.095450266860512301e+01
2.098233069339742940e+01
2.101015871818973224e+01
2.103798674298203863e+01
2.106581476777433792e+01
2.109364279256664076e+01
2.112147081735894716e+01
2.114929884215125355e+01
2.117712686694355639e+01
2.120495489173586279e+01
2.123278291652816563e+01
2.126061094132047202e+01
2.128843896611277486e+01
2.131626699090508126e+01
2.134409501569738410e+01
2.137192304048968339e+01
2.139975106528198978e+01
2.142757909007429262e+01
2.145540711486659902e+01
2.148323513965890186e+01
2.151106316445120825e+01
2.153889118924351465e+01
2.156671921403581749e+01
2.159454723882812388e+01
2.162237526362042672e+01
2.165020328841273312e+01
2.167803131320503596e+01
2.170585933799733525e+01
2.173368736278964164e+01
2.176151538758194448e+01
2.178934341237425087e+01
2.181717143716655372e+01
2.184499946195886011e+01
2.187282748675116295e+01
2.190065551154346934e+01
2.192848353633577574e+01
2.195631156112807858e+01
2.198413958592038497e+01
2.201196761071268782e+01
2.203979563550498710e+01
2.206762366029729350e+01
2.209545168508959634e+01
2.212327970988190273e+01
2.215110773467420557e+01
2.217893575946651197e+01
2.220676378425881481e+01
2.223459180905112120e+01
2.226241983384342404e+01
2.229024785863573044e+01
2.231807588342803683e+01
2.234590390822033612e+01
2.237373193301263896e+01
2.240155995780494536e+01
2.242938798259724820e+01
2.245721600738955459e+01
2.248504403218185743e+01
2.251287205697416383e+01
2.254070008176646667e+01
2.256852810655877306e+01
2.259635613135107590e+01
2.262418415614338230e+01
2.265201218093568514e+01
2.267984020572798443e+01
2.270766823052029082e+01
2.273549625531259721e+01
2.276332428010490005e+01
2.279115230489720645e+01
2.281898032968950929e+01
2.284680835448181568e+01
2.287463637927411853e+01
2.290246440406642492e+01
2.293029242885872776e+01
2.295812045365103415e+01
2.298594847844333344e+01
2.301377650323563628e+01
2.304160452802794268e+01
2.306943255282024552e+01
2.309726057761255191e+01
2.312508860240485831e+01
2.315291662719716115e+01
2.318074465198946754e+01
2.320857267678177038e+01
2.323640070157407678e+01
2.326422872636637962e+01
2.329205675115868601e+01
2.331988477595098530e+01
2.334771280074328814e+01
2.337554082553559454e+01
2.340336885032789738e+01
2.343119687512020377e+01
2.345902489991250661e+01
2.348685292470481301e+01
2.351468094949711940e+01
2.354250897428942224e+01
2.357033699908172864e+01
2.359816502387403148e+01
2.362599304866633076e+01
2.365382107345863716e+01
2.368164909825094000e+01
2.370947712304324639e+01
2.373730514783554923e+01
2.376513317262785563e+01
2.379296119742015847e+01
2.382078922221246486e+01
2.384861724700476771e+01
2.387644527179707410e+01
2.390427329658937694e+01
2.393210132138168333e+01
2.395992934617398262e+01
2.398775737096628902e+01
2.401558539575859186e+01
2.404341342055089825e+01
2.407124144534320109e+01
2.409906947013550749e+01
2.412689749492781033e+01
2.415472551972011672e+01
2.418255354451241956e+01
2.421038156930472596e+01
2.423820959409702880e+01
2.426603761888932809e+01
2.429386564368163448e+01
2.432169366847394087e+01
2.434952169326624372e+01
2.437734971805855011e+01
2.440517774285085295e+01
2.443300576764315934e+01
2.446083379243546219e+01
2.448866181722776858e+01
2.451648984202006787e+01
2.454431786681237071e+01
2.457214589160467710e+01
2.459997391639697994e+01
2.462780194118928634e+01
2.465562996598158918e+01
2.468345799077389557e+01
2.471128601556619842e+01
2.473911404035850481e+01
2.476694206515081120e+01
2.479477008994311404e+01
2.482259811473541333e+01
2.485042613952771973e+01
2.487825416432002257e+01
2.490608218911232896e+01
2.493391021390463180e+01
2.496173823869693820e+01
2.498956626348924104e+01
2.501739428828154743e+01
2.504522231307385027e+01
2.507305033786615667e+01
2.510087836265845951e+01
2.512870638745076590e+01
2.515653441224306519e+01
2.518436243703537158e+01
2.521219046182767443e+01
2.524001848661998082e+01
2.526784651141228366e+01
2.529567453620459005e+01
2.532350256099689290e+01
2.535133058578919929e+01
2.537915861058150213e+01
2.540698663537380853e+01
2.543481466016611137e+01
2.546264268495841065e+01
2.549047070975071705e+01
2.551829873454302344e+01
2.554612675933532628e+01
2.557395478412763268e+01
2.560178280891993552e+01
2.562961083371224191e+01
2.565743885850454475e+01
2.568526688329685115e+01
2.571309490808915399e+01
2.574092293288146038e+01
2.576875095767376322e+01
2.579657898246606251e+01
2.582440700725836891e+01
2.585223503205067175e+01
2.588006305684297814e+01
2.590789108163528098e+01
2.593571910642758738e+01
2.596354713121989377e+01
2.599137515601219661e+01
2.601920318080450301e+01
2.604703120559680585e+01
2.607485923038911224e+01
2.610268725518141153e+01
2.613051527997371437e+01
2.615834330476602076e+01
2.618617132955832361e+01
2.621399935435063000e+01
2.624182737914293284e+01
2.626965540393523924e+01
2.629748342872754208e+01
2.632531145351984847e+01
2.635313947831215486e+01
2.638096750310445771e+01
2.640879552789676410e+01
2.643662355268906339e+01
2.646445157748136623e+01
2.649227960227367262e+01
2.652010762706597546e+01
2.654793565185828186e+01
2.657576367665058470e+01
2.660359170144289109e+01
2.663141972623519393e+01
2.665924775102750033e+01
2.668707577581980317e+01
2.671490380061210956e+01
2.674273182540440885e+01
2.677055985019671525e+01
2.679838787498901809e+01
2.682621589978132448e+01
2.685404392457362732e+01
2.688187194936593372e+01
2.690969997415823656e+01
2.693752799895054295e+01
2.696535602374284579e+01
2.699318404853515219e+01
2.702101207332745503e+01
2.704884009811976142e+01
2.707666812291206071e+01
2.710449614770436355e+01
2.713232417249666995e+01
2.716015219728897634e+01
2.718798022208127918e+01
2.721580824687358557e+01
2.724363627166588842e+01
2.727146429645819481e+01
2.729929232125049765e+01
2.732712034604280404e+01
2.735494837083510689e+01
2.738277639562740617e+01
2.741060442041971257e+01
2.743843244521201541e+01
2.746626047000432180e+01
2.749408849479662464e+01
2.752191651958893104e+01
2.754974454438123743e+01
2.757757256917354027e+01
2.760540059396584667e+01
2.763322861875814951e+01
2.766105664355045590e+01
2.768888466834275874e+01
2.771671269313505803e+01
2.774454071792736443e+01
2.777236874271966727e+01
2.780019676751197366e+01
