0.000000000000000000e+00
2.120982183887232600e-02
4.241964367774465200e-02
6.362946551661710637e-02
8.483928735548944278e-02
1.060491091943617653e-01
1.272589310332341017e-01
1.484687528721064242e-01
1.696785747109788856e-01
1.908883965498510693e-01
2.120982183887235306e-01
2.333080402275959919e-01
2.545178620664682034e-01
2.757276839053406370e-01
2.969375057442130705e-01
3.181473275830852820e-01
3.393571494219577711e-01
3.605669712608299271e-01
3.817767930997024162e-01
4.029866149385746277e-01
4.241964367774470612e-01
4.454062586163194948e-01
4.666160804551917063e-01
4.878259022940641954e-01
5.090357241329366289e-01
5.302455459718088404e-01
5.514553678106812740e-01
5.726651896495537075e-01
5.938750114884259190e-01
6.150848333272981305e-01
6.362946551661708972e-01
6.575044770050429976e-01
6.787142988439152091e-01
6.999241206827877537e-01
7.211339425216601873e-01
7.423437643605323988e-01
7.635535861994048323e-01
7.847634080382772659e-01
8.059732298771494774e-01
8.271830517160219109e-01
8.483928735548943445e-01
8.696026953937665560e-01
8.908125172326387675e-01
9.120223390715112011e-01
9.332321609103837456e-01
9.544419827492558461e-01
9.756518045881283907e-01
9.968616264270008243e-01
1.018071448265873036e+00
1.039281270104745358e+00
1.060491091943617903e+00
1.081700913782490003e+00
1.102910735621362326e+00
1.124120557460235093e+00
1.145330379299107193e+00
1.166540201137979738e+00
1.187750022976851838e+00
1.208959844815724383e+00
1.230169666654596483e+00
1.251379488493469028e+00
1.272589310332341350e+00
1.293799132171213673e+00
1.315008954010086439e+00
1.336218775848958096e+00
1.357428597687830862e+00
1.378638419526703407e+00
1.399848241365575063e+00
1.421058063204447830e+00
1.442267885043320153e+00
1.463477706882192253e+00
1.484687528721065020e+00
1.505897350559937120e+00
1.527107172398809443e+00
1.548316994237681987e+00
1.569526816076554310e+00
1.590736637915426410e+00
1.611946459754299177e+00
1.633156281593171499e+00
1.654366103432043600e+00
1.675575925270916366e+00
1.696785747109788467e+00
1.717995568948660789e+00
1.739205390787533334e+00
1.760415212626405657e+00
1.781625034465277757e+00
1.802834856304150524e+00
1.824044678143022180e+00
1.845254499981894947e+00
1.866464321820767713e+00
1.887674143659639370e+00
1.908883965498512136e+00
1.930093787337384237e+00
1.951303609176256337e+00
1.972513431015129104e+00
1.993723252854001426e+00
2.014933074692873749e+00
2.036142896531746072e+00
2.057352718370618394e+00
2.078562540209490717e+00
2.099772362048363483e+00
2.120982183887235362e+00
2.142192005726107684e+00
2.163401827564980451e+00
2.184611649403852773e+00
2.205821471242725096e+00
2.227031293081597418e+00
2.248241114920469741e+00
2.269450936759342063e+00
2.290660758598214830e+00
2.311870580437086709e+00
2.333080402275959475e+00
2.354290224114832242e+00
2.375500045953703676e+00
2.396709867792576443e+00
2.417919689631449209e+00
2.439129511470321088e+00
2.460339333309193410e+00
2.481549155148066177e+00
2.502758976986938055e+00
2.523968798825810822e+00
2.545178620664683589e+00
2.566388442503555023e+00
2.587598264342427790e+00
2.608808086181299668e+00
2.630017908020171991e+00
2.651227729859044757e+00
2.672437551697916636e+00
2.693647373536789402e+00
2.714857195375662169e+00
2.736067017214533603e+00
2.757276839053406370e+00
2.778486660892279136e+00
2.799696482731151015e+00
2.820906304570023337e+00
2.842116126408896104e+00
2.863325948247767982e+00
2.884535770086640749e+00
2.905745591925513516e+00
2.926955413764384950e+00
2.948165235603257717e+00
2.969375057442130483e+00
2.990584879281002362e+00
3.011794701119874684e+00
3.033004522958747451e+00
3.054214344797619329e+00
3.075424166636492096e+00
3.096633988475363530e+00
3.117843810314236297e+00
3.139053632153109064e+00
3.160263453991980942e+00
3.181473275830853265e+00
3.202683097669726031e+00
3.223892919508597910e+00
3.245102741347470676e+00
3.266312563186343443e+00
3.287522385025214877e+00
3.308732206864087644e+00
3.329942028702960410e+00
3.351151850541832289e+00
3.372361672380704611e+00
3.393571494219577378e+00
3.414781316058449256e+00
3.435991137897322023e+00
3.457200959736194790e+00
3.478410781575066224e+00
3.499620603413938991e+00
3.520830425252811757e+00
3.542040247091683636e+00
3.563250068930555958e+00
3.584459890769427837e+00
3.605669712608300603e+00
3.626879534447173370e+00
3.648089356286044804e+00
3.669299178124917571e+00
3.690508999963790338e+00
3.711718821802662216e+00
3.732928643641534983e+00
3.754138465480407305e+00
3.775348287319279184e+00
3.796558109158151950e+00
3.817767930997024717e+00
3.838977752835896151e+00
3.860187574674768918e+00
3.881397396513641684e+00
3.902607218352513563e+00
3.923817040191385885e+00
3.945026862030258652e+00
3.966236683869130530e+00
3.987446505708003297e+00
4.008656327546876064e+00
4.029866149385747498e+00
4.051075971224620709e+00
4.072285793063492143e+00
4.093495614902364466e+00
4.114705436741237676e+00
4.135915258580109111e+00
4.157125080418981433e+00
4.178334902257854644e+00
4.199544724096726078e+00
4.220754545935599289e+00
4.241964367774471611e+00
4.263174189613343046e+00
4.284384011452216257e+00
4.305593833291088579e+00
4.326803655129960013e+00
4.348013476968833224e+00
4.369223298807705547e+00
4.390433120646577869e+00
4.411642942485450192e+00
4.432852764324323402e+00
4.454062586163194837e+00
4.475272408002067159e+00
4.496482229840940370e+00
4.517692051679811804e+00
4.538901873518684127e+00
4.560111695357557338e+00
4.581321517196428772e+00
4.602531339035301983e+00
4.623741160874173417e+00
4.644950982713045740e+00
4.666160804551918950e+00
4.687370626390790385e+00
4.708580448229662707e+00
4.729790270068535030e+00
4.751000091907407352e+00
4.772209913746280563e+00
4.793419735585151997e+00
4.814629557424024320e+00
4.835839379262897531e+00
4.857049201101768965e+00
4.878259022940642176e+00
4.899468844779514498e+00
4.920678666618385932e+00
4.941888488457259143e+00
4.963098310296131466e+00
4.984308132135002900e+00
5.005517953973876111e+00
5.026727775812748433e+00
5.047937597651620756e+00
5.069147419490493078e+00
5.090357241329365401e+00
5.111567063168237723e+00
5.132776885007110046e+00
5.153986706845983257e+00
5.175196528684854691e+00
5.196406350523727014e+00
5.217616172362599336e+00
5.238825994201471659e+00
5.260035816040343981e+00
5.281245637879216304e+00
5.302455459718088626e+00
5.323665281556961837e+00
5.344875103395833271e+00
5.366084925234705594e+00
5.387294747073578804e+00
5.408504568912450239e+00
5.429714390751323450e+00
5.450924212590195772e+00
5.472134034429067206e+00
5.493343856267940417e+00
5.514553678106812740e+00
5.535763499945684174e+00
5.556973321784557385e+00
5.578183143623429707e+00
5.599392965462302030e+00
5.620602787301174352e+00
5.641812609140046675e+00
5.663022430978918997e+00
5.684232252817791320e+00
5.705442074656662754e+00
5.726651896495535965e+00
5.747861718334408287e+00
5.769071540173280610e+00
5.790281362012152933e+00
5.811491183851025255e+00
5.832701005689897578e+00
5.853910827528769900e+00
5.875120649367643111e+00
5.896330471206514545e+00
5.917540293045386868e+00
5.938750114884260078e+00
5.959959936723131513e+00
5.981169758562004724e+00
6.002379580400877046e+00
6.023589402239748480e+00
6.044799224078621691e+00
6.066009045917494014e+00
6.087218867756365448e+00
6.108428689595238659e+00
6.129638511434110981e+00
6.150848333272983304e+00
6.172058155111855626e+00
6.193267976950727061e+00
6.214477798789600271e+00
6.235687620628472594e+00
6.256897442467344028e+00
6.278107264306217239e+00
6.299317086145089561e+00
6.320526907983961884e+00
6.341736729822834207e+00
6.362946551661706529e+00
6.384156373500578852e+00
6.405366195339451174e+00
6.426576017178324385e+00
6.447785839017195819e+00
6.468995660856068142e+00
6.490205482694941352e+00
6.511415304533812787e+00
6.532625126372685997e+00
6.553834948211558320e+00
6.575044770050429754e+00
6.596254591889302965e+00
6.617464413728175288e+00
6.638674235567046722e+00
6.659884057405919933e+00
6.681093879244791367e+00
6.702303701083664578e+00
6.723513522922536900e+00
6.744723344761408335e+00
6.765933166600281545e+00
6.787142988439153868e+00
6.808352810278025302e+00
6.829562632116898513e+00
6.850772453955770835e+00
6.871982275794643158e+00
6.893192097633515480e+00
6.914401919472388691e+00
6.935611741311260126e+00
6.956821563150132448e+00
6.978031384989005659e+00
6.999241206827877093e+00
7.020451028666749416e+00
7.041660850505622626e+00
7.062870672344494061e+00
7.084080494183367271e+00
7.105290316022239594e+00
7.126500137861111028e+00
7.147709959699984239e+00
7.168919781538855673e+00
7.190129603377727996e+00
7.211339425216601207e+00
7.232549247055472641e+00
7.253759068894345852e+00
7.274968890733218174e+00
7.296178712572089609e+00
7.317388534410962819e+00
7.338598356249835142e+00
7.359808178088706576e+00
7.381017999927579787e+00
7.402227821766452109e+00
7.423437643605324432e+00
7.444647465444196754e+00
7.465857287283069965e+00
7.487067109121941400e+00
7.508276930960813722e+00
7.529486752799686933e+00
7.550696574638558367e+00
7.571906396477430690e+00
7.593116218316303900e+00
7.614326040155175335e+00
7.635535861994048545e+00
7.656745683832919980e+00
7.677955505671792302e+00
7.699165327510665513e+00
7.720375149349536947e+00
7.741584971188409270e+00
7.762794793027282481e+00
7.784004614866153915e+00
7.805214436705027126e+00
7.826424258543899448e+00
7.847634080382770883e+00
7.868843902221644093e+00
7.890053724060516416e+00
7.911263545899387850e+00
7.932473367738261061e+00
7.953683189577133383e+00
7.974893011416005706e+00
7.996102833254878028e+00
8.017312655093750351e+00
8.038522476932621785e+00
8.059732298771494996e+00
8.080942120610368207e+00
8.102151942449239641e+00
8.123361764288112852e+00
8.144571586126984286e+00
8.165781407965857497e+00
8.186991229804728931e+00
8.208201051643600366e+00
8.229410873482473576e+00
8.250620695321346787e+00
8.271830517160219998e+00
8.293040338999091432e+00
8.314250160837964643e+00
8.335459982676836077e+00
8.356669804515707511e+00
8.377879626354580722e+00
8.399089448193453933e+00
8.420299270032325367e+00
8.441509091871198578e+00
8.462718913710070012e+00
8.483928735548941447e+00
8.505138557387814657e+00
8.526348379226687868e+00
8.547558201065561079e+00
8.568768022904432513e+00
8.589977844743303947e+00
8.611187666582177158e+00
8.632397488421048592e+00
8.653607310259921803e+00
8.674817132098795014e+00
8.696026953937664672e+00
8.717236775776537883e+00
8.738446597615411093e+00
8.759656419454284304e+00
8.780866241293155738e+00
8.802076063132028949e+00
8.823285884970900383e+00
8.844495706809771818e+00
8.865705528648645029e+00
8.886915350487518239e+00
8.908125172326389674e+00
8.929334994165262884e+00
8.950544816004134319e+00
8.971754637843005753e+00
8.992964459681878964e+00
9.014174281520752174e+00
9.035384103359625385e+00
9.056593925198496819e+00
9.077803747037368254e+00
9.099013568876241465e+00
9.120223390715112899e+00
9.141433212553986110e+00
9.162643034392859320e+00
9.183852856231728978e+00
9.205062678070602189e+00
9.226272499909475400e+00
9.247482321748346834e+00
9.268692143587220045e+00
9.289901965426091479e+00
9.311111787264964690e+00
9.332321609103837901e+00
9.353531430942707559e+00
9.374741252781580769e+00
9.395951074620453980e+00
9.417160896459325414e+00
9.438370718298198625e+00
9.459580540137070059e+00
9.480790361975941494e+00
9.502000183814814704e+00
9.523210005653687915e+00
9.544419827492561126e+00
9.565629649331432560e+00
9.586839471170303995e+00
9.608049293009177205e+00
9.629259114848048640e+00
9.650468936686921850e+00
9.671678758525795061e+00
9.692888580364666495e+00
9.714098402203537930e+00
9.735308224042411140e+00
9.756518045881284351e+00
9.777727867720155785e+00
9.798937689559028996e+00
9.820147511397902207e+00
9.841357333236771865e+00
9.862567155075645076e+00
9.883776976914518286e+00
9.904986798753389721e+00
9.926196620592262931e+00
9.947406442431134366e+00
9.968616264270005800e+00
9.989826086108879011e+00
1.001103590794775222e+01
1.003224572978662543e+01
1.005345555162549687e+01
1.007466537346436830e+01
1.009587519530324151e+01
1.011708501714211295e+01
1.013829483898098616e+01
1.015950466081985937e+01
1.018071448265873080e+01
1.020192430449760224e+01
1.022313412633647545e+01
1.024434394817534688e+01
1.026555377001422009e+01
1.028676359185309330e+01
1.030797341369196651e+01
1.032918323553083617e+01
1.035039305736970938e+01
1.037160287920858259e+01
1.039281270104745403e+01
1.041402252288632724e+01
1.043523234472519867e+01
1.045644216656407011e+01
1.047765198840294332e+01
1.049886181024181653e+01
1.052007163208068796e+01
1.054128145391956117e+01
1.056249127575843261e+01
1.058370109759730404e+01
1.060491091943617725e+01
1.062612074127505046e+01
1.064733056311392367e+01
1.066854038495279511e+01
1.068975020679166654e+01
1.071096002863053975e+01
1.073216985046941119e+01
1.075337967230828440e+01
1.077458949414715761e+01
1.079579931598603082e+01
1.081700913782490048e+01
1.083821895966377369e+01
1.085942878150264690e+01
1.088063860334151833e+01
1.090184842518039154e+01
1.092305824701926298e+01
1.094426806885813441e+01
1.096547789069700762e+01
1.098668771253588083e+01
1.100789753437475227e+01
1.102910735621362548e+01
1.105031717805249691e+01
1.107152699989136835e+01
1.109273682173024156e+01
1.111394664356911477e+01
1.113515646540798798e+01
1.115636628724685941e+01
1.117757610908573085e+01
1.119878593092460406e+01
1.121999575276347549e+01
1.124120557460234870e+01
1.126241539644122192e+01
1.128362521828009335e+01
1.130483504011896478e+01
1.132604486195783799e+01
1.134725468379670943e+01
1.136846450563558264e+01
1.138967432747445585e+01
1.141088414931332551e+01
1.143209397115219872e+01
1.145330379299107193e+01
1.147451361482994514e+01
1.149572343666881657e+01
1.151693325850768979e+01
1.153814308034656122e+01
1.155935290218543265e+01
1.158056272402430587e+01
1.160177254586317908e+01
1.162298236770205051e+01
1.164419218954092372e+01
1.166540201137979516e+01
1.168661183321866659e+01
1.170782165505753980e+01
1.172903147689641301e+01
1.175024129873528622e+01
1.177145112057415766e+01
1.179266094241302909e+01
1.181387076425190230e+01
1.183508058609077374e+01
1.185629040792964695e+01
1.187750022976852016e+01
1.189871005160738981e+01
1.191991987344626303e+01
1.194112969528513624e+01
1.196233951712400945e+01
1.198354933896288088e+01
1.200475916080175409e+01
1.202596898264062553e+01
1.204717880447949696e+01
1.206838862631837017e+01
1.208959844815724338e+01
1.211080826999611482e+01
1.213201809183498803e+01
1.215322791367385946e+01
1.217443773551273090e+01
1.219564755735160411e+01
1.221685737919047732e+01
1.223806720102935053e+01
1.225927702286822196e+01
1.228048684470709340e+01
1.230169666654596661e+01
1.232290648838483804e+01
1.234411631022371125e+01
1.236532613206258446e+01
1.238653595390145412e+01
1.240774577574032733e+01
1.242895559757920054e+01
1.245016541941807198e+01
1.247137524125694519e+01
1.249258506309581840e+01
1.251379488493468806e+01
1.253500470677356127e+01
1.255621452861243448e+01
1.257742435045130769e+01
1.259863417229017912e+01
1.261984399412905233e+01
1.264105381596792377e+01
1.266226363780679520e+01
1.268347345964566841e+01
1.270468328148454162e+01
1.272589310332341306e+01
1.274710292516228627e+01
1.276831274700115770e+01
1.278952256884002914e+01
1.281073239067890235e+01
1.283194221251777556e+01
1.285315203435664877e+01
1.287436185619551843e+01
1.289557167803439164e+01
1.291678149987326485e+01
1.293799132171213628e+01
1.295920114355100949e+01
1.298041096538988270e+01
1.300162078722875236e+01
1.302283060906762557e+01
1.304404043090649878e+01
1.306525025274537199e+01
1.308646007458424343e+01
1.310766989642311664e+01
1.312887971826198807e+01
1.315008954010085951e+01
1.317129936193973272e+01
1.319250918377860593e+01
1.321371900561747736e+01
1.323492882745635058e+01
1.325613864929522201e+01
1.327734847113409344e+01
1.329855829297296665e+01
1.331976811481183987e+01
1.334097793665071308e+01
1.336218775848958273e+01
1.338339758032845594e+01
1.340460740216732916e+01
1.342581722400620059e+01
1.344702704584507380e+01
1.346823686768394701e+01
1.348944668952281667e+01
1.351065651136168988e+01
1.353186633320056309e+01
1.355307615503943452e+01
1.357428597687830774e+01
1.359549579871718095e+01
1.361670562055605060e+01
1.363791544239492382e+01
1.365912526423379703e+01
1.368033508607267024e+01
1.370154490791154167e+01
1.372275472975041488e+01
1.374396455158928632e+01
1.376517437342815775e+01
1.378638419526703096e+01
1.380759401710590417e+01
1.382880383894477738e+01
1.385001366078364704e+01
1.387122348262252025e+01
1.389243330446139346e+01
1.391364312630026490e+01
1.393485294813913811e+01
1.395606276997801132e+01
1.397727259181688098e+01
1.399848241365575419e+01
1.401969223549462740e+01
1.404090205733349883e+01
1.406211187917237204e+01
1.408332170101124525e+01
1.410453152285011491e+01
1.412574134468898812e+01
1.414695116652786133e+01
1.416816098836673454e+01
1.418937081020560598e+01
1.421058063204447919e+01
1.423179045388335062e+01
1.425300027572222206e+01
1.427421009756109527e+01
1.429541991939996848e+01
1.431662974123883991e+01
1.433783956307771135e+01
1.435904938491658456e+01
1.438025920675545599e+01
1.440146902859432920e+01
1.442267885043320241e+01
1.444388867227207562e+01
1.446509849411094528e+01
1.448630831594981849e+01
1.450751813778869170e+01
1.452872795962756314e+01
1.454993778146643635e+01
1.457114760330530956e+01
1.459235742514417922e+01
1.461356724698305243e+01
1.463477706882192564e+01
1.465598689066079707e+01
1.467719671249967028e+01
1.469840653433854349e+01
1.471961635617741315e+01
1.474082617801628636e+01
1.476203599985515957e+01
1.478324582169403278e+01
1.480445564353290422e+01
1.482566546537177565e+01
1.484687528721064886e+01
1.486808510904952030e+01
1.488929493088839351e+01
1.491050475272726672e+01
1.493171457456613993e+01
1.495292439640500959e+01
1.497413421824388280e+01
1.499534404008275601e+01
1.501655386192162744e+01
1.503776368376050065e+01
1.505897350559937387e+01
1.508018332743824352e+01
1.510139314927711673e+01
1.512260297111598994e+01
1.514381279295486138e+01
1.516502261479373459e+01
1.518623243663260780e+01
1.520744225847147746e+01
1.522865208031035067e+01
1.524986190214922388e+01
1.527107172398809709e+01
1.529228154582696853e+01
1.531349136766583996e+01
1.533470118950471317e+01
1.535591101134358460e+01
1.537712083318245782e+01
1.539833065502133103e+01
1.541954047686020246e+01
1.544075029869907389e+01
1.546196012053794711e+01
1.548316994237681854e+01
1.550437976421569175e+01
1.552558958605456496e+01
1.554679940789343817e+01
1.556800922973230783e+01
1.558921905157118104e+01
1.561042887341005425e+01
1.563163869524892569e+01
1.565284851708779890e+01
1.567405833892667211e+01
1.569526816076554177e+01
1.571647798260441498e+01
1.573768780444328819e+01
1.575889762628215962e+01
1.578010744812103283e+01
1.580131726995990427e+01
1.582252709179877570e+01
1.584373691363764891e+01
1.586494673547652212e+01
1.588615655731539533e+01
1.590736637915426677e+01
1.592857620099313820e+01
1.594978602283201141e+01
1.597099584467088285e+01
1.599220566650975606e+01
1.601341548834862749e+01
1.603462531018750070e+01
1.605583513202637391e+01
1.607704495386524357e+01
1.609825477570411678e+01
1.611946459754298999e+01
1.614067441938186320e+01
1.616188424122073641e+01
1.618309406305960607e+01
1.620430388489847928e+01
1.622551370673735249e+01
1.624672352857622570e+01
1.626793335041509891e+01
1.628914317225396857e+01
1.631035299409284178e+01
1.633156281593171499e+01
1.635277263777058465e+01
1.637398245960945786e+01
1.639519228144833107e+01
1.641640210328720073e+01
1.643761192512607394e+01
1.645882174696494715e+01
1.648003156880382036e+01
1.650124139064269357e+01
1.652245121248156678e+01
1.654366103432043644e+01
1.656487085615930965e+01
1.658608067799818286e+01
1.660729049983705607e+01
1.662850032167592573e+01
1.664971014351479894e+01
1.667091996535367215e+01
1.669212978719254181e+01
1.671333960903141502e+01
1.673454943087028823e+01
1.675575925270916144e+01
1.677696907454803465e+01
1.679817889638690431e+01
1.681938871822577752e+01
1.684059854006465073e+01
1.686180836190352395e+01
1.688301818374239716e+01
1.690422800558126681e+01
1.692543782742014002e+01
1.694664764925901324e+01
1.696785747109788289e+01
1.698906729293675610e+01
1.701027711477562931e+01
1.703148693661449897e+01
1.705269675845337218e+01
1.707390658029224539e+01
1.709511640213111860e+01
1.711632622396999182e+01
1.713753604580886503e+01
1.715874586764773468e+01
1.717995568948660789e+01
1.720116551132548111e+01
1.722237533316435432e+01
1.724358515500322397e+01
1.726479497684209718e+01
1.728600479868097040e+01
1.730721462051984005e+01
1.732842444235871326e+01
1.734963426419758648e+01
1.737084408603645969e+01
1.739205390787532934e+01
1.741326372971420255e+01
1.743447355155307577e+01
1.745568337339194898e+01
1.747689319523082219e+01
1.749810301706969540e+01
1.751931283890856150e+01
1.754052266074743471e+01
1.756173248258630792e+01
1.758294230442518113e+01
1.760415212626405435e+01
1.762536194810292756e+01
1.764657176994180077e+01
1.766778159178067042e+01
1.768899141361954364e+01
1.771020123545841685e+01
1.773141105729729006e+01
1.775262087913616327e+01
1.777383070097503293e+01
1.779504052281390258e+01
1.781625034465277579e+01
1.783746016649164901e+01
1.785866998833052222e+01
1.787987981016939543e+01
1.790108963200826864e+01
1.792229945384714185e+01
1.794350927568601151e+01
1.796471909752488472e+01
1.798592891936375793e+01
1.800713874120262759e+01
1.802834856304150080e+01
1.804955838488037401e+01
1.807076820671924366e+01
1.809197802855811688e+01
1.811318785039699009e+01
1.813439767223586330e+01
1.815560749407473651e+01
1.817681731591360972e+01
1.819802713775248293e+01
1.821923695959135259e+01
1.824044678143022580e+01
1.826165660326909546e+01
1.828286642510796867e+01
1.830407624694684188e+01
1.832528606878571509e+01
1.834649589062458475e+01
1.836770571246345796e+01
1.838891553430233117e+01
1.841012535614120438e+01
1.843133517798007759e+01
1.845254499981895080e+01
1.847375482165782401e+01
1.849496464349669367e+01
1.851617446533556688e+01
1.853738428717444009e+01
1.855859410901330975e+01
1.857980393085218296e+01
1.860101375269105617e+01
1.862222357452992938e+01
1.864343339636880259e+01
1.866464321820767580e+01
1.868585304004654191e+01
1.870706286188541512e+01
1.872827268372428833e+01
1.874948250556316154e+01
1.877069232740203475e+01
1.879190214924090796e+01
1.881311197107978117e+01
1.883432179291865083e+01
1.885553161475752404e+01
1.887674143659639725e+01
1.889795125843527046e+01
1.891916108027414012e+01
1.894037090211301333e+01
1.896158072395188299e+01
1.898279054579075620e+01
1.900400036762962941e+01
1.902521018946850262e+01
1.904642001130737583e+01
1.906762983314624904e+01
1.908883965498512225e+01
1.911004947682399191e+01
1.913125929866286512e+01
1.915246912050173833e+01
1.917367894234060799e+01
1.919488876417948120e+01
1.921609858601835441e+01
1.923730840785722407e+01
1.925851822969609728e+01
1.927972805153497049e+01
1.930093787337384370e+01
1.932214769521271691e+01
1.934335751705159012e+01
1.936456733889046333e+01
1.938577716072933299e+01
1.940698698256820265e+01
1.942819680440707586e+01
1.944940662624594907e+01
1.947061644808482228e+01
1.949182626992369549e+01
1.951303609176256870e+01
1.953424591360143836e+01
1.955545573544031157e+01
1.957666555727918478e+01
1.959787537911805799e+01
1.961908520095693120e+01
1.964029502279580441e+01
1.966150484463467052e+01
1.968271466647354373e+01
1.970392448831241694e+01
1.972513431015129015e+01
1.974634413199016336e+01
1.976755395382903657e+01
1.978876377566790978e+01
1.980997359750677944e+01
1.983118341934565265e+01
1.985239324118452586e+01
1.987360306302339907e+01
1.989481288486226873e+01
1.991602270670114194e+01
1.993723252854001160e+01
1.995844235037888481e+01
1.997965217221775802e+01
2.000086199405663123e+01
2.002207181589550444e+01
2.004328163773437765e+01
2.006449145957325086e+01
2.008570128141212052e+01
2.010691110325099373e+01
2.012812092508986694e+01
2.014933074692873660e+01
2.017054056876760981e+01
2.019175039060648302e+01
2.021296021244535268e+01
2.023417003428422589e+01
2.025537985612309910e+01
2.027658967796197231e+01
2.029779949980084552e+01
2.031900932163971873e+01
2.034021914347859195e+01
2.036142896531746160e+01
2.038263878715633126e+01
2.040384860899520447e+01
2.042505843083407768e+01
2.044626825267295089e+01
2.046747807451182410e+01
2.048868789635069376e+01
2.050989771818956697e+01
2.053110754002844018e+01
2.055231736186731339e+01
2.057352718370618661e+01
2.059473700554505982e+01
2.061594682738393303e+01
2.063715664922279913e+01
2.065836647106167234e+01
2.067957629290054555e+01
2.070078611473941876e+01
2.072199593657829197e+01
2.074320575841716519e+01
2.076441558025603484e+01
2.078562540209490805e+01
2.080683522393378126e+01
2.082804504577265448e+01
2.084925486761152769e+01
2.087046468945039734e+01
2.089167451128926700e+01
2.091288433312814021e+01
2.093409415496701342e+01
2.095530397680588663e+01
2.097651379864475985e+01
2.099772362048363306e+01
2.101893344232250627e+01
2.104014326416137592e+01
2.106135308600024914e+01
2.108256290783912235e+01
2.110377272967799556e+01
2.112498255151686521e+01
2.114619237335573843e+01
2.116740219519460808e+01
2.118861201703348129e+01
