3.832987654320987522e-03
2.963924307220820384e-02
6.039582711227548667e-02
1.041638338587093926e-01
5.363706205895884399e-02
3.147557271895197462e-02
9.328828840759298066e-03
1.397163440733270937e-03
3.101408602536526692e-03
3.571385001912090115e-03
3.016670015066742934e-03
7.850159799165358455e-04
2.997796514996645101e-04
6.488484072437746648e-04
2.554528728279445364e-05
1.648619460866457232e-03
1.929535067130989153e-03
2.321588103830325657e-04
4.016315197769428991e-04
7.584060786818214639e-04
7.731400483898008612e-05
4.370814215242943904e-04
1.050705854345557059e-03
4.410896621789808097e-03
2.964843758815360365e-04
9.064605273877789473e-04
6.045861957091362628e-05
4.359468979737971981e-04
1.231171124192038252e-03
1.610101780598529729e-05
1.101003381201562641e-03
8.295209102619791953e-05
4.447527305586148781e-04
1.892905102334102195e-03
6.461202659434501019e-03
6.320987654320121303e-06
