0.000000000000000000e+00
6.053889147723849895e-01
1.210777829544770201e+00
1.816166744317155191e+00
2.421555659089539958e+00
3.026944573861925392e+00
3.632333488634310825e+00
4.237722403406696259e+00
4.843111318179081692e+00
5.448500232951466238e+00
6.053889147723851671e+00
6.659278062496237105e+00
7.264666977268621650e+00
7.870055892041007084e+00
8.475444806813392518e+00
9.080833721585777951e+00
9.686222636358159832e+00
1.029161155113054527e+01
1.089700046590293070e+01
1.150238938067531613e+01
1.210777829544770157e+01
1.271316721022008522e+01
1.331855612499247066e+01
1.392394503976485609e+01
1.452933395453724152e+01
1.513472286930962696e+01
1.574011178408201062e+01
1.634550069885439783e+01
1.695088961362678148e+01
1.755627852839916869e+01
1.816166744317155235e+01
1.876705635794393956e+01
1.937244527271632677e+01
1.997783418748871043e+01
2.058322310226109764e+01
2.118861201703348129e+01
