0.000000000000000000e+00
5.518583539641797042e-05
2.206460168044918136e-04
4.960887710472800579e-04
8.810284795341681878e-04
1.374786681590656331e-03
1.976493475691475099e-03
2.685089315180630171e-03
3.499327194101443678e-03
4.417775217813302638e-03
5.438819552138391550e-03
6.560667743867332376e-03
7.781352404558285370e-03
9.098735248691538005e-03
1.051051147639429223e-02
1.201421449013205175e-02
1.360722093397200017e-02
1.528675604326387542e-02
1.704989929186494918e-02
1.889359032333951319e-02
2.081463515192004399e-02
2.280971261839917150e-02
2.487538108555464519e-02
2.700808535718239936e-02
2.920416380432329026e-02
3.145985568183503472e-02
3.377130861806417611e-02
3.613458626002774565e-02
3.854567605621542908e-02
4.100049715887058716e-02
4.349490842741258328e-02
4.602471651449813184e-02
4.858568401613524296e-02
5.117353766718857333e-02
5.378397656362566420e-02
5.641268039289092789e-02
5.905531765388987581e-02
6.170755384820389433e-02
6.436505962434760364e-02
6.702351885711245461e-02
6.967863664432724646e-02
7.232614720367792904e-02
7.496182165260716068e-02
7.758147565473400009e-02
8.018097691664541338e-02
8.275625251945653571e-02
8.530329607001177483e-02
8.781817465719096716e-02
9.029703559936853863e-02
9.273611296970608875e-02
9.513173388660374485e-02
9.748032455733499080e-02
9.977841606358948956e-02
1.020226498783750879e-01
1.042097831045064732e-01
1.063366934256367163e-01
1.084003837616320104e-01
1.103979866208396332e-01
1.123267681426377285e-01
1.141841318244810471e-01
1.159676219284679205e-01
1.176749265632997948e-01
1.193038804383267371e-01
1.208524672872373501e-01
1.223188219597145104e-01
1.237012321803092618e-01
1.249981399744740929e-01
1.262081427626368102e-01
1.273299941238813793e-01
1.283626042316727833e-01
1.293050399647479864e-01
1.301565246971312928e-01
1.309164377718778360e-01
1.315843136639266164e-01
1.321598408380647849e-01
1.326428603087316804e-01
1.330333639089559261e-01
1.333314922763806643e-01
1.335375325648675005e-01
1.336519158907471250e-01
1.336752145232577571e-01
1.336081388292508221e-01
1.334515339826220504e-01
1.332063764494175462e-01
1.328737702598629389e-01
1.324549430789664084e-01
1.319512420876468584e-01
1.313641296865626362e-01
1.306951790351157938e-01
1.299460694382776060e-01
1.291185815940057713e-01
1.282145927142402941e-01
1.272360715324606373e-01
1.261850732108951989e-01
1.250637341604793340e-01
1.238742667866634534e-01
1.226189541740572431e-01
1.213001447229193480e-01
1.199202467502722969e-01
1.184817230683765099e-01
1.169870855530277948e-01
1.154388897140414399e-01
1.138397292799184224e-01
1.121922308085636644e-01
1.104990483355330344e-01
1.087628580710230525e-01
1.069863531564768239e-01
1.051722384913020697e-01
1.033232256398307625e-01
1.014420278282496674e-01
9.953135504082548379e-02
9.759390922428241855e-02
9.563237960879378274e-02
9.364943815352855250e-02
9.164773512430363089e-02
8.962989481030543548e-02
8.759851138647661850e-02
8.555614492755390932e-02
8.350531757932620758e-02
8.144850989213862913e-02
7.938815732115687973e-02
7.732664689743101727e-02
7.526631407325626300e-02
7.320943974483984373e-02
7.115824745478875613e-02
6.911490077642891416e-02
6.708150088146817847e-02
6.506008429205425991e-02
6.305262081778610639e-02
6.106101167779281330e-02
5.908708780751046469e-02
5.713260834938064386e-02
5.519925932625290715e-02
5.328865249583672470e-02
5.140232438419741617e-02
4.954173549584439673e-02
4.770826969766290421e-02
4.590323377351076400e-02
4.412785714602882048e-02
4.238329176187452529e-02
4.067061213627436861e-02
3.899081555254634707e-02
3.734482241193675528e-02
3.573347672891958454e-02
3.415754676685277269e-02
3.261772580869543026e-02
3.111463305730029563e-02
2.964881465963758664e-02
2.822074484915793394e-02
2.683082720037817739e-02
2.547939598965838492e-02
2.416671765607686373e-02
2.289299235619967829e-02
2.165835560653673816e-02
2.046288000740113452e-02
1.930657704191517804e-02
1.818939894385740441e-02
1.711124062813030797e-02
1.607194167758892178e-02
1.507128838007696855e-02
1.410901580956352465e-02
1.318480994533489416e-02
1.229830982331502065e-02
1.144910971369221715e-02
1.063676131910729940e-02
9.860775987855096777e-03
9.120626936624534609e-03
8.415751477500317893e-03
7.745553244079816761e-03
7.109404411741329990e-03
6.506647907272657128e-03
5.936599603243705725e-03
5.398550492709572150e-03
4.891768840012742856e-03
4.415502303659917492e-03
3.968980027448574220e-03
3.551414696227624731e-03
3.162004552886714653e-03
2.799935373375479330e-03
2.464382396772512186e-03
2.154512207637862119e-03
1.869484568089029410e-03
1.608454197262465090e-03
1.370572496029258923e-03
1.154989215047497316e-03
9.608540644347606137e-04
7.873182635608656907e-04
6.335360296512739225e-04
4.986660040974626434e-04
3.818726155613084202e-04
2.823273791508552660e-04
1.992101311286193952e-04
1.317101987943398197e-04
7.902750535554658128e-05
4.037360976881390026e-05
1.497268169480750923e-05
2.062411865510049034e-06
8.948583110401570593e-07
1.073722903413675300e-05
3.087260185552896137e-05
6.060058228095008270e-05
9.923790036065212165e-05
1.461189476254574459e-04
2.005962552895337772e-04
2.620409150079837206e-04
3.298429435683177219e-04
4.034115929802050901e-04
4.821756075020972900e-04
5.655834292144741116e-04
6.531033538115485655e-04
7.442236383378304223e-04
8.384525626441541963e-04
9.353184463808452429e-04
1.034369623378064706e-03
1.135174375297290719e-03
1.237320826450453732e-03
1.340416801712146630e-03
1.444089649450236825e-03
1.547986031408586996e-03
1.651771681479939115e-03
1.755131135289358761e-03
1.857767432512381347e-03
1.959401793823394976e-03
2.059773274358644730e-03
2.158638395551915490e-03
2.255770757165541027e-03
2.350960631323855635e-03
2.444014540300894298e-03
2.534754819792067737e-03
2.623019169347516784e-03
2.708660191607849266e-03
2.791544921929628963e-03
2.871554349944147565e-03
2.948582934540827909e-03
3.022538113713556327e-03
3.093339810651589330e-03
3.160919937409055209e-03
3.225221897419215233e-03
3.286200088074062772e-03
3.343819404526650503e-03
3.398054745807132810e-03
3.448890524305469295e-03
3.496320179591341174e-03
3.540345697502746830e-03
3.580977135361086867e-03
3.618232154127518779e-03
3.652135558243642215e-03
3.682718843854584055e-03
3.710019756050280271e-03
3.734081855707984277e-03
3.754954096467874071e-03
3.772690412313980252e-03
3.787349316192839890e-03
3.798993510041869057e-03
3.807689506555249955e-03
3.813507262972685996e-03
3.816519827123079651e-03
3.816802995917422531e-03
3.814434986442192047e-03
3.809496119765271808e-03
3.802068517521807554e-03
3.792235811321993666e-03
3.780082864979675272e-03
3.765695509526722357e-03
3.749160290958047231e-03
3.730564230603891900e-03
3.709994598022418356e-03
3.687538696256236880e-03
3.663283659289391127e-03
3.637316261511109022e-03
3.609722738976536751e-03
3.580588622228943283e-03
3.549998580440768756e-03
3.518036276604386090e-03
3.484784233503258281e-03
3.450323710162118713e-03
3.414734588487723828e-03
3.378095269779694040e-03
3.340482580800448187e-03
3.301971689075394734e-03
3.262636027092754871e-03
3.222547225072671089e-03
3.181775051960519188e-03
3.140387364311701592e-03
3.098450062724912493e-03
3.056027055480132430e-03
3.013180229047996133e-03
2.969969425129704698e-03
2.926452423891451413e-03
2.882684933065708405e-03
2.838720582591346565e-03
2.794610924469925848e-03
2.750405437522852620e-03
2.706151536738185103e-03
2.661894586905961049e-03
2.617677920243211605e-03
2.573542857720584939e-03
2.529528733810327244e-03
2.485672924380951960e-03
2.442010877476905907e-03
2.398576146724891705e-03
2.355400427121061725e-03
2.312513592962169365e-03
2.269943737690235681e-03
2.227717215433194439e-03
2.185858684029124734e-03
2.144391149335444016e-03
2.103336010630802583e-03
2.062713106925757184e-03
2.022540764012796793e-03
1.982835842086347767e-03
1.943613783782578838e-03
1.904888662491402646e-03
1.866673230799713442e-03
1.828978968943469931e-03
1.791816133142187708e-03
1.755193803704533425e-03
1.719119932804695971e-03
1.683601391826453509e-03
1.648644018189543078e-03
1.614252661576600191e-03
1.580431229482768488e-03
1.547182732022996934e-03
1.514509325932382466e-03
1.482412357706584197e-03
1.450892405832033411e-03
1.419949322059644789e-03
1.389582271689452937e-03
1.359789772827003484e-03
1.330569734588596094e-03
1.301919494226826905e-03
1.273835853164525427e-03
1.246315111913022912e-03
1.219353103874853657e-03
1.192945228014195575e-03
1.167086480397731265e-03
1.141771484602843289e-03
1.116994520996509666e-03
1.092749554892218826e-03
1.069030263588382568e-03
1.045830062304336150e-03
1.023142129023008311e-03
1.000959428256857544e-03
9.792747337517477592e-04
9.580806501488345513e-04
9.373696336234665916e-04
9.171340115205770319e-04
8.973660010122619162e-04
8.780577267965220672e-04
8.592012378631898404e-04
8.407885233533623571e-04
8.228115275335358501e-04
8.052621639148193830e-04
7.881323285397982131e-04
7.714139124659219211e-04
7.550988134715744433e-04
7.391789470096272411e-04
7.236462564395446107e-04
7.084927225597793896e-04
6.937103724713603384e-04
6.792912877958019995e-04
6.652276122756004516e-04
6.515115587820342240e-04
6.381354157567958136e-04
6.250915531107199136e-04
6.123724276056050292e-04
5.999705877437919123e-04
5.878786781861794269e-04
5.760894437257626285e-04
5.645957328356713623e-04
5.533905008152394979e-04
5.424668125554070941e-04
5.318178449436636139e-04
5.214368889280066293e-04
5.113173512608207337e-04
5.014527559400627126e-04
4.918367453656362354e-04
4.824630812303931583e-04
4.733256451599189498e-04
4.644184391187506093e-04
4.557355855986399730e-04
4.472713276027980326e-04
4.390200284414039439e-04
4.309761713510815054e-04
4.231343589517887346e-04
4.154893125543356091e-04
4.080358713283275293e-04
4.007689913444667171e-04
3.936837444993957586e-04
3.867753173356906120e-04
3.800390097644689488e-04
3.734702337017051644e-04
3.670645116251760980e-04
3.608174750621086680e-04
3.547248630132497854e-04
3.487825203227436677e-04
3.429863959989300302e-04
3.373325414934813223e-04
3.318171089448890103e-04
3.264363493917284294e-04
3.211866109609230724e-04
3.160643370366931115e-04
3.110660644136577094e-04
3.061884214394348263e-04
3.014281261512065206e-04
2.967819844071134723e-04
2.922468880204239796e-04
2.878198128953742539e-04
2.834978171706148799e-04
2.792780393713759426e-04
2.751576965729786006e-04
2.711340825791835863e-04
2.672045661158028887e-04
2.633665890422304235e-04
2.596176645830010083e-04
2.559553755799001728e-04
2.523773727669687407e-04
2.488813730689351782e-04
2.454651579246171721e-04
2.421265716359635050e-04
2.388635197437731863e-04
2.356739674301941054e-04
2.325559379501201181e-04
2.295075110898577963e-04
2.265268216553250019e-04
2.236120579893573343e-04
2.207614605179289218e-04
2.179733203265078810e-04
2.152459777659177951e-04
2.125778210875640777e-04
2.099672851089359759e-04
2.074128499085057143e-04
2.049130395500358076e-04
2.024664208365724001e-04
2.000716020931414736e-04
1.977272319791648536e-04
1.954319983286148781e-04
1.931846270193004664e-04
1.909838808697297623e-04
1.888285585640229580e-04
1.867174936038730612e-04
1.846495532875251167e-04
1.826236377153315268e-04
1.806386788213931672e-04
1.786936394306332847e-04
1.767875123417582926e-04
1.749193194340920487e-04
1.730881107994712217e-04
1.712929638972523789e-04
1.695329827333369433e-04
1.678072970620302627e-04
1.661150616096232100e-04
1.644554553206950846e-04
1.628276806254242033e-04
1.612309627280887636e-04
1.596645489158786608e-04
1.581277078876822952e-04
1.566197291027946446e-04
1.551399221483374465e-04
1.536876161253960171e-04
1.522621590532765310e-04
1.508629172917669921e-04
1.494892749800494911e-04
1.481406334931956734e-04
1.468164109142797060e-04
1.455160415230274690e-04
1.442389752997630804e-04
1.429846774444373510e-04
1.417526279104357038e-04
1.405423209524789871e-04
1.393532646891107094e-04
1.381849806777112554e-04
1.370370035034316038e-04
1.359088803807495169e-04
1.348001707671933787e-04
1.337104459893136415e-04
1.326392888804519372e-04
1.315862934295565555e-04
1.305510644416199996e-04
1.295332172081857449e-04
1.285323771887698777e-04
1.275481797018272365e-04
1.265802696264010376e-04
1.256283011121187433e-04
1.246919372994322853e-04
1.237708500480728545e-04
1.228647196746707497e-04
1.219732346983748900e-04
1.210960915948081345e-04
1.202329945579903766e-04
1.193836552694924942e-04
1.185477926755187450e-04
1.177251327707161627e-04
1.169154083894017514e-04
1.161183590027827715e-04
1.153337305235305719e-04
1.145612751159276281e-04
1.138007510125933698e-04
1.130519223368123120e-04
1.123145589307798559e-04
1.115884361892680845e-04
1.108733348986379086e-04
1.101690410810812401e-04
1.094753458437605219e-04
1.087920452327849227e-04
1.081189400922491473e-04
1.074558359271076519e-04
1.068025427710478993e-04
1.061588750582083575e-04
1.055246514992346348e-04
1.048996949611636487e-04
1.042838323510031351e-04
1.036768945036145454e-04
1.030787160720605657e-04
1.024891354226441009e-04
1.019079945324087637e-04
1.013351388901531945e-04
1.007704174008854607e-04
1.002136822925301431e-04
9.966478902626714714e-05
9.912359620951657750e-05
9.858996551123861470e-05
9.806376158042016001e-05
9.754485196669063652e-05
9.703310704371901285e-05
9.652839993459306003e-05
9.603060643983000783e-05
9.553960496754405852e-05
9.505527646555120746e-05
9.457750435562471410e-05
9.410617447007697269e-05
9.364117498968614617e-05
9.318239638388197907e-05
9.272973135277566223e-05
9.228307477056058982e-05
9.184232363107242697e-05
9.140737699457703632e-05
9.097813593625069515e-05
9.055450349643516495e-05
9.013638463182483611e-05
8.972368616870447832e-05
8.931631675695886168e-05
8.891418682598272664e-05
8.851720854134539939e-05
8.812529576293652220e-05
8.773836400453875653e-05
8.735633039402380744e-05
8.697911363525038804e-05
8.660663397058844602e-05
8.623881314469804271e-05
8.587557436933142068e-05
8.551684228912806505e-05
8.516254294825185110e-05
8.481260375798542039e-05
8.446695346529086562e-05
8.412552212230913135e-05
8.378824105624455031e-05
8.345504284068255960e-05
8.312586126731368085e-05
8.280063131831571967e-05
8.247928913989412331e-05
8.216177201606608054e-05
8.184801834361543789e-05
8.153796760708088745e-05
8.123156035504943903e-05
8.092873817667715485e-05
8.062944367890106294e-05
8.033362046436307979e-05
8.004121310970155876e-05
7.975216714445450478e-05
7.946642903080071462e-05
7.918394614323391351e-05
7.890466674929930146e-05
7.862853999057164631e-05
7.835551586406043034e-05
7.808554520411691490e-05
7.781857966507774410e-05
7.755457170373182356e-05
7.729347456294301298e-05
7.703524225486341030e-05
7.677982954543113088e-05
7.652719193863262513e-05
7.627728566131949765e-05
7.603006764840367245e-05
7.578549552841340757e-05
7.554352760939540075e-05
7.530412286519492918e-05
7.506724092191977514e-05
7.483284204493957127e-05
7.460088712582124573e-05
7.437133767018755707e-05
7.414415578521056465e-05
7.391930416783777582e-05
7.369674609301384786e-05
7.347644540237183077e-05
7.325836649311358978e-05
7.304247430712612317e-05
7.282873432031928770e-05
7.261711253242679009e-05
7.240757545659615212e-05
7.220009010970751702e-05
7.199462400257815396e-05
7.179114513057389057e-05
7.158962196428448645e-05
7.139002344061904000e-05
7.119231895365342477e-05
7.099647834647710267e-05
7.080247190223144761e-05
7.061027033626958145e-05
7.041984478771056105e-05
7.023116681188664974e-05
7.004420837238146513e-05
6.985894183357481521e-05
6.967533995312994984e-05
6.949337587500660951e-05
6.931302312209170326e-05
6.913425558962528938e-05
6.895704753797129158e-05
6.878137358649068602e-05
6.860720870674012490e-05
6.843452821621687600e-05
6.826330777219787092e-05
6.809352336558318502e-05
6.792515131514925090e-05
6.775816826144993659e-05
6.759255116134368273e-05
6.742827728233330312e-05
6.726532419717256683e-05
6.710366977848957186e-05
6.694329219354141569e-05
6.678416989917054097e-05
6.662628163677798124e-05
6.646960642733588183e-05
6.631412356673228815e-05
6.615981262099017999e-05
6.600665342170295325e-05
6.585462606141134127e-05
6.570371088946863364e-05
6.555388850742139217e-05
6.540513976494721641e-05
6.525744575563960956e-05
6.511078781309135232e-05
6.496514750672463426e-05
6.482050663798584293e-05
6.467684723664683536e-05
6.453415155683288199e-05
6.439240207368858242e-05
6.425158147944795778e-05
6.411167268017252006e-05
6.397265879217733518e-05
6.383452313882427825e-05
6.369724924698506787e-05
6.356082084411505875e-05
6.342522185475473807e-05
6.329043639769701697e-05
6.315644878282423329e-05
6.302324350807796919e-05
6.289080525679713145e-05
6.275911889442593427e-05
6.262816946616422986e-05
6.249794219391207760e-05
6.236842247374324133e-05
6.223959587322229036e-05
6.211144812873195986e-05
6.198396514316367820e-05
6.185713298315861127e-05
6.173093787693566671e-05
6.160536621167174974e-05
6.148040453134090758e-05
6.135603953434960321e-05
6.123225807139179755e-05
6.110904714307788060e-05
6.098639389795922799e-05
6.086428563011949679e-05
6.074270977766968514e-05
6.062165392005696622e-05
6.050110577649390299e-05
6.038105320396275718e-05
6.026148419514860022e-05
6.014238687669609906e-05
6.002374950741276279e-05
5.990556047619046608e-05
5.978780830072010719e-05
5.967048162528374545e-05
5.955356921936533167e-05
5.943705997586631466e-05
5.932094290952597226e-05
5.920520715530083397e-05
5.908984196676616039e-05
5.897483671471027511e-05
5.886018088544337873e-05
5.874586407947715323e-05
5.863187601007488551e-05
5.851820650171602031e-05
5.840484548882594277e-05
5.829178301445741244e-05
5.817900922868912212e-05
5.806651438773018076e-05
5.795428885229368822e-05
5.784232308646109448e-05
5.773060765658522421e-05
5.761913322985510479e-05
5.750789057325338398e-05
5.739687055242893583e-05
5.728606413046858834e-05
5.717546236676905179e-05
5.706505641616019221e-05
5.695483752756686836e-05
5.684479704309304521e-05
5.673492639708061159e-05
5.662521711487479911e-05
5.651566081216674917e-05
5.640624919366764203e-05
5.629697405250063563e-05
5.618782726898630841e-05
5.607880080998740142e-05
5.596988672785159919e-05
5.586107715964853607e-05
5.575236432620539153e-05
5.564374053143670423e-05
5.553519816137649114e-05
5.542672968342087810e-05
5.531832764566991460e-05
5.520998467591522709e-05
5.510169348113127743e-05
5.499344684665175551e-05
5.488523763537160642e-05
5.477705878719997594e-05
5.466890331820037721e-05
5.456076432011026722e-05
5.445263495943902446e-05
5.434450847711720276e-05
5.423637818759467159e-05
5.412823747837331134e-05
5.402007980939187772e-05
5.391189871236549221e-05
5.380368779029998046e-05
5.369544071682313643e-05
5.358715123577322697e-05
5.347881316041710591e-05
5.337042037325482723e-05
5.326196682520578874e-05
5.315344653527721012e-05
5.304485359000725962e-05
5.293618214294130308e-05
5.282742641426654135e-05
5.271858069028365822e-05
5.260963932293505021e-05
5.250059672943380580e-05
5.239144739176972935e-05
5.228218585633412585e-05
5.217280673343317710e-05
5.206330469702965765e-05
5.195367448422669870e-05
5.184391089492751127e-05
5.173400879149117230e-05
5.162396309832928117e-05
5.151376880153745287e-05
5.140342094863218898e-05
5.129291464812030027e-05
5.118224506924126639e-05
5.107140744158839533e-05
5.096039705489995865e-05
5.084920925855884570e-05
5.073783946155444713e-05
5.062628313198277676e-05
5.051453579686824224e-05
5.040259304186333461e-05
5.029045051099846224e-05
5.017810390642489320e-05
5.006554898813419093e-05
4.995278157370195620e-05
4.983979753817655413e-05
4.972659281366103906e-05
4.961316338922100411e-05
4.949950531062538236e-05
4.938561468016196981e-05
4.927148765636616480e-05
4.915712045387945930e-05
4.904250934327263262e-05
4.892765065081101488e-05
4.881254075826747568e-05
4.869717610285399740e-05
4.858155317684516566e-05
4.846566852766443791e-05
4.834951875755826619e-05
4.823310052347524920e-05
4.811641053692327513e-05
4.799944556386348668e-05
4.788220242454950743e-05
4.776467799336126755e-05
4.764686919871351743e-05
4.752877302294980630e-05
4.741038650216459848e-05
4.729170672617448109e-05
4.717273083829850468e-05
4.705345603539737710e-05
4.693387956760233847e-05
4.681399873838319481e-05
4.669381090432480984e-05
4.657331347514615297e-05
4.645250391353049975e-05
4.633137973512457803e-05
4.620993850839529065e-05
4.608817785457371640e-05
4.596609544761188424e-05
4.584368901412364363e-05
4.572095633328316283e-05
4.559789523679171850e-05
4.547450360883478158e-05
4.535077938598203352e-05
4.522672055722391072e-05
4.510232516386722287e-05
4.497759129948170190e-05
4.485251710993489284e-05
4.472710079324877498e-05
4.460134059970358769e-05
4.447523483165645696e-05
4.434878184365699852e-05
4.422198004236406460e-05
4.409482788645122185e-05
4.396732388675397921e-05
4.383946660609819941e-05
4.371125465939197825e-05
4.358268671353169855e-05
4.345376148746353827e-05
4.332447775214152540e-05
4.319483433058853120e-05
4.306483009773973163e-05
4.293446398063351511e-05
4.280373495827954184e-05
4.267264206174064173e-05
4.254118437409145888e-05
4.240936103042785703e-05
4.227717121797459437e-05
4.214461417596297813e-05
4.201168919569713640e-05
4.187839562062204508e-05
4.174473284626228399e-05
4.161070032028520518e-05
4.147629754253238162e-05
4.134152406502569223e-05
4.120637949197964795e-05
4.107086347985198328e-05
4.093497573734669208e-05
4.079871602546734997e-05
4.066208415755603043e-05
4.052507999925894912e-05
4.038770346863930223e-05
4.024995453617541657e-05
4.011183322477792739e-05
3.997333960985944516e-05
3.983447381936684441e-05
3.969523603379349497e-05
3.955562648622685840e-05
3.941564546241633869e-05
3.927529330077044985e-05
3.913457039244337584e-05
3.899347718133134530e-05
3.885201416415203581e-05
3.871018189046843984e-05
3.856798096273366950e-05
3.842541203633326066e-05
3.828247581966370312e-05
3.813917307410813413e-05
3.799550461417561774e-05
3.785147130742807630e-05
3.770707407468157943e-05
3.756231388986540446e-05
3.741719178025602085e-05
3.727170882638689134e-05
3.712586616217049886e-05
3.697966497490104355e-05
3.683310650534635597e-05
3.668619204777267108e-05
3.653892294994778606e-05
3.639130061330569634e-05
3.624332649284784513e-05
3.609500209732716678e-05
3.594632898917226032e-05
3.579730878464596085e-05
3.564794315381091612e-05
3.549823382062607374e-05
3.534818256294040633e-05
3.519779121260715939e-05
3.504706165546581960e-05
3.489599583143951686e-05
3.474459573451102955e-05
3.459286341286818957e-05
3.444080096884571490e-05
3.428841055901869496e-05
3.413569439426817801e-05
3.398265473974068304e-05
3.382929391498536484e-05
3.367561429395623667e-05
3.352161830498330330e-05
3.336730843090814736e-05
3.321268720912333325e-05
3.305775723152258805e-05
3.290252114459545242e-05
3.274698164946829727e-05
3.259114150190576712e-05
3.243500351238429581e-05
3.227857054606603817e-05
3.212184552288745615e-05
3.196483141756357429e-05
3.180753125961288929e-05
3.164994813340158509e-05
3.149208517810542999e-05
3.133394558788862253e-05
3.117553261171975498e-05
3.101684955354921589e-05
3.085789977227803964e-05
3.069868668177948203e-05
3.053921375089582870e-05
3.037948450348105167e-05
3.021950251842624066e-05
3.005927142961376509e-05
2.989879492602646338e-05
2.973807675163981902e-05
2.957712070552981503e-05
2.941593064183465478e-05
2.925451046975228192e-05
2.909286415355683315e-05
2.893099571260826725e-05
2.876890922131147715e-05
2.860660880919706637e-05
2.844409866076966911e-05
2.828138301569863095e-05
2.811846616865479575e-05
2.795535246934499344e-05
2.779204632249929389e-05
2.762855218788624670e-05
2.746487458023032260e-05
2.730101806929769757e-05
2.713698727973622122e-05
2.697278689115652185e-05
2.680842163809959221e-05
2.664389630992391054e-05
2.647921575090143645e-05
2.631438486006357292e-05
2.614940859125454295e-05
2.598429195304735031e-05
2.581904000870404014e-05
2.565365787616640534e-05
2.548815072796782393e-05
2.532252379121961852e-05
2.515678234756614992e-05
2.499093173306541604e-05
2.482497733821962301e-05
2.465892460784975990e-05
2.449277904110439092e-05
2.432654619133301725e-05
2.416023166602934274e-05
2.399384112679118556e-05
2.382738028921982696e-05
2.366085492286484909e-05
2.349427085112117645e-05
2.332763395120826262e-05
2.316095015398678551e-05
2.299422544396458680e-05
2.282746585914050954e-05
2.266067749098002731e-05
2.249386648423110265e-05
2.232703903692547117e-05
2.216020140017099988e-05
2.199335987814905464e-05
2.182652082790065480e-05
2.165969065933434382e-05
2.149287583498316542e-05
2.132608287000388762e-05
2.115931833195391803e-05
2.099258884073673459e-05
2.082590106844451358e-05
2.065926173923557420e-05
2.049267762916521585e-05
2.032615556611628519e-05
2.015970242958891543e-05
1.999332515057375602e-05
1.982703071142373859e-05
1.966082614568734368e-05
1.949471853793831652e-05
1.932871502362738553e-05
1.916282278892493776e-05
1.899704907053494270e-05
1.883140115554080246e-05
1.866588638123387503e-05
1.850051213488925449e-05
1.833528585363886852e-05
1.817021502427010820e-05
1.800530718299742387e-05
1.784056991532568517e-05
1.767601085580415861e-05
1.751163768784536450e-05
1.734745814351490776e-05
1.718348000332507969e-05
1.701971109601631331e-05
1.685615929832677009e-05
1.669283253478561643e-05
1.652973877748173628e-05
