0.000000000000000000e+00
1.036721038549771379e+00
2.073442077099541425e+00
3.110163115649312804e+00
4.146884154199087291e+00
5.183605192748858670e+00
6.220326231298630049e+00
7.257047269848401427e+00
8.293768308398172806e+00
9.330489346947944185e+00
1.036721038549771556e+01
1.140393142404748694e+01
1.244065246259725832e+01
1.347737350114703148e+01
1.451409453969679930e+01
1.555081557824657423e+01
1.658753661679634206e+01
1.762425765534611699e+01
1.866097869389588482e+01
1.969769973244565975e+01
2.073442077099542757e+01
2.177114180954520251e+01
2.280786284809497033e+01
2.384458388664474526e+01
2.488130492519451309e+01
2.591802596374428802e+01
2.695474700229405585e+01
2.799146804084383078e+01
2.902818907939359860e+01
3.006491011794337354e+01
3.110163115649314136e+01
3.213835219504291274e+01
3.317507323359268412e+01
3.421179427214245550e+01
3.524851531069223398e+01
