2.000000000000003620e-04
1.902363264954872509e-03
8.682524805741524340e-03
1.218461412055667908e-02
2.533086231184857040e-02
1.825860266402769272e-02
2.907920583663504283e-02
7.392911149911281579e-03
1.831035370967737039e-02
1.409571742389899122e-02
2.752449853713220904e-03
4.626232340727328383e-03
2.378130714320108273e-04
5.873553850457150123e-03
9.528680328172993430e-03
1.338829703435776008e-02
4.032077917905977499e-02
2.124399821955282736e-02
3.920249808819847165e-02
4.416881215286849738e-02
2.844264551212358563e-02
2.571771374287713796e-02
1.761901037799752309e-02
4.835800618967032484e-03
1.744221234025881203e-04
5.428905075217409703e-04
3.429019532786920215e-03
1.184510004943636896e-02
1.145225031616580250e-02
2.191694605683236832e-02
1.666253931665258314e-02
7.443442246740097738e-03
5.992684995169154406e-03
6.959903432837527028e-03
0.000000000000000000e+00
