0.000000000000000000e+00
3.528379910980222744e-02
7.056759821960445489e-02
1.058513973294066823e-01
1.411351964392075220e-01
1.764189955490097494e-01
2.117027946588119769e-01
2.469865937686142043e-01
2.822703928784164318e-01
3.175541919882186592e-01
3.528379910980208867e-01
3.881217902078231141e-01
4.234055893176239538e-01
4.586893884274261812e-01
4.939731875372284087e-01
5.292569866470305806e-01
5.645407857568328636e-01
5.998245848666350355e-01
6.351083839764373185e-01
6.703921830862381581e-01
7.056759821960403301e-01
7.409597813058426130e-01
7.762435804156447849e-01
8.115273795254470679e-01
8.468111786352492398e-01
8.820949777450515228e-01
9.173787768548536947e-01
9.526625759646545344e-01
9.879463750744568173e-01
1.023230174184259100e+00
1.058513973294061161e+00
1.093797772403863444e+00
1.129081571513665727e+00
1.164365370623466456e+00
1.199649169733268739e+00
1.234932968843071022e+00
1.270216767952873305e+00
1.305500567062675366e+00
1.340784366172477649e+00
1.376068165282279931e+00
1.411351964392082214e+00
1.446635763501884275e+00
1.481919562611686558e+00
1.517203361721488841e+00
1.552487160831288238e+00
1.587770959941090521e+00
1.623054759050892581e+00
1.658338558160694864e+00
1.693622357270497147e+00
1.728906156380299430e+00
1.764189955490101713e+00
1.799473754599903774e+00
1.834757553709706057e+00
1.870041352819508340e+00
1.905325151929310623e+00
1.940608951039112684e+00
1.975892750148914967e+00
2.011176549258717028e+00
2.046460348368519533e+00
2.081744147478318929e+00
2.117027946588120990e+00
2.152311745697923495e+00
2.187595544807725556e+00
2.222879343917527617e+00
2.258163143027330122e+00
2.293446942137132183e+00
2.328730741246934244e+00
2.364014540356736749e+00
2.399298339466538810e+00
2.434582138576341315e+00
2.469865937686143376e+00
2.505149736795945437e+00
2.540433535905747942e+00
2.575717335015550002e+00
2.611001134125349399e+00
2.646284933235151904e+00
2.681568732344953965e+00
2.716852531454756026e+00
2.752136330564558531e+00
2.787420129674360592e+00
2.822703928784162652e+00
2.857987727893965157e+00
2.893271527003767218e+00
2.928555326113569723e+00
2.963839125223371784e+00
2.999122924333173845e+00
3.034406723442976350e+00
3.069690522552775747e+00
3.104974321662580472e+00
3.140258120772380313e+00
3.175541919882182373e+00
3.210825718991984434e+00
3.246109518101786939e+00
3.281393317211589000e+00
3.316677116321391061e+00
3.351960915431193566e+00
3.387244714540995627e+00
3.422528513650798132e+00
3.457812312760600193e+00
3.493096111870402254e+00
3.528379910980204759e+00
3.563663710090006820e+00
3.598947509199806216e+00
3.634231308309611386e+00
3.669515107419410782e+00
3.704798906529212843e+00
3.740082705639015348e+00
3.775366504748817409e+00
3.810650303858619470e+00
3.845934102968421975e+00
3.881217902078224036e+00
3.916501701188026541e+00
3.951785500297828602e+00
3.987069299407630663e+00
4.022353098517433168e+00
4.057636897627235228e+00
4.092920696737037289e+00
4.128204495846836686e+00
4.163488294956642299e+00
4.198772094066441696e+00
4.234055893176243757e+00
4.269339692286045818e+00
4.304623491395847878e+00
4.339907290505649939e+00
4.375191089615452888e+00
4.410474888725254949e+00
4.445758687835057010e+00
4.481042486944859071e+00
4.516326286054661132e+00
4.551610085164463193e+00
4.586893884274263478e+00
4.622177683384068203e+00
4.657461482493867599e+00
4.692745281603672325e+00
4.728029080713471721e+00
4.763312879823273782e+00
4.798596678933076731e+00
4.833880478042878792e+00
4.869164277152680853e+00
4.904448076262482914e+00
4.939731875372284975e+00
4.975015674482087924e+00
5.010299473591889985e+00
5.045583272701692046e+00
5.080867071811494107e+00
5.116150870921293503e+00
5.151434670031099117e+00
5.186718469140898513e+00
5.222002268250703239e+00
5.257286067360502635e+00
5.292569866470304696e+00
5.327853665580106757e+00
5.363137464689909706e+00
5.398421263799711767e+00
5.433705062909513828e+00
5.468988862019315889e+00
5.504272661129117949e+00
5.539556460238920010e+00
5.574840259348722959e+00
5.610124058458525020e+00
5.645407857568324417e+00
5.680691656678129142e+00
5.715975455787928539e+00
5.751259254897730600e+00
5.786543054007533549e+00
5.821826853117335610e+00
5.857110652227137670e+00
5.892394451336939731e+00
5.927678250446741792e+00
5.962962049556544741e+00
5.998245848666346802e+00
6.033529647776148863e+00
6.068813446885950924e+00
6.104097245995752985e+00
6.139381045105555934e+00
6.174664844215355330e+00
6.209948643325160056e+00
6.245232442434959452e+00
6.280516241544761513e+00
6.315800040654563574e+00
6.351083839764365635e+00
6.386367638874168584e+00
6.421651437983970645e+00
6.456935237093772706e+00
6.492219036203574767e+00
6.527502835313376828e+00
6.562786634423179777e+00
6.598070433532981838e+00
6.633354232642781234e+00
6.668638031752585960e+00
6.703921830862385356e+00
6.739205629972190970e+00
6.774489429081990366e+00
6.809773228191795091e+00
6.845057027301594488e+00
6.880340826411396549e+00
6.915624625521198610e+00
6.950908424631001559e+00
6.986192223740803620e+00
7.021476022850605681e+00
7.056759821960407741e+00
7.092043621070209802e+00
7.127327420180011863e+00
7.162611219289811260e+00
7.197895018399616873e+00
7.233178817509416270e+00
7.268462616619220995e+00
7.303746415729020391e+00
7.339030214838826005e+00
7.374314013948625401e+00
7.409597813058427462e+00
7.444881612168229523e+00
7.480165411278031584e+00
7.515449210387833645e+00
7.550733009497636594e+00
7.586016808607438655e+00
7.621300607717238051e+00
7.656584406827042777e+00
7.691868205936842173e+00
7.727152005046647787e+00
7.762435804156447183e+00
7.797719603266251909e+00
7.833003402376051305e+00
7.868287201485856031e+00
7.903571000595655427e+00
7.938854799705457488e+00
7.974138598815260437e+00
8.009422397925062498e+00
8.044706197034864559e+00
8.079989996144666620e+00
8.115273795254468681e+00
8.150557594364268965e+00
8.185841393474072802e+00
8.221125192583873087e+00
8.256408991693678701e+00
8.291692790803477209e+00
8.326976589913282822e+00
8.362260389023081331e+00
8.397544188132883392e+00
8.432827987242685452e+00
8.468111786352489290e+00
8.503395585462291351e+00
8.538679384572093412e+00
8.573963183681895472e+00
8.609246982791697533e+00
8.644530781901499594e+00
8.679814581011299879e+00
8.715098380121103716e+00
8.750382179230904001e+00
8.785665978340707838e+00
8.820949777450508122e+00
8.856233576560313736e+00
8.891517375670112244e+00
8.926801174779914305e+00
8.962084973889716366e+00
8.997368772999518427e+00
9.032652572109322264e+00
9.067936371219124325e+00
9.103220170328926386e+00
9.138503969438728447e+00
9.173787768548530508e+00
9.209071567658329016e+00
9.244355366768134630e+00
9.279639165877934914e+00
9.314922964987738752e+00
9.350206764097539036e+00
9.385490563207342873e+00
9.420774362317143158e+00
9.456058161426945219e+00
9.491341960536747280e+00
9.526625759646549341e+00
9.561909558756351402e+00
9.597193357866153463e+00
9.632477156975957300e+00
9.667760956085759361e+00
9.703044755195561422e+00
9.738328554305359930e+00
9.773612353415165543e+00
9.808896152524964052e+00
9.844179951634769665e+00
9.879463750744569950e+00
9.914747549854373787e+00
9.950031348964174072e+00
9.985315148073976133e+00
1.002059894718377819e+01
1.005588274629358025e+01
1.009116654540338232e+01
1.012645034451318438e+01
1.016173414362298644e+01
1.019701794273278672e+01
1.023230174184259234e+01
1.026758554095239084e+01
1.030286934006219646e+01
1.033815313917199497e+01
1.037343693828180058e+01
1.040872073739159909e+01
1.044400453650140470e+01
1.047928833561120499e+01
1.051457213472100705e+01
1.054985593383080911e+01
1.058513973294061117e+01
1.062042353205041323e+01
1.065570733116021529e+01
1.069099113027001735e+01
1.072627492937981764e+01
1.076155872848962147e+01
1.079684252759942176e+01
1.083212632670922737e+01
1.086741012581902588e+01
1.090269392492883149e+01
1.093797772403863000e+01
1.097326152314843206e+01
1.100854532225823412e+01
1.104382912136803796e+01
1.107911292047784002e+01
1.111439671958764208e+01
1.114968051869744414e+01
1.118496431780724620e+01
1.122024811691704826e+01
1.125553191602684855e+01
1.129081571513665239e+01
1.132609951424645267e+01
1.136138331335625651e+01
1.139666711246605679e+01
1.143195091157586241e+01
1.146723471068566091e+01
1.150251850979546298e+01
1.153780230890526504e+01
1.157308610801506710e+01
1.160836990712486916e+01
1.164365370623467300e+01
1.167893750534447506e+01
1.171422130445427712e+01
1.174950510356407918e+01
1.178478890267387769e+01
1.182007270178368330e+01
1.185535650089348358e+01
1.189064030000328742e+01
1.192592409911308771e+01
1.196120789822289154e+01
1.199649169733269183e+01
1.203177549644249389e+01
1.206705929555229595e+01
1.210234309466209801e+01
1.213762689377190007e+01
1.217291069288170213e+01
1.220819449199150597e+01
1.224347829110130803e+01
1.227876209021111009e+01
1.231404588932090860e+01
1.234932968843071421e+01
1.238461348754051272e+01
1.241989728665031834e+01
1.245518108576011862e+01
1.249046488486992246e+01
1.252574868397972274e+01
1.256103248308952480e+01
1.259631628219932686e+01
1.263160008130912892e+01
1.266688388041892921e+01
1.270216767952872949e+01
1.273745147863853511e+01
1.277273527774833362e+01
1.280801907685813923e+01
1.284330287596793774e+01
1.287858667507774335e+01
1.291387047418754186e+01
1.294915427329734747e+01
1.298443807240714776e+01
1.301972187151695159e+01
1.305500567062675188e+01
1.309028946973655749e+01
1.312557326884635600e+01
1.316085706795616161e+01
1.319614086706596012e+01
1.323142466617576041e+01
1.326670846528556424e+01
1.330199226439536453e+01
1.333727606350517014e+01
1.337255986261496865e+01
1.340784366172477426e+01
1.344312746083457277e+01
1.347841125994437839e+01
1.351369505905417689e+01
1.354897885816398251e+01
1.358426265727378279e+01
1.361954645638358663e+01
1.365483025549338691e+01
1.369011405460318542e+01
1.372539785371299104e+01
1.376068165282279132e+01
1.379596545193259516e+01
1.383124925104239544e+01
1.386653305015219928e+01
1.390181684926199956e+01
1.393710064837180518e+01
1.397238444748160369e+01
1.400766824659140930e+01
1.404295204570120781e+01
1.407823584481101342e+01
1.411351964392081371e+01
1.414880344303061754e+01
1.418408724214041783e+01
1.421937104125021634e+01
1.425465484036002195e+01
1.428993863946982046e+01
1.432522243857962607e+01
1.436050623768942636e+01
1.439579003679923019e+01
1.443107383590903048e+01
1.446635763501883432e+01
1.450164143412863460e+01
1.453692523323844021e+01
1.457220903234823872e+01
1.460749283145804434e+01
1.464277663056784284e+01
1.467806042967764846e+01
1.471334422878744874e+01
1.474862802789724725e+01
1.478391182700705286e+01
1.481919562611685137e+01
1.485447942522665699e+01
1.488976322433645549e+01
1.492504702344626111e+01
1.496033082255606139e+01
1.499561462166586523e+01
1.503089842077566551e+01
1.506618221988546935e+01
1.510146601899526964e+01
1.513674981810507525e+01
1.517203361721487376e+01
1.520731741632467937e+01
1.524260121543447788e+01
1.527788501454427816e+01
1.531316881365408378e+01
1.534845261276388229e+01
1.538373641187368790e+01
1.541902021098348641e+01
1.545430401009329202e+01
1.548958780920309053e+01
1.552487160831289614e+01
1.556015540742269643e+01
1.559543920653250026e+01
1.563072300564230055e+01
1.566600680475210616e+01
1.570129060386190467e+01
1.573657440297171028e+01
1.577185820208150879e+01
1.580714200119130908e+01
1.584242580030111291e+01
1.587770959941091320e+01
1.591299339852071881e+01
1.594827719763051732e+01
1.598356099674032293e+01
1.601884479585012144e+01
1.605412859495992706e+01
1.608941239406972556e+01
1.612469619317953118e+01
1.615997999228932969e+01
1.619526379139913530e+01
1.623054759050893381e+01
1.626583138961873587e+01
1.630111518872854148e+01
1.633639898783833999e+01
1.637168278694814560e+01
1.640696658605794411e+01
1.644225038516774973e+01
1.647753418427754823e+01
1.651281798338735385e+01
1.654810178249715236e+01
1.658338558160695797e+01
1.661866938071675648e+01
1.665395317982656209e+01
1.668923697893636060e+01
1.672452077804616621e+01
1.675980457715596472e+01
1.679508837626576678e+01
1.683037217537556884e+01
1.686565597448537090e+01
1.690093977359517652e+01
1.693622357270497503e+01
1.697150737181478064e+01
1.700679117092457915e+01
1.704207497003438476e+01
1.707735876914418327e+01
1.711264256825398888e+01
1.714792636736378739e+01
1.718321016647359301e+01
1.721849396558339151e+01
1.725377776469319713e+01
1.728906156380299564e+01
1.732434536291279770e+01
1.735962916202259976e+01
1.739491296113240182e+01
1.743019676024220388e+01
1.746548055935200594e+01
1.750076435846181155e+01
1.753604815757161006e+01
1.757133195668141568e+01
1.760661575579121418e+01
1.764189955490101980e+01
1.767718335401081831e+01
1.771246715312062392e+01
1.774775095223042243e+01
1.778303475134022804e+01
1.781831855045002655e+01
1.785360234955982506e+01
1.788888614866963067e+01
1.792416994777943273e+01
1.795945374688923479e+01
1.799473754599903685e+01
1.803002134510883891e+01
1.806530514421864098e+01
1.810058894332844659e+01
1.813587274243824510e+01
1.817115654154805071e+01
1.820644034065784922e+01
1.824172413976765483e+01
1.827700793887745334e+01
1.831229173798725895e+01
1.834757553709705746e+01
1.838285933620685597e+01
1.841814313531666158e+01
1.845342693442646009e+01
1.848871073353626571e+01
1.852399453264606777e+01
1.855927833175586983e+01
1.859456213086567189e+01
1.862984592997547395e+01
1.866512972908527601e+01
1.870041352819508162e+01
1.873569732730488013e+01
1.877098112641468575e+01
1.880626492552448425e+01
1.884154872463428276e+01
1.887683252374408838e+01
1.891211632285388689e+01
1.894740012196369250e+01
1.898268392107349101e+01
1.901796772018329662e+01
1.905325151929309513e+01
1.908853531840290074e+01
1.912381911751270280e+01
1.915910291662250486e+01
1.919438671573230693e+01
1.922967051484210899e+01
1.926495431395191105e+01
1.930023811306171666e+01
1.933552191217151517e+01
1.937080571128131368e+01
1.940608951039111929e+01
1.944137330950091780e+01
1.947665710861072341e+01
1.951194090772052192e+01
1.954722470683032753e+01
1.958250850594012604e+01
1.961779230504993166e+01
1.965307610415973016e+01
1.968835990326953578e+01
1.972364370237933784e+01
1.975892750148913990e+01
1.979421130059894196e+01
1.982949509970874402e+01
1.986477889881854608e+01
1.990006269792834459e+01
1.993534649703815020e+01
1.997063029614794871e+01
2.000591409525775433e+01
2.004119789436755283e+01
2.007648169347735845e+01
2.011176549258715696e+01
2.014704929169696257e+01
2.018233309080676108e+01
2.021761688991656669e+01
2.025290068902636520e+01
2.028818448813617081e+01
2.032346828724597287e+01
2.035875208635577494e+01
2.039403588546557700e+01
2.042931968457537550e+01
2.046460348368518112e+01
2.049988728279497963e+01
2.053517108190478524e+01
2.057045488101458375e+01
2.060573868012438936e+01
2.064102247923418787e+01
2.067630627834399348e+01
2.071159007745379199e+01
2.074687387656359761e+01
2.078215767567339611e+01
2.081744147478320173e+01
2.085272527389300024e+01
2.088800907300280585e+01
2.092329287211260791e+01
2.095857667122240642e+01
2.099386047033221203e+01
2.102914426944201054e+01
2.106442806855181615e+01
2.109971186766161466e+01
2.113499566677142028e+01
2.117027946588121878e+01
2.120556326499102440e+01
2.124084706410082291e+01
2.127613086321062852e+01
2.131141466232042703e+01
2.134669846143023264e+01
2.138198226054003115e+01
2.141726605964983676e+01
2.145254985875963882e+01
2.148783365786943733e+01
2.152311745697924295e+01
2.155840125608904145e+01
2.159368505519884707e+01
2.162896885430864558e+01
2.166425265341845119e+01
2.169953645252824970e+01
2.173482025163805531e+01
2.177010405074785382e+01
2.180538784985765943e+01
2.184067164896745794e+01
2.187595544807726355e+01
2.191123924718706206e+01
2.194652304629686412e+01
2.198180684540666618e+01
2.201709064451646825e+01
2.205237444362627386e+01
2.208765824273607237e+01
2.212294204184587798e+01
2.215822584095567649e+01
2.219350964006548210e+01
2.222879343917528061e+01
2.226407723828508622e+01
2.229936103739488473e+01
2.233464483650469035e+01
2.236992863561448885e+01
2.240521243472429447e+01
2.244049623383409298e+01
2.247578003294389504e+01
2.251106383205369710e+01
2.254634763116349916e+01
2.258163143027330122e+01
2.261691522938310328e+01
2.265219902849290889e+01
2.268748282760270740e+01
2.272276662671251302e+01
2.275805042582231152e+01
2.279333422493211714e+01
2.282861802404191565e+01
2.286390182315172126e+01
2.289918562226151977e+01
2.293446942137132538e+01
2.296975322048112389e+01
2.300503701959092240e+01
2.304032081870072801e+01
2.307560461781053007e+01
2.311088841692033213e+01
2.314617221603013419e+01
2.318145601513993626e+01
2.321673981424973832e+01
2.325202361335954393e+01
2.328730741246934244e+01
2.332259121157914805e+01
2.335787501068894656e+01
2.339315880979875217e+01
2.342844260890855068e+01
2.346372640801835630e+01
2.349901020712815480e+01
2.353429400623795331e+01
2.356957780534775893e+01
2.360486160445755743e+01
2.364014540356736305e+01
2.367542920267716511e+01
2.371071300178696717e+01
2.374599680089676923e+01
2.378128060000657129e+01
2.381656439911637335e+01
2.385184819822617897e+01
2.388713199733597747e+01
2.392241579644578309e+01
2.395769959555558160e+01
2.399298339466538721e+01
2.402826719377518572e+01
2.406355099288498423e+01
2.409883479199478984e+01
2.413411859110458835e+01
2.416940239021439396e+01
2.420468618932419247e+01
2.423996998843399808e+01
2.427525378754380014e+01
2.431053758665360220e+01
2.434582138576340427e+01
2.438110518487320633e+01
2.441638898398300839e+01
2.445167278309281400e+01
2.448695658220261251e+01
2.452224038131241102e+01
2.455752418042221663e+01
2.459280797953201514e+01
2.462809177864182075e+01
2.466337557775161926e+01
2.469865937686142487e+01
2.473394317597122338e+01
2.476922697508102900e+01
2.480451077419082750e+01
2.483979457330063312e+01
2.487507837241043518e+01
2.491036217152023724e+01
2.494564597063003930e+01
2.498092976973984136e+01
2.501621356884964342e+01
2.505149736795944193e+01
2.508678116706924754e+01
2.512206496617904605e+01
2.515734876528885167e+01
2.519263256439865017e+01
2.522791636350845579e+01
2.526320016261825430e+01
2.529848396172805991e+01
2.533376776083785842e+01
2.536905155994766403e+01
2.540433535905746254e+01
2.543961915816726815e+01
2.547490295727707021e+01
2.551018675638687228e+01
2.554547055549667434e+01
2.558075435460647640e+01
2.561603815371627846e+01
2.565132195282608407e+01
2.568660575193588258e+01
2.572188955104568819e+01
2.575717335015548670e+01
2.579245714926529232e+01
2.582774094837509082e+01
2.586302474748488933e+01
2.589830854659469495e+01
2.593359234570449345e+01
2.596887614481429907e+01
2.600415994392409758e+01
2.603944374303390319e+01
2.607472754214370525e+01
2.611001134125350731e+01
2.614529514036330937e+01
2.618057893947311499e+01
2.621586273858291349e+01
2.625114653769271911e+01
2.628643033680251762e+01
2.632171413591232323e+01
2.635699793502212174e+01
2.639228173413192025e+01
2.642756553324172586e+01
2.646284933235152437e+01
2.649813313146132998e+01
2.653341693057112849e+01
2.656870072968093410e+01
2.660398452879073261e+01
2.663926832790053822e+01
2.667455212701034029e+01
2.670983592612014235e+01
2.674511972522994441e+01
2.678040352433975002e+01
2.681568732344954853e+01
2.685097112255934704e+01
2.688625492166915265e+01
2.692153872077895116e+01
2.695682251988875677e+01
2.699210631899855528e+01
2.702739011810836089e+01
2.706267391721815940e+01
2.709795771632796502e+01
2.713324151543776352e+01
2.716852531454756914e+01
2.720380911365737120e+01
2.723909291276717326e+01
2.727437671187697532e+01
2.730966051098677738e+01
2.734494431009657944e+01
2.738022810920637795e+01
2.741551190831618356e+01
2.745079570742598207e+01
2.748607950653578769e+01
2.752136330564558619e+01
2.755664710475539181e+01
2.759193090386519032e+01
2.762721470297499593e+01
2.766249850208479444e+01
2.769778230119460005e+01
2.773306610030439856e+01
2.776834989941420417e+01
2.780363369852400623e+01
2.783891749763380830e+01
2.787420129674361036e+01
2.790948509585340886e+01
2.794476889496321448e+01
2.798005269407301299e+01
2.801533649318281860e+01
2.805062029229261711e+01
2.808590409140242272e+01
2.812118789051222123e+01
2.815647168962202684e+01
2.819175548873182535e+01
2.822703928784163097e+01
2.826232308695142947e+01
2.829760688606123509e+01
2.833289068517103360e+01
2.836817448428083921e+01
2.840345828339064127e+01
2.843874208250043978e+01
2.847402588161024539e+01
2.850930968072004390e+01
2.854459347982984951e+01
2.857987727893964802e+01
2.861516107804945364e+01
2.865044487715925214e+01
2.868572867626905776e+01
2.872101247537885627e+01
2.875629627448866188e+01
2.879158007359846039e+01
2.882686387270826600e+01
2.886214767181806451e+01
2.889743147092787012e+01
2.893271527003766863e+01
2.896799906914747069e+01
2.900328286825727631e+01
2.903856666736707481e+01
2.907385046647688043e+01
2.910913426558667894e+01
2.914441806469648455e+01
2.917970186380628306e+01
2.921498566291608867e+01
2.925026946202588718e+01
2.928555326113569279e+01
2.932083706024549130e+01
2.935612085935529691e+01
2.939140465846509542e+01
2.942668845757489748e+01
2.946197225668469954e+01
2.949725605579450161e+01
2.953253985490430367e+01
2.956782365401410573e+01
2.960310745312391134e+01
2.963839125223370985e+01
2.967367505134351546e+01
2.970895885045331397e+01
2.974424264956311958e+01
2.977952644867291809e+01
2.981481024778272371e+01
2.985009404689252221e+01
2.988537784600232783e+01
2.992066164511212634e+01
2.995594544422192484e+01
2.999122924333173046e+01
3.002651304244153252e+01
3.006179684155133458e+01
3.009708064066113664e+01
3.013236443977093870e+01
3.016764823888074076e+01
3.020293203799054638e+01
3.023821583710034488e+01
3.027349963621015050e+01
3.030878343531994901e+01
3.034406723442975462e+01
3.037935103353955313e+01
3.041463483264935874e+01
3.044991863175915725e+01
3.048520243086895576e+01
3.052048622997876137e+01
3.055577002908855988e+01
3.059105382819836549e+01
3.062633762730816755e+01
3.066162142641796962e+01
3.069690522552777168e+01
3.073218902463757374e+01
3.076747282374737580e+01
3.080275662285718141e+01
3.083804042196697992e+01
3.087332422107678553e+01
3.090860802018658404e+01
3.094389181929638966e+01
3.097917561840618816e+01
3.101445941751598667e+01
3.104974321662579229e+01
3.108502701573559079e+01
3.112031081484539641e+01
3.115559461395519492e+01
3.119087841306500053e+01
3.122616221217480259e+01
3.126144601128460465e+01
3.129672981039440671e+01
3.133201360950421233e+01
3.136729740861401083e+01
3.140258120772381645e+01
3.143786500683361496e+01
3.147314880594342057e+01
3.150843260505321908e+01
3.154371640416301759e+01
3.157900020327282320e+01
3.161428400238262171e+01
3.164956780149242732e+01
3.168485160060222583e+01
3.172013539971203144e+01
3.175541919882182995e+01
3.179070299793163557e+01
3.182598679704143763e+01
3.186127059615123969e+01
3.189655439526104175e+01
3.193183819437084736e+01
3.196712199348064587e+01
3.200240579259044438e+01
3.203768959170024999e+01
3.207297339081004850e+01
3.210825718991985411e+01
3.214354098902965262e+01
3.217882478813945824e+01
3.221410858724925674e+01
3.224939238635906236e+01
3.228467618546886087e+01
3.231995998457866648e+01
3.235524378368846499e+01
3.239052758279827060e+01
3.242581138190806911e+01
3.246109518101787472e+01
3.249637898012767323e+01
3.253166277923747174e+01
3.256694657834727735e+01
3.260223037745708297e+01
3.263751417656688147e+01
3.267279797567668709e+01
3.270808177478648560e+01
3.274336557389629121e+01
3.277864937300609682e+01
3.281393317211589533e+01
3.284921697122570095e+01
3.288450077033549945e+01
3.291978456944530507e+01
3.295506836855510358e+01
3.299035216766490919e+01
3.302563596677470770e+01
3.306091976588450621e+01
3.309620356499431182e+01
3.313148736410411033e+01
3.316677116321391594e+01
3.320205496232371445e+01
3.323733876143352006e+01
3.327262256054331857e+01
3.330790635965312418e+01
3.334319015876292269e+01
3.337847395787272831e+01
3.341375775698252681e+01
3.344904155609233243e+01
3.348432535520213094e+01
3.351960915431193655e+01
3.355489295342173506e+01
3.359017675253153357e+01
3.362546055164133918e+01
3.366074435075113769e+01
3.369602814986094330e+01
3.373131194897074181e+01
3.376659574808054742e+01
3.380187954719035304e+01
3.383716334630015155e+01
3.387244714540995716e+01
3.390773094451975567e+01
3.394301474362956128e+01
3.397829854273936689e+01
3.401358234184916540e+01
3.404886614095897102e+01
3.408414994006876952e+01
3.411943373917856803e+01
3.415471753828837365e+01
3.419000133739817215e+01
3.422528513650797777e+01
3.426056893561777628e+01
3.429585273472758189e+01
3.433113653383738040e+01
3.436642033294718601e+01
3.440170413205698452e+01
3.443698793116679013e+01
3.447227173027658864e+01
3.450755552938639426e+01
3.454283932849619276e+01
3.457812312760599838e+01
3.461340692671579689e+01
3.464869072582559539e+01
3.468397452493540101e+01
3.471925832404519952e+01
3.475454212315500513e+01
3.478982592226480364e+01
3.482510972137460925e+01
3.486039352048440776e+01
3.489567731959421337e+01
3.493096111870401188e+01
3.496624491781381749e+01
3.500152871692362311e+01
3.503681251603342162e+01
3.507209631514322723e+01
3.510738011425302574e+01
3.514266391336283135e+01
3.517794771247262986e+01
3.521323151158243547e+01
3.524851531069223398e+01
