0.000000000000000000e+00
2.531464998131300691e-08
1.003775308767087760e-07
2.239647664298053018e-07
3.949808925835152934e-07
6.124565943454391463e-07
8.755465648574960855e-07
1.183527488347975485e-06
1.535796148346822277e-06
1.931867662251575445e-06
2.371373843068212783e-06
2.854061688853551141e-06
3.379792000068099345e-06
3.948538124846086166e-06
4.560384831820775904e-06
5.215527309896658215e-06
5.914270294122982712e-06
6.657027316440820879e-06
7.444320079941996055e-06
8.276777954874290857e-06
9.155137594455116330e-06
1.008024266824579355e-05
1.105304371057743194e-05
1.207459808130780299e-05
1.314607003589695034e-05
1.426873090152887005e-05
1.544395935579619055e-05
1.667324180432572939e-05
1.795817285319271689e-05
1.930045587217735358e-05
2.070190364428611167e-05
2.216443909708285483e-05
2.369009611090168950e-05
2.528102039904007637e-05
2.693947045474715752e-05
2.866781855950251360e-05
3.046855184724858923e-05
3.234427341870097693e-05
3.429770350000704209e-05
3.633168063961995058e-05
3.844916293734053771e-05
4.065322929917645340e-05
4.294708071169650929e-05
4.533404152927223232e-05
4.781756076766107268e-05
5.040121339716230732e-05
5.308870162866785499e-05
5.588385618553440342e-05
5.879063755459135995e-05
6.181313720909019892e-05
6.495557879663905250e-05
6.822231928513420500e-05
7.161785005946430895e-05
7.514679796190963114e-05
7.881392626926349895e-05
8.262413559931449216e-05
8.658246473993217156e-05
9.069409139334690660e-05
9.496433282887671709e-05
9.939864643699936097e-05
1.040026301778338504e-04
1.087820229172958039e-04
1.137427046439747302e-04
1.188906965602509210e-04
1.242321610409617607e-04
1.297734014530986751e-04
1.355208618302456813e-04
1.414811263956029916e-04
1.476609189272581587e-04
1.540671019600892166e-04
1.607066758182256979e-04
1.675867774725762322e-04
1.747146792180766879e-04
1.820977871651148711e-04
1.897436395403468985e-04
1.976599047920011816e-04
2.058543794946877069e-04
2.143349860497838688e-04
2.231097701768735653e-04
2.321868981921573717e-04
2.415746540705461119e-04
2.512814362873606855e-04
2.613157544370373932e-04
2.716862256252040538e-04
2.824015706321022210e-04
2.934706098444598101e-04
3.049022589537894712e-04
3.167055244193932436e-04
3.288894986944188915e-04
3.414633552136770150e-04
3.544363431422745971e-04
3.678177818845621873e-04
3.816170553528541926e-04
3.958436059959388655e-04
4.105069285879336407e-04
4.256165637776023738e-04
4.411820913996724225e-04
4.572131235489757255e-04
4.737192974191866053e-04
4.907102679081456423e-04
5.081956999918919469e-04
5.261852608702157061e-04
5.446886118863890911e-04
5.637154002247811652e-04
5.832752503893000751e-04
6.033777554674455389e-04
6.240324681834329449e-04
6.452488917456751993e-04
6.670364704931084233e-04
6.894045803459167374e-04
7.123625190659808653e-04
7.359194963334935368e-04
7.600846236450927709e-04
7.848669040413725276e-04
8.102752216692460591e-04
8.363183311875237603e-04
8.630048470224272470e-04
8.903432324813567939e-04
9.183417887327930892e-04
9.470086436605023358e-04
9.763517406014048322e-04
1.006378826975282571e-03
1.037097442816117604e-03
1.068514909214271372e-03
1.100638316679383374e-03
1.133474513434084294e-03
1.167030093648626504e-03
1.201311385626828692e-03
1.236324439954564767e-03
1.272075017621003079e-03
1.308568578124374082e-03
1.345810267573375367e-03
1.383804906795611019e-03
1.422556979465099689e-03
1.462070620260461475e-03
1.502349603065846655e-03
1.543397329227540584e-03
1.585216815876862567e-03
1.627810684334239600e-03
1.671181148604702861e-03
1.715330003979148327e-03
1.760258615753232045e-03
1.805967908077351280e-03
1.852458352950334727e-03
1.899729959369533209e-03
1.947782262651481409e-03
1.996614313934568733e-03
2.046224669878434106e-03
2.096611382572095058e-03
2.147771989664270381e-03
2.199703504729109537e-03
2.252402407880060159e-03
2.305864636645472369e-03
2.360085577117847916e-03
2.415060055390842210e-03
2.470782329295892563e-03
2.527246080451710751e-03
2.584444406638504964e-03
2.642369814510595136e-03
2.701014212658670900e-03
2.760368905034019538e-03
2.820424584747439900e-03
2.881171328253683429e-03
2.942598589933977365e-03
3.004695197087381506e-03
3.067449345342541760e-03
3.130848594500852504e-03
3.194879864821213635e-03
3.259529433758298969e-03
3.324782933162560763e-03
3.390625346953606446e-03
3.457041009275711382e-03
3.524013603145217683e-03
3.591526159598704311e-03
3.659561057350378330e-03
3.728100022967884355e-03
3.797124131573304147e-03
3.866613808078433242e-03
3.936548828960199746e-03
4.006908324584482553e-03
4.077670782083874478e-03
4.148814048795673032e-03
4.220315336266391125e-03
4.292151224827387736e-03
4.364297668746624538e-03
4.436730001961499380e-03
4.509422944395762890e-03
4.582350608865150797e-03
4.655486508573522184e-03
4.728803565203625395e-03
4.802274117602671130e-03
4.875869931066683510e-03
4.949562207222157201e-03
5.023321594508169986e-03
5.097118199257099844e-03
5.170921597374566678e-03
5.244700846617831973e-03
5.318424499470494025e-03
5.392060616612585379e-03
5.465576780982448618e-03
5.538940112428451974e-03
5.612117282946834165e-03
5.685074532500901043e-03
5.757777685418151437e-03
5.830192167359530414e-03
5.902283022855301341e-03
5.974014933401587506e-03
6.045352236110706004e-03
6.116258942908296865e-03
6.186698760268977137e-03
6.256635109483207197e-03
6.326031147445453605e-03
6.394849787955264597e-03
6.463053723520751845e-03
6.530605447654337301e-03
6.597467277650139079e-03
6.663601377831183774e-03
6.728969783254776585e-03
6.793534423863415231e-03
6.857257149069015227e-03
6.920099752755969405e-03
6.982023998690151806e-03
7.042991646318861459e-03
7.102964476948015610e-03
7.161904320278866115e-03
7.219773081291932897e-03
7.276532767459515695e-03
7.332145516270127325e-03
7.386573623050091131e-03
7.439779569062295213e-03
7.491726049865967893e-03
7.542376003918266694e-03
7.591692641399931142e-03
7.639639473245186246e-03
7.686180340357394968e-03
7.731279442990064525e-03
7.774901370273921627e-03
7.817011129868890393e-03
7.857574177721354108e-03
7.896556447905107856e-03
7.933924382524886951e-03
7.969644961661290217e-03
8.003685733335545033e-03
8.036014843471434368e-03
8.066601065833334944e-03
8.095413831917216627e-03
8.122423260772159218e-03
8.147600188730680024e-03
8.170916199023416093e-03
8.192343651256589823e-03
8.211855710728799274e-03
8.229426377563306763e-03
8.245030515633765267e-03
8.258643881258874442e-03
8.270243151643571003e-03
8.279805953042602626e-03
8.287310888623486416e-03
8.292737566005596236e-03
8.296066624451316554e-03
8.297279761687040983e-03
8.296359760329505631e-03
8.293290513895160837e-03
8.288057052369344688e-03
8.280645567311704230e-03
8.271043436475821256e-03
8.259239247920203281e-03
8.245222823587224428e-03
8.228985242329126676e-03
8.210518862358007902e-03
8.189817343098116167e-03
8.166875666418773119e-03
8.141690157227128924e-03
8.114258503398598041e-03
8.084579775025252033e-03
8.052654442960910375e-03
8.018484396643401485e-03
7.982072961173820869e-03
7.943424913633536158e-03
7.902546498619721776e-03
7.859445442981512209e-03
7.814130969737284257e-03
7.766613811156900665e-03
7.716906220990334478e-03
7.665021985826413718e-03
7.610976435565411195e-03
7.554786452989613668e-03
7.496470482416021062e-03
7.436048537417448007e-03
7.373542207596670180e-03
7.308974664400866121e-03
7.242370665962602483e-03
7.173756560955213586e-03
7.103160291450492068e-03
7.030611394767794821e-03
6.956141004303078614e-03
6.879781849328804079e-03
6.801568253754693497e-03
6.721536133840878662e-03
6.639722994855230993e-03
6.556167926667980962e-03
6.470911598276215225e-03
6.383996251252931076e-03
6.295465692115235004e-03
6.205365283606854160e-03
6.113741934891728930e-03
6.020644090654913606e-03
5.926121719109115477e-03
5.830226298904930306e-03
5.733010804943928541e-03
5.634529693094593970e-03
5.534838883812131377e-03
5.433995744662798062e-03
5.332059071755934632e-03
5.229089070085938921e-03
5.125147332788403641e-03
5.020296819314775359e-03
4.914601832531001815e-03
4.808127994746057808e-03
4.700942222677601673e-03
4.593112701362020434e-03
4.484708857017573672e-03
4.375801328869948978e-03
4.266461939949819406e-03
4.156763666873785311e-03
4.046780608619542606e-03
3.936587954308345960e-03
3.826261950007067876e-03
3.715879864564358964e-03
3.605519954495051745e-03
3.495261427928267415e-03
3.385184407635318578e-03
3.275369893154085176e-03
3.165899722027628455e-03
3.056856530174838649e-03
2.948323711412515792e-03
2.840385376148146877e-03
2.733126309263958845e-03
2.626631927212948279e-03
2.520988234348871954e-03
2.416281778512182829e-03
2.312599605895153312e-03
2.210029215209384675e-03
2.108658511180336575e-03
2.008575757393284665e-03
1.909869528516236221e-03
1.812628661925831360e-03
1.716942208762463210e-03
1.622899384442011341e-03
1.530589518651447479e-03
1.440102004856594039e-03
1.351526249350448955e-03
1.264951619871346796e-03
1.180467393820102328e-03
1.098162706106513720e-03
1.018126496655148488e-03
9.404474576016311378e-04
8.652139802100746596e-04
7.925141015436550172e-04
7.224354509198551702e-04
6.550651961826718097e-04
5.904899898242934155e-04
5.287959149889475460e-04
4.700684313920269449e-04
4.143923211876358675e-04
3.618516348182192069e-04
3.125296368797671068e-04
2.665087520366274604e-04
2.238705110197651961e-04
1.846954967428235438e-04
1.490632905699982712e-04
1.170524187702884421e-04
8.874029919232485344e-05
6.420318819441248200e-05
4.351612786406090701e-05
2.675289356160339657e-05
1.398594182222771601e-05
5.286358650857146987e-06
7.238082441502837655e-07
3.664821738079279552e-07
4.281049065297762329e-06
1.253260480590445801e-05
2.518462331587047057e-05
4.229890791622728047e-05
6.393554332663893254e-05
9.015284832641561150e-05
1.210073291115221759e-04
1.565536333802298595e-04
1.968445051795619208e-04
2.419307405446540914e-04
2.918611439624593340e-04
3.466824856910709243e-04
4.064394599656189540e-04
4.711746441209111618e-04
5.409284586610454320e-04
6.157391283052807010e-04
6.956426440394109997e-04
7.806727262009942455e-04
8.708607886266336081e-04
9.662359038885115319e-04
1.066824769647469308e-03
1.172651676148544521e-03
1.283738474885054220e-03
1.400104548455986028e-03
1.521766781641615716e-03
1.648739533720665080e-03
1.781034612052396311e-03
1.918661246946337835e-03
2.061626067840701369e-03
2.209933080811332315e-03
2.363583647430781125e-03
2.522576464997472716e-03
2.686907548153452414e-03
2.856570211908862535e-03
3.031555056090075306e-03
3.211849951228329305e-03
3.397440025903523519e-03
3.588307655559028284e-03
3.784432452800103736e-03
3.985791259190013015e-03
4.192358138555203964e-03
4.404104371810807668e-03
4.620998453317525304e-03
4.843006088778225617e-03
5.070090194683706843e-03
5.302210899314529872e-03
5.539325545306290031e-03
5.781388693783207251e-03
6.028352130065689832e-03
6.280164870954975213e-03
6.536773173598429097e-03
6.798120545936757984e-03
7.064147758734868991e-03
7.334792859195469680e-03
7.609991186155642094e-03
7.889675386863314460e-03
8.173775435331350273e-03
8.462218652265844285e-03
8.754929726562400358e-03
9.051830738366590384e-03
9.352841183689637045e-03
9.657878000574084132e-03
9.966855596797908126e-03
1.027968587911052938e-02
1.059627828398719551e-02
1.091653980989283276e-02
1.124037505104053501e-02
1.156768623263337847e-02
1.189837324757337528e-02
1.223233369462353552e-02
1.256946291800653537e-02
1.290965404842219985e-02
1.325279804546701523e-02
1.359878374143524971e-02
1.394749788648395536e-02
1.429882519513835278e-02
1.465264839411917902e-02
1.500884827146678480e-02
1.536730372694130806e-02
1.572789182367229782e-02
1.609048784103602261e-02
1.645496532873085005e-02
1.682119616202847404e-02
1.718905059817076031e-02
1.755839733388537063e-02
1.792910356399174399e-02
1.830103504106648724e-02
1.867405613614111712e-02
1.904802990039752147e-02
1.942281812783245090e-02
1.979828141885790760e-02
2.017427924480462084e-02
2.055067001329523302e-02
2.092731113445321992e-02
2.130405908791388123e-02
2.168076949060014635e-02
2.205729716522974657e-02
2.243349620951694268e-02
2.280922006603107802e-02
2.318432159267644690e-02
2.355865313375453407e-02
2.393206659157176910e-02
2.430441349855398669e-02
2.467554508982744421e-02
2.504531237623024847e-02
2.541356621771159729e-02
2.578015739708080373e-02
2.614493669406607254e-02
2.650775495964138168e-02
2.686846319058244434e-02
2.722691260420983736e-02
2.758295471327859225e-02
2.793644140097382642e-02
2.828722499596971612e-02
2.863515834751117692e-02
2.898009490047783604e-02
2.932188877038608560e-02
2.966039481828963362e-02
2.999546872553671140e-02
3.032696706834186323e-02
3.065474739213018204e-02
3.097866828561360308e-02
3.129858945455724073e-02
3.161437179519360069e-02
3.192587746724553227e-02
3.223296996651466712e-02
3.253551419699445002e-02
3.283337654247017040e-02
3.312642493756125239e-02
3.341452893816771602e-02
3.369755979128262469e-02
3.397539050412578393e-02
3.424789591256645338e-02
3.451495274878816494e-02
3.477643970816506058e-02
3.503223751530361307e-02
3.528222898921985068e-02
3.552629910760746884e-02
3.576433507016594376e-02
3.599622636094712558e-02
3.622186480968885708e-02
3.644114465209797454e-02
3.665396258904625448e-02
3.686021784464982298e-02
3.705981222319335716e-02
3.725265016486906111e-02
3.743863880029670022e-02
3.761768800379368394e-02
3.778971044536363899e-02
3.795462164137236583e-02
3.811234000388367960e-02
3.826278688862291139e-02
3.840588664154273579e-02
3.854156664396279214e-02
3.866975735625447635e-02
3.879039236004899749e-02
3.890340839893911828e-02
3.900874541765337461e-02
3.910634659967868187e-02
3.919615840330659129e-02
3.927813059608491891e-02
3.935221628764994095e-02
3.941837196092282808e-02
3.947655750164772576e-02
3.952673622625742927e-02
3.956887490804214536e-02
3.960294380161602512e-02
3.962891666565279691e-02
3.964677078388798709e-02
3.965648698436548963e-02
3.965804965692171918e-02
3.965144676889034714e-02
3.963666987902278449e-02
3.961371414960983967e-02
3.958257835679798026e-02
3.954326489909318343e-02
3.949577980404322258e-02
3.944013273309553841e-02
3.937633698462381093e-02
3.930440949512003374e-02
3.922437083854976581e-02
3.913624522387060267e-02
3.904006049070674750e-02
3.893584810318987538e-02
3.882364314195708987e-02
3.870348429431802462e-02
3.857541384258630912e-02
3.843947765058456506e-02
3.829572514832842167e-02
3.814420931489007766e-02
3.798498665945770902e-02
3.781811720059159027e-02
3.764366444368951597e-02
3.746169535667092515e-02
3.727228034389294675e-02
3.707549321830477806e-02
3.687141117186266276e-02
3.666011474421044386e-02
3.644168778964667482e-02
3.621621744239218732e-02
3.598379408017457481e-02
3.574451128614760526e-02
3.549846580916699718e-02
3.524575752243647164e-02
3.498648938054937929e-02
3.472076737494654564e-02
3.444870048781069338e-02
3.417040064441961844e-02
3.388598266398899078e-02
3.359556420901740892e-02
3.329926573317182337e-02
3.299721042773043345e-02
3.268952416661357468e-02
3.237633545003259367e-02
3.205777534677934498e-02
3.173397743519178887e-02
3.140507774282091935e-02
3.107121468483287074e-02
3.073252900117466949e-02
3.038916369253887723e-02
3.004126395515610906e-02
2.968897711445103726e-02
2.933245255759562437e-02
2.897184166499152877e-02
2.860729774072008624e-02
2.823897594199373598e-02
2.786703320764155611e-02
2.749162818567308167e-02
2.711292115994939564e-02
2.673107397600278309e-02
2.634624996604431266e-02
2.595861387319247510e-02
2.556833177496703816e-02
2.517557100608307924e-02
2.478050008058713116e-02
2.438328861337330997e-02
2.398410724112111023e-02
2.358312754269246969e-02
2.318052195903351834e-02
2.277646371261512689e-02
2.237112672645931791e-02
2.196468554278847157e-02
2.155731524134242919e-02
2.114919135740037093e-02
2.074048979955376085e-02
2.033138676726890803e-02
1.992205866828264393e-02
1.951268203587208649e-02
1.910343344604002735e-02
1.869448943465985835e-02
1.828602641462014414e-02
1.787822059301010305e-02
1.747124788838996454e-02
1.706528384818769770e-02
1.666050356626028878e-02
1.625708160066630104e-02
1.585519189168742640e-02
1.545500768014102140e-02
1.505670142602599619e-02
1.466044472754069773e-02
1.426640824051540919e-02
1.387476159829873108e-02
1.348567333213744612e-02
1.309931079209153762e-02
1.271584006852125547e-02
1.233542591418791516e-02
1.195823166700488507e-02
1.158441917347891384e-02
1.121414871287904590e-02
1.084757892217022048e-02
1.048486672175086981e-02
1.012616724202718144e-02
9.771633750865378609e-03
9.421417581952638495e-03
9.075668064106482552e-03
8.734532451563747912e-03
8.398155855285700799e-03
8.066681175311670587e-03
7.740249034194203286e-03
7.418997711549525122e-03
7.103063079753232402e-03
6.792578540814143105e-03
6.487674964455721581e-03
6.188480627436091473e-03
5.895121154133498194e-03
5.607719458430780908e-03
5.326395686919902298e-03
5.051267163460129023e-03
4.782448335112343164e-03
4.520050719475928770e-03
4.264182853455926632e-03
4.014950243478938169e-03
3.772455317188810019e-03
3.536797376637216585e-03
3.308072552997078260e-03
3.086373762816011206e-03
2.871790665832183592e-03
2.664409624371047447e-03
2.464313664342005980e-03
2.271582437852941692e-03
2.086292187459184901e-03
1.908515712063319067e-03
1.738322334481087186e-03
1.575777870687784885e-03
1.420944600758820234e-03
1.273881241516791954e-03
1.134642920897199585e-03
1.003281154043805020e-03
8.798438211431585136e-04
7.643751470082985186e-04
6.569156824189796096e-04
5.575022872265549077e-04
4.661681152295815049e-04
3.829426008258325479e-04
3.078514474457688492e-04
2.409166177704685785e-04
1.821563257378882369e-04
1.315850303388882566e-04
8.921343120416489153e-05
5.504846598261082716e-05
2.909330951021508598e-05
1.134737476800508297e-05
1.806315626714489767e-06
4.620313746712781866e-07
7.302673024919446596e-06
2.231265139637447848e-05
4.547264696312626806e-05
7.675962146512957623e-05
1.161468312725529310e-04
1.636038424953805196e-04
2.190965478287653203e-04
2.825871851241380209e-04
3.540343576748989545e-04
4.333930562047873681e-04
5.206146825465529952e-04
6.156470749970289688e-04
7.184345353347748814e-04
8.289178574848909053e-04
9.470343578151104672e-04
1.072717907047036163e-03
1.205898963764611472e-03
1.346504609501740198e-03
1.494458585390736911e-03
1.649681330350831390e-03
1.812090020798349512e-03
1.981598611855045142e-03
2.158117880034981714e-03
2.341555467386610689e-03
2.531815927066978934e-03
2.728800770324411873e-03
2.932408514865639769e-03
3.142534734581733328e-03
3.359072110608050769e-03
3.581910483690938212e-03
3.810936907835707228e-03
4.046035705207043712e-03
4.287088522255123359e-03
4.533974387038701079e-03
4.786569767715342753e-03
5.044748632170515529e-03
5.308382508755100058e-03
5.577340548099995153e-03
5.851489585978584748e-03
6.130694207184216732e-03
6.414816810390810281e-03
6.703717673966840332e-03
6.997255022705845852e-03
7.295285095444653360e-03
7.597662213533131099e-03
7.904238850123423976e-03
8.214865700243437902e-03
8.529391751621090770e-03
8.847664356224376261e-03
9.169529302482541666e-03
9.494830888152632278e-03
9.823411993796779887e-03
1.015511415683389637e-02
1.048977764613085242e-02
1.082724153709610677e-02
1.116734378724015646e-02
1.150992131216639451e-02
1.185481006195633451e-02
1.220184509791152894e-02
1.255086066961684857e-02
1.290169029228707513e-02
1.325416682436166699e-02
1.360812254530816695e-02
1.396338923360097330e-02
1.431979824483562737e-02
1.467718058994222675e-02
1.503536701346292956e-02
1.539418807185477349e-02
1.575347421178234855e-02
1.611305584836155227e-02
1.647276344332178344e-02
1.683242758304630271e-02
1.719187905645596856e-02
1.755094893270050735e-02
1.790946863862174707e-02
1.826727003595028653e-02
1.862418549820411828e-02
1.898004798725006978e-02
1.933469112949580057e-02
1.968794929167472230e-02
2.003965765619215161e-02
2.038965229599493112e-02
2.073777024893447979e-02
2.108384959158560862e-02
2.142772951249035177e-02
2.176925038479224361e-02
2.210825383822860590e-02
2.244458283045007441e-02
2.277808171763234107e-02
2.310859632435098218e-02
2.343597401268715519e-02
2.376006375053472258e-02
2.408071617907475356e-02
2.439778367939362744e-02
2.471112043821006854e-02
2.502058251268285058e-02
2.532602789427530754e-02
2.562731657164205382e-02
2.592431059251595199e-02
2.621687412456553956e-02
2.650487351519752871e-02
2.678817735027728617e-02
2.706665651174558485e-02
2.734018423410098861e-02
2.760863615973197654e-02
2.787189039306546892e-02
2.812982755351764105e-02
2.838233082721893993e-02
2.862928601749594598e-02
2.887058159408312577e-02
2.910610874105157286e-02
2.933576140342837590e-02
2.955943633249113328e-02
2.977703312971751934e-02
2.998845428937283591e-02
3.019360523971813953e-02
3.039239438282278702e-02
3.058473313296320231e-02
3.077053595359760182e-02
3.094972039289695109e-02
3.112220711782185886e-02
3.128791994673048998e-02
3.144678588050593693e-02
3.159873513219310648e-02
3.174370115512798601e-02
3.188162066955851220e-02
3.201243368773792203e-02
3.213608353749101282e-02
3.225251688423472207e-02
3.236168375145580256e-02
3.246353753963335947e-02
3.255803504360084422e-02
3.264513646834305005e-02
3.272480544322450835e-02
3.279700903464347062e-02
3.286171775711033832e-02
3.291890558274659234e-02
3.296854994920490195e-02
3.301063176600708970e-02
3.304513541930084036e-02
3.307204877503690243e-02
3.309136318056589421e-02
3.310307346465876654e-02
3.310717793595193553e-02
3.310367837982220590e-02
3.309258005369329625e-02
3.307389168078328501e-02
3.304762544229156856e-02
3.301379696803898728e-02
3.297242532556248634e-02
3.292353300767496965e-02
3.286714591849766720e-02
3.280329335797380758e-02
3.273200800487373330e-02
3.265332589830038934e-02
3.256728641770939570e-02
3.247393226145128126e-02
3.237330942384990251e-02
3.226546717083161181e-02
3.215045801411521575e-02
3.202833768398007097e-02
3.189916510062414112e-02
3.176300234413045182e-02
3.161991462305525219e-02
3.146997024165512635e-02
3.131324056577205334e-02
3.114979998738989092e-02
3.097972588788497003e-02
3.080309859998798735e-02
3.062000136847370727e-02
3.043052030960257184e-02
3.023474436933333218e-02
3.003276528032471429e-02
2.982467751775217529e-02
2.961057825395665630e-02
2.939056731195269570e-02
2.916474711781353105e-02
2.893322265196143078e-02
2.869610139938249052e-02
2.845349329879338224e-02
2.820551069078284373e-02
2.795226826495244427e-02
2.769388300608421893e-02
2.743047413935779250e-02
2.716216307464664609e-02
2.688907334991567574e-02
2.661133057375066405e-02
2.632906236704601541e-02
2.604239830387447552e-02
2.575146985157312010e-02
2.545641031006793883e-02
2.515735475046804517e-02
2.485443995295738562e-02
2.454780434401309178e-02
2.423758793297975389e-02
2.392393224802780161e-02
2.360698027152694986e-02
2.328687637486351325e-02
2.296376625273205060e-02
2.263779685693002169e-02
2.230911632968829439e-02
2.197787393656648602e-02
2.164421999894097781e-02
2.130830582612245130e-02
2.097028364712726078e-02
2.063030654213781484e-02
2.028852837368060394e-02
1.994510371755428557e-02
1.960018779353693216e-02
1.925393639590636252e-02
1.890650582380136446e-02
1.855805281145720548e-02
1.820873445834717344e-02
1.785870815925663310e-02
1.750813153432737718e-02
1.715716235909701612e-02
1.680595849456873944e-02
1.645467781734000906e-02
1.610347814982111131e-02
1.575251719057563921e-02
1.540195244481136483e-02
1.505194115505424646e-02
1.470264023203300512e-02
1.435420618580855560e-02
1.400679505717272039e-02
1.366056234935108041e-02
1.331566296003747034e-02
1.297225111378833007e-02
1.263048029480879492e-02
1.229050318015671890e-02
1.195247157339573985e-02
1.161653633872386862e-02
1.128284733560750742e-02
1.095155335394712437e-02
1.062280204980400530e-02
1.029673988171352431e-02
9.973512047614247963e-03
9.653262422416661673e-03
9.336133496241030838e-03
9.022266313347951025e-03
8.711800411788791013e-03
8.404873763800065067e-03
8.101622716968601839e-03
7.802181936189461070e-03
7.506684346443284229e-03
7.215261076414903642e-03
6.928041402978462465e-03
6.645152696569307099e-03
6.366720367468343272e-03
6.092867813018108640e-03
5.823716365793849686e-03
5.559385242750792579e-03
5.299991495366127014e-03
5.045649960799628367e-03
4.796473214088626050e-03
4.552571521400051655e-03
4.314052794355329422e-03
4.081022545449099204e-03
3.853583844576978501e-03
3.631837276691365305e-03
3.415880900601265917e-03
3.205810208932145799e-03
3.001718089262020526e-03
2.803694786447941730e-03
2.611827866158435933e-03
2.426202179625074930e-03
2.246899829627147047e-03
2.074000137721621756e-03
1.907579612731713850e-03
1.747711920504436663e-03
1.594467854949694827e-03
1.447915310370184771e-03
1.308119255093086577e-03
1.175141706412389728e-03
1.049041706850806959e-03
9.298753017493026655e-04
8.176955181924909890e-04
7.125523452758853338e-04
6.144927157225037358e-04
5.235604888538271644e-04
4.397964349208141545e-04
3.632382207994493562e-04
2.939203970546593113e-04
2.318743863764589268e-04
1.771284733905526985e-04
1.297077958462508900e-04
8.963433718254455620e-05
5.692692047413350925e-05
3.160120375712659999e-05
1.366967673464810414e-05
3.141658861285269771e-06
2.329880511719772497e-08
4.317575285212232564e-06
1.602429928205882282e-05
3.514011761767136583e-05
6.165851790166285130e-05
9.556983483874328044e-05
