0.000000000000000000e+00
1.325578939982699848e-09
5.302125216872295250e-09
1.192906722595148020e-08
2.120545237517658667e-08
3.312994721125696455e-08
4.770083759284375542e-08
6.491602891769158147e-08
8.477304639327565926e-08
1.072690353657637560e-07
1.324007616922088527e-07
1.601646121644393241e-07
1.905565949840860676e-07
2.235723402844470584e-07
2.592071007061705923e-07
2.974557520167479198e-07
3.383127937880141104e-07
3.817723501129770540e-07
4.278281703768659942e-07
4.764736300822090110e-07
5.277017317144662291e-07
5.815051056602330145e-07
6.378760111799223718e-07
6.968063374162558703e-07
7.582876044706923308e-07
8.223109645030776554e-07
8.888672029049474546e-07
9.579467395113552737e-07
1.029539629852115486e-06
1.103635566463703910e-06
1.180223880244814924e-06
1.259293541859980828e-06
1.340833163186418461e-06
1.424830998818708908e-06
1.511274947609728519e-06
1.600152554266801606e-06
1.691451010990990623e-06
1.785157159159746387e-06
1.881257491069772383e-06
1.979738151707368524e-06
2.080584940584338423e-06
2.183783313597369653e-06
2.289318384960809830e-06
2.397174929167127334e-06
2.507337382988533596e-06
2.619789847534728944e-06
2.734516090365518389e-06
2.851499547615440463e-06
2.970723326192834578e-06
3.092170206025149613e-06
3.215822642309772609e-06
3.341662767860864418e-06
3.469672395453739375e-06
3.599833020252479940e-06
3.732125822249803661e-06
3.866531668762927079e-06
4.003031116964025400e-06
4.141604416478533176e-06
4.282231511981001279e-06
4.424892045882579134e-06
4.569565360998016535e-06
4.716230503345966429e-06
4.864866224879830996e-06
5.015450986345242541e-06
5.167962960142220014e-06
5.322380033216272027e-06
5.478679810022287958e-06
5.636839615493152106e-06
5.796836498084797495e-06
5.958647232817221862e-06
6.122248324382240533e-06
6.287616010279553062e-06
6.454726263999385679e-06
6.623554798223100143e-06
6.794077068092838331e-06
6.966268274463698461e-06
7.140103367258675050e-06
7.315557048817296096e-06
7.492603777266036632e-06
7.671217769983439033e-06
7.851373007031290174e-06
8.033043234658745064e-06
8.216201968852118259e-06
8.400822498859394734e-06
8.586877890821067102e-06
8.774340991395035137e-06
8.963184431382874100e-06
9.153380629474074424e-06
9.344901795932845790e-06
9.537719936361059304e-06
9.731806855504539122e-06
9.927134161018040889e-06
1.012367326737632981e-05
1.032139539968985065e-05
1.052027159764102530e-05
1.072027271940774506e-05
1.092136944562162326e-05
1.112353228333226540e-05
1.132673157007293914e-05
1.153093747784057887e-05
1.173612001719871673e-05
1.194224904135602415e-05
1.214929425028089982e-05
1.235722519485780271e-05
1.256601128101746095e-05
1.277562177395756420e-05
1.298602580235446217e-05
1.319719236255659601e-05
1.340909032289485591e-05
1.362168842793399021e-05
1.383495530274753829e-05
1.404885945729136501e-05
1.426336929070222068e-05
1.447845309566498371e-05
1.469407906280382338e-05
1.491021528507033534e-05
1.512682976214465875e-05
1.534389040490546560e-05
1.556136503984139141e-05
1.577922141352685207e-05
1.599742719713958744e-05
1.621594999090499235e-05
1.643475732864054661e-05
1.665381668227265214e-05
1.687309546639617397e-05
1.709256104279304261e-05
1.731218072504160402e-05
1.753192178305716344e-05
1.775175144771116778e-05
1.797163691542288309e-05
1.819154535278292737e-05
1.841144390113964898e-05
1.863129968128133504e-05
1.885107979805303910e-05
1.907075134500377651e-05
1.929028140903751466e-05
1.950963707511794285e-05
1.972878543086924023e-05
1.994769357134276724e-05
2.016632860361137911e-05
2.038465765152122983e-05
2.060264786036337912e-05
2.082026640154880444e-05
2.103748047734741816e-05
2.125425732554879184e-05
2.147056422420681466e-05
2.168636849631427513e-05
2.190163751451806653e-05
2.211633870584635915e-05
2.233043955637178778e-05
2.254390761595258982e-05
2.275671050292117325e-05
2.296881590879153948e-05
2.318019160297511897e-05
2.339080543741206954e-05
2.360062535136511354e-05
2.380961937601200145e-05
2.401775563919771904e-05
2.422500237004095749e-05
2.443132790367335760e-05
2.463670068588667472e-05
2.484108927773799526e-05
2.504446236025827764e-05
2.524678873907995077e-05
2.544803734903706529e-05
2.564817725881799476e-05
2.584717767554893416e-05
2.604500794942134936e-05
2.624163757826528752e-05
2.643703621209917058e-05
2.663117365774181168e-05
2.682401988330591482e-05
2.701554502278836998e-05
2.720571938053364244e-05
2.739451343578448440e-05
2.758189784714389783e-05
2.776784345703278432e-05
2.795232129617867078e-05
2.813530258805447382e-05
2.831675875325081267e-05
2.849666141390850546e-05
2.867498239810305913e-05
2.885169374417491527e-05
2.902676770509539001e-05
2.920017675277228474e-05
2.937189358234555954e-05
2.954189111645998079e-05
2.971014250950983367e-05
2.987662115186443071e-05
3.004130067407392179e-05
3.020415495103766180e-05
3.036515810617664756e-05
3.052428451552413125e-05
3.068150881182062496e-05
3.083680588862634727e-05
3.099015090432811597e-05
3.114151928612970678e-05
3.129088673410811112e-05
3.143822922509963521e-05
3.158352301664603005e-05
3.172674465088120037e-05
3.186787095841952627e-05
3.200687906212402827e-05
3.214374638097227982e-05
3.227845063375836147e-05
3.241096984287413109e-05
3.254128233794423530e-05
3.266936675953355235e-05
3.279520206275345859e-05
3.291876752083034444e-05
3.304004272869094216e-05
3.315900760644051423e-05
3.327564240285224285e-05
3.338992769881235007e-05
3.350184441069130927e-05
3.361137379372667114e-05
3.371849744532085430e-05
3.382319730832494977e-05
3.392545567428005852e-05
3.402525518658980938e-05
3.412257884370221452e-05
3.421741000216207133e-05
3.430973237976160645e-05
3.439953005846596497e-05
3.448678748746083496e-05
3.457148948602949313e-05
3.465362124646583246e-05
3.473316833691871236e-05
3.481011670416710971e-05
3.488445267636888981e-05
3.495616296575313788e-05
3.502523467127683385e-05
3.509165528122132685e-05
3.515541267572141971e-05
3.521649512934303932e-05
3.527489131340728494e-05
3.533059029849238059e-05
3.538358155674808757e-05
3.543385496418501084e-05
3.548140080293085089e-05
3.552620976341311278e-05
3.556827294650880119e-05
3.560758186560922928e-05
3.564412844866309601e-05
3.567790504015901082e-05
3.570890440304985084e-05
3.573711972058180318e-05
3.576254459813843018e-05
3.578517306498103074e-05
3.580499957596851025e-05
3.582201901315755456e-05
3.583622668738235318e-05
3.584761833984723134e-05
3.585619014348940398e-05
3.586193870447781750e-05
3.586486106349158677e-05
3.586495469704825120e-05
3.586221751868218731e-05
3.585664788018057210e-05
3.584824457264513544e-05
3.583700682750731216e-05
3.582293431755931149e-05
3.580602715786722541e-05
3.578628590660253033e-05
3.576371156584801531e-05
3.573830558236543099e-05
3.571006984816121958e-05
3.567900670122558154e-05
3.564511892594966308e-05
3.560840975369179424e-05
3.556888286311716949e-05
3.552654238059189419e-05
3.548139288043337432e-05
3.543343938515534615e-05
3.538268736555939652e-05
3.532914274085693549e-05
3.527281187868382638e-05
3.521370159504013118e-05
3.515181915413431073e-05
3.508717226829261926e-05
3.501976909755822069e-05
3.494961824949087545e-05
3.487672877872287841e-05
3.480111018650838313e-05
3.472277242014974372e-05
3.464172587249805677e-05
3.455798138117000147e-05
3.447155022787175147e-05
3.438244413762749047e-05
3.429067527781225650e-05
3.419625625723068170e-05
3.409920012518173252e-05
3.399952037023480124e-05
3.389723091918465708e-05
3.379234613575887394e-05
3.368488081933281362e-05
3.357485020356021073e-05
3.346226995492115495e-05
3.334715617123003908e-05
3.322952538001436507e-05
3.310939453688684162e-05
3.298678102377015215e-05
3.286170264717684094e-05
3.273417763622992594e-05
3.260422464081937555e-05
3.247186272949689295e-05
3.233711138745717234e-05
3.219999051431103571e-05
3.206052042190841593e-05
3.191872183196888706e-05
3.177461587375174780e-05
3.162822408160306825e-05
3.147956839242274294e-05
3.132867114299025873e-05
3.117555506744215617e-05
3.102024329438933238e-05
3.086275934421735739e-05
3.070312712609461140e-05
3.054137093509838336e-05
3.037751544911354448e-05
3.021158572577353963e-05
3.004360719930031064e-05
2.987360567715885838e-05
2.970160733685393360e-05
2.952763872245765239e-05
2.935172674119365972e-05
2.917389865984379538e-05
2.899418210119601055e-05
2.881260504033066359e-05
2.862919580086066283e-05
2.844398305116611369e-05
2.825699580039841703e-05
2.806826339461863923e-05
2.787781551269749995e-05
2.768568216223138588e-05
2.749189367535892278e-05
2.729648070449620860e-05
2.709947421804351862e-05
2.690090549601624508e-05
2.670080612552655920e-05
2.649920799629111094e-05
2.629614329606103892e-05
2.609164450588016820e-05
2.588574439547233985e-05
2.567847601829291576e-05
2.546987270678779968e-05
2.525996806737277483e-05
2.504879597547338395e-05
2.483639057041710381e-05
2.462278625034240953e-05
2.440801766694972495e-05
2.419211972022701284e-05
2.397512755316917843e-05
2.375707654630688701e-05
2.353800231229515171e-05
2.331794069034275017e-05
2.309692774063392976e-05
2.287499973866199442e-05
2.265219316951124604e-05
2.242854472209096698e-05
2.220409128323628617e-05
2.197886993185558125e-05
2.175291793292475072e-05
2.152627273145448942e-05
2.129897194642697936e-05
2.107105336460551545e-05
2.084255493436557130e-05
2.061351475937586912e-05
2.038397109231067448e-05
2.015396232843813987e-05
1.992352699919580365e-05
1.969270376567189230e-05
1.946153141207558748e-05
1.923004883907106303e-05
1.899829505718797867e-05
1.876630918002742868e-05
1.853413041754879587e-05
1.830179806920132738e-05
1.806935151706039636e-05
1.783683021889629573e-05
1.760427370120135111e-05
1.737172155212652331e-05
1.713921341445615764e-05
1.690678897842322350e-05
1.667448797456904010e-05
1.644235016647769881e-05
1.621041534355470421e-05
1.597872331369864143e-05
1.574731389589082041e-05
1.551622691286455127e-05
1.528550218358830292e-05
1.505517951582304814e-05
1.482529869855756145e-05
1.459589949445209574e-05
1.436702163223867563e-05
1.413870479901051759e-05
1.391098863261219956e-05
1.368391271382631053e-05
1.345751655869978266e-05
1.323183961065407926e-05
1.300692123272017269e-05
1.278280069963116314e-05
1.255951718994795372e-05
1.233710977809091512e-05
1.211561742642719005e-05
1.189507897723759202e-05
1.167553314471142066e-05
1.145701850689438184e-05
1.123957349763346188e-05
1.102323639844993615e-05
1.080804533041795105e-05
1.059403824604370918e-05
1.038125292104801812e-05
1.016972694624425416e-05
9.959497719253902344e-06
9.750602436323440613e-06
9.543078084070183315e-06
9.336961431204756755e-06
9.132289020269866587e-06
8.929097159319098647e-06
8.727421913653643306e-06
8.527299097472785077e-06
8.328764265545791670e-06
8.131852704896376405e-06
7.936599426437244964e-06
7.743039156628438703e-06
7.551206329124604683e-06
7.361135076389914990e-06
7.172859221368118568e-06
6.986412269102679102e-06
6.801827398352721782e-06
6.619137453261562175e-06
6.438374934983583947e-06
6.259571993317724293e-06
6.082760418360031151e-06
5.907971632172371654e-06
5.735236680425599140e-06
5.564586224094280750e-06
5.396050531124307282e-06
5.229659468145969209e-06
5.065442492169757481e-06
4.903428642335137756e-06
4.743646531632100149e-06
4.586124338681001785e-06
4.430889799516585230e-06
4.277970199394150217e-06
4.127392364616547985e-06
3.979182654384576595e-06
3.833366952689881212e-06
3.689970660230377409e-06
3.549018686328587000e-06
3.410535440933025870e-06
3.274544826599156301e-06
3.141070230549026523e-06
3.010134516733967647e-06
2.881760017977202218e-06
2.755968528107583066e-06
2.632781294153341475e-06
2.512219008623096687e-06
2.394301801756621670e-06
2.279049233875378786e-06
2.166480287781619653e-06
2.056613361183834532e-06
1.949466259170878555e-06
1.845056186803498433e-06
1.743399741660930830e-06
1.644512906557991537e-06
1.548411042223812893e-06
1.455108880114926355e-06
1.364620515235283957e-06
1.276959399094034009e-06
1.192138332668951805e-06
1.110169459446671433e-06
1.031064258578850150e-06
9.548335380731493985e-07
8.814874280753921540e-07
8.110353742360346671e-07
7.434861311422314861e-07
6.788477558483843648e-07
6.171276014782008685e-07
5.583323109364150527e-07
5.024678106870046757e-07
4.495393046374522771e-07
3.995512681043242785e-07
3.525074418972613190e-07
3.084108264808161073e-07
2.672636762438987096e-07
2.290674938873257328e-07
1.938230248893090587e-07
1.615302521022854277e-07
1.321883904515245486e-07
1.057958817531299565e-07
8.235038963319089141e-08
6.184879458169177081e-08
4.428718911763912084e-08
2.966087308136776427e-08
1.796434904649662294e-08
9.191317869343890556e-09
3.334674359866341684e-09
3.865030920602632720e-10
3.380743487628740970e-10
3.179840203724654622e-09
8.901430747180143537e-09
1.749165045301864739e-08
2.893847469711567570e-08
4.322904642077586969e-08
6.034967294620055618e-08
8.028582295582547311e-08
1.030221236161940662e-07
1.285423578758426671e-07
1.568294619160711210e-07
1.878655227823288509e-07
2.216317761648305109e-07
2.581086043802528280e-07
2.972755344955960905e-07
3.391112366665597209e-07
3.835935226274154360e-07
4.306993443871107475e-07
4.804047931035884332e-07
5.326850981542464399e-07
5.875146263933373219e-07
6.448668816270211074e-07
7.047145042616531311e-07
7.670292711879281388e-07
8.317820958418864581e-07
8.989430285151969910e-07
9.684812568323459294e-07
1.040365106501778585e-06
1.114562042244448036e-06
1.191038668967274345e-06
1.269760733183770648e-06
1.350693124615603518e-06
1.433799878104942004e-06
1.519044175698932022e-06
1.606388349019920064e-06
1.695793881880422420e-06
1.787221413136455819e-06
1.880630739807194294e-06
1.975980820458640494e-06
2.073229778833386114e-06
2.172334907795973414e-06
2.273252673492393446e-06
2.375938719820657550e-06
2.480347873202385935e-06
2.586434147584819725e-06
2.694150749790371034e-06
2.803450085134465227e-06
2.914283763347556106e-06
3.026602604802370679e-06
3.140356647067446273e-06
3.255495151740776357e-06
3.371966611624622609e-06
3.489718758254828047e-06
3.608698569708641381e-06
3.728852278747581002e-06
3.850125381377461016e-06
3.972462645648927608e-06
4.095808120896034276e-06
4.220105147290280500e-06
4.345296365717106539e-06
4.471323728173975025e-06
4.598128508315069722e-06
4.725651312572053774e-06
4.853832091578690854e-06
4.982610151970900959e-06
5.111924168627593527e-06
5.241712197321110428e-06
5.371911687715785103e-06
5.502459496844785634e-06
5.633291903006722776e-06
5.764344620093794171e-06
5.895552812276205020e-06
6.026851109313531202e-06
6.158173622114256270e-06
6.289453958898878714e-06
6.420625241774606935e-06
6.551620123812000010e-06
6.682370806551533586e-06
6.812809058080627214e-06
6.942866231546077963e-06
7.072473284211241244e-06
7.201560797011884501e-06
7.330058994664328400e-06
7.457897766246623742e-06
7.585006686413082846e-06
7.711315037101916265e-06
7.836751829794722459e-06
7.961245828400137427e-06
8.084725572683618141e-06
8.207119402275892634e-06
8.328355481334331035e-06
8.448361823789377509e-06
8.567066319185526478e-06
8.684396759205307252e-06
8.800280864796044406e-06
8.914646314011207337e-06
9.027420770480937598e-06
9.138531912504051070e-06
9.247907462987301784e-06
9.355475219954432955e-06
9.461163087797386413e-06
9.564899109330721205e-06
9.666611498486860042e-06
9.766228673884874058e-06
9.863679293065338700e-06
9.958892287528739280e-06
1.005179689866066412e-05
1.014232271442065550e-05
1.023039970675409810e-05
1.031595827006957150e-05
1.039892926037690883e-05
1.047924403544627725e-05
1.055683449573663551e-05
1.063163312639511385e-05
1.070357303996261613e-05
1.077258802026710607e-05
1.083861256717085865e-05
1.090158194217421253e-05
1.096143221531152205e-05
1.101810031281830401e-05
1.107152406593474676e-05
1.112164226077354007e-05
1.116839468928750435e-05
1.121172220126601251e-05
1.125156675753779688e-05
1.128787148431273416e-05
1.132058072861528309e-05
1.134964011498325212e-05
1.137499660341285064e-05
1.139659854845341472e-05
1.141439575959784084e-05
1.142833956302278176e-05
1.143838286457603760e-05
1.144448021411143384e-05
1.144658787127132113e-05
1.144466387251991741e-05
1.143866809976337136e-05
1.142856235031201237e-05
1.141431040833707315e-05
1.139587811791411176e-05
1.137323345747744488e-05
1.134634661605052786e-05
1.131519007079509911e-05
1.127973866648540499e-05
1.123996969645727342e-05
1.119586298537431203e-05
1.114740097363097710e-05
1.109456880363155630e-05
1.103735440778787265e-05
1.097574859844591468e-05
1.090974515960021426e-05
1.083934094064408173e-05
1.076453595193676390e-05
1.068533346251805090e-05
1.060174009970552206e-05
1.051376595091403026e-05
1.042142466753164328e-05
1.032473357088332495e-05
1.022371376056024706e-05
1.011839022485588072e-05
1.000879195357621928e-05
9.894952053120705321e-06
9.776907864074457674e-06
9.654701081020968380e-06
9.528377875097622673e-06
9.397989018816949123e-06
9.263590013694071294e-06
9.125241220312655448e-06
8.983007991238120535e-06
8.836960806485901051e-06
8.687175411948568773e-06
8.533732960526034831e-06
8.376720156231680074e-06
8.216229401169196979e-06
8.052358945589560151e-06
7.885213040924889027e-06
7.714902096056665243e-06
7.541542836602632266e-06
7.365258467563052263e-06
7.186178839208416601e-06
7.004440616304322173e-06
6.820187450821246242e-06
6.633570158035536273e-06
6.444746896212141273e-06
6.253883349898376709e-06
6.061152916876777751e-06
5.866736898846623725e-06
5.670824695897188618e-06
5.473614004848580445e-06
5.275311021579407995e-06
5.076130647214600334e-06
4.876296698554054305e-06
4.676042122490768252e-06
4.475609214725790074e-06
4.275249842728009909e-06
4.075225673020128703e-06
3.875808402878839884e-06
3.677279996592097413e-06
3.479932926166844453e-06
3.284070416735580642e-06
3.090006696650001859e-06
2.898067252334394255e-06
2.708589087998045482e-06
2.521920990247552643e-06
2.338423797711544688e-06
2.158470675711973747e-06
1.982447396080091886e-06
1.810752622148004152e-06
1.643798199083660565e-06
1.482009449506013493e-06
1.325825474575980235e-06
1.175699460544442893e-06
1.032098990883318541e-06
8.955063640581514014e-07
7.664189169905477398e-07
6.453493542923376235e-07
5.328260833633432194e-07
4.293935553682434318e-07
3.356126122102309018e-07
2.520608395374678372e-07
1.793329258538519871e-07
1.180410277922386076e-07
6.881514161933187590e-08
3.230348103279330997e-08
9.172861291290467372e-09
1.090897554388214885e-10
5.817362879814708510e-09
2.702266971280322272e-08
6.447020195335681964e-08
1.189257706148920422e-07
1.911762293316397372e-07
2.820299043667261578e-07
3.923170313361039291e-07
5.228901987222147240e-07
6.746247981615696580e-07
8.484194815825267325e-07
1.045196625192765748e-06
1.265902800336710862e-06
1.511509251266539295e-06
1.783012379812371542e-06
2.081434236972695563e-06
2.407823021453136393e-06
2.763253585076286281e-06
3.148827945214070925e-06
3.565675803998663716e-06
4.014955074560505390e-06
4.497852414075268328e-06
5.015583763645941782e-06
5.569394895060981501e-06
6.160561964259598261e-06
6.790392071604993243e-06
7.460223828752163343e-06
8.171427932186046888e-06
8.925407743305436640e-06
9.723599874929779308e-06
1.056747478424283423e-05
1.145853737203579487e-05
1.239832758804850033e-05
1.338842104252086713e-05
1.443042962356798253e-05
1.552600212051865876e-05
1.667682485283366093e-05
1.788462230454177017e-05
1.915115776418423752e-05
2.047823396984169977e-05
2.186769375917751247e-05
2.332142072429052915e-05
2.484133987130366213e-05
2.642941828415197846e-05
2.808766579255664975e-05
2.981813564409122643e-05
3.162292517953320051e-05
3.350417651192752754e-05
3.546407720843555212e-05
3.750486097511995960e-05
3.962880834408534676e-05
4.183824736272114859e-05
4.413555428473596524e-05
4.652315426236278660e-05
4.900352203985679602e-05
5.157918264736052874e-05
5.425271209485480432e-05
5.702673806595156208e-05
5.990394061088436651e-05
6.288705283831176563e-05
6.597886160502868121e-05
6.918220820399747530e-05
7.249998904905059749e-05
7.593515635641517132e-05
7.949071882227772869e-05
8.316974229567017829e-05
8.697535044638115631e-05
9.091072542664177980e-05
9.497910852656890276e-05
9.918380082224703253e-05
1.035281638158887533e-04
1.080156200670166414e-04
1.126496538147712966e-04
1.174338115890385400e-04
1.223717028112568351e-04
1.274670003828748345e-04
1.327234412607436931e-04
1.381448270192184183e-04
1.437350243972531304e-04
1.494979658297903398e-04
1.554376499626992448e-04
1.615581421498697701e-04
1.678635749316738856e-04
1.743581484934799092e-04
1.810461311035396466e-04
1.879318595286136621e-04
1.950197394263059351e-04
2.023142457133536229e-04
2.098199229077466767e-04
2.175413854446770672e-04
2.254833179637128772e-04
2.336504755665160047e-04
2.420476840445489317e-04
2.506798400731378063e-04
2.595519113732435920e-04
2.686689368378910735e-04
2.780360266211143899e-04
2.876583621903339746e-04
2.975411963381217211e-04
3.076898531534408938e-04
3.181097279498348103e-04
3.288062871495139199e-04
3.397850681214192045e-04
3.510516789715761301e-04
3.626117982845192050e-04
3.744711748126863804e-04
3.866356271142500967e-04
3.991110431350824279e-04
4.119033797354511761e-04
4.250186621573894007e-04
4.384629834324384342e-04
4.522425037274266303e-04
4.663634496258926908e-04
4.808321133441719863e-04
4.956548518791628003e-04
5.108380860860412941e-04
5.263882996850120788e-04
5.423120381933013668e-04
5.586159077819212926e-04
5.753065740536026512e-04
5.923907607419284750e-04
6.098752483269544427e-04
6.277668725679855103e-04
6.460725229487597390e-04
6.647991410353203470e-04
6.839537187425894817e-04
7.035432965081330923e-04
7.235749613721462192e-04
7.440558449590998439e-04
7.649931213610562403e-04
7.863940049200763291e-04
8.082657479061282650e-04
8.306156380909378778e-04
8.534509962127241394e-04
8.767791733326058120e-04
9.006075480782426129e-04
9.249435237743847691e-04
9.497945254569055331e-04
9.751679967690648392e-04
1.001071396737596630e-03
1.027512196428201135e-03
1.054497875474854013e-03
1.082035918485635493e-03
1.110133811319241083e-03
1.138799037233563039e-03
1.168039072901037477e-03
1.197861384293107036e-03
1.228273422428623543e-03
1.259282618986658176e-03
1.290896381781008861e-03
1.323122090095387240e-03
1.355967089878373647e-03
1.389438688795380543e-03
1.423544151138419599e-03
1.458290692588759888e-03
1.493685474837574230e-03
1.529735600055803172e-03
1.566448105219330226e-03
1.603829956283829659e-03
1.641888042211123470e-03
1.680629168845216128e-03
1.720060052638131953e-03
1.760187314224837419e-03
1.801017471846716456e-03
1.842556934624351187e-03
1.884811995678877580e-03
1.927788825101576630e-03
1.971493462773614945e-03
2.015931811034193683e-03
2.061109627200127976e-03
2.107032515935261096e-03
2.153705921471580579e-03
2.201135119683812237e-03
2.249325210018012031e-03
2.298281107274618117e-03
2.348007533249986314e-03
2.398509008236287144e-03
2.449789842380984371e-03
2.501854126911949670e-03
2.554705725226124810e-03
2.608348263845892533e-03
2.662785123249422799e-03
2.718019428570490632e-03
2.774054040180117670e-03
2.830891544145064821e-03
2.888534242573801650e-03
2.946984143850057882e-03
3.006242952758233101e-03
3.066312060508208977e-03
3.127192534659581791e-03
3.188885108955711017e-03
3.251390173068430083e-03
3.314707762260470092e-03
3.378837546974210269e-03
3.443778822346340533e-03
3.509530497662608460e-03
3.576091085754135989e-03
3.643458692341560411e-03
3.711631005341108156e-03
3.780605284130347105e-03
3.850378348790820665e-03
3.920946569327925756e-03
3.992305854883545710e-03
4.064451642943892745e-03
4.137378888555589065e-03
4.211082053558735244e-03
4.285555095845512003e-03
4.360791458654148661e-03
4.436784059911979931e-03
4.513525281632803018e-03
4.591006959384345311e-03
4.669220371833882229e-03
4.748156230384197735e-03
4.827804668914695112e-03
4.908155233635524972e-03
4.989196873068208436e-03
5.070917928168677639e-03
5.153306122602752462e-03
5.236348553186773343e-03
5.320031680509909947e-03
5.404341319751957556e-03
5.489262631704571425e-03
5.574780114022324234e-03
5.660877592705294489e-03
5.747538213838567465e-03
5.834744435596064642e-03
5.922478020532286926e-03
6.010720028169036326e-03
6.099450807900983276e-03
6.188649992229793180e-03
6.278296490349624670e-03
6.368368482093245651e-03
6.458843412263965723e-03
6.549697985363020503e-03
6.640908160734097961e-03
6.732449148141330525e-03
6.824295403796902353e-03
6.916420626858104867e-03
7.008797756409681189e-03
7.101398968949726095e-03
7.194195676399308542e-03
7.287158524651108325e-03
7.380257392674017744e-03
7.473461392197501725e-03
7.566738867987749320e-03
7.660057398737213884e-03
7.753383798583109339e-03
7.846684119277261282e-03
7.939923653019959060e-03
8.033066935980324660e-03
8.126077752516055325e-03
8.218919140116813862e-03
8.311553395084499141e-03
8.403942078964693474e-03
8.496046025757320042e-03
8.587825349908428940e-03
8.679239455115677834e-03
8.770247043950228985e-03
8.860806128321198002e-03
8.950874040792481529e-03
9.040407446770478556e-03
9.129362357577244097e-03
9.217694144422474214e-03
9.305357553291230752e-03
9.392306720757522681e-03
9.478495190744186047e-03
9.563875932231223967e-03
9.648401357933704403e-03
9.732023343959589345e-03
9.814693250455589629e-03
9.896361943252465071e-03
9.976979816522244318e-03
1.005649681645505097e-02
1.013486246595871575e-02
1.021202589040344499e-02
