0.000000000000000000e+00
8.388415008277881890e-01
1.677683001655576378e+00
2.516524502483364678e+00
3.355366003311152756e+00
4.194207504138940834e+00
5.033049004966729356e+00
5.871890505794516990e+00
6.710732006622305512e+00
7.549573507450094034e+00
8.388415008277881668e+00
9.227256509105670190e+00
1.006609800993345871e+01
1.090493951076124723e+01
1.174378101158903398e+01
1.258262251241682250e+01
1.342146401324461102e+01
1.426030551407239955e+01
1.509914701490018807e+01
1.593798851572797837e+01
1.677683001655576689e+01
1.761567151738355363e+01
1.845451301821134393e+01
1.929335451903913068e+01
2.013219601986692098e+01
2.097103752069470772e+01
2.180987902152249802e+01
2.264872052235028477e+01
2.348756202317807507e+01
2.432640352400585826e+01
2.516524502483364856e+01
