0.000000000000000000e+00
2.519043546029388000e-02
5.038087092058776001e-02
7.557130638088165042e-02
1.007617418411755200e-01
1.259521773014694035e-01
1.511426127617633008e-01
1.763330482220571704e-01
2.015234836823510400e-01
2.267139191426460754e-01
2.519043546029399727e-01
2.770947900632338423e-01
3.022852255235277119e-01
3.274756609838215815e-01
3.526660964441154511e-01
3.778565319044093762e-01
4.030469673647032458e-01
4.282374028249971154e-01
4.534278382852909850e-01
4.786182737455849101e-01
5.038087092058787242e-01
5.289991446661725938e-01
5.541895801264665744e-01
5.793800155867604440e-01
6.045704510470543136e-01
6.297608865073481832e-01
6.549513219676420528e-01
6.801417574279359224e-01
7.053321928882309022e-01
7.305226283485248828e-01
7.557130638088187524e-01
7.809034992691126220e-01
8.060939347294064916e-01
8.312843701897003612e-01
8.564748056499942308e-01
8.816652411102881004e-01
9.068556765705819700e-01
9.320461120308758396e-01
9.572365474911698202e-01
9.824269829514636898e-01
1.007617418411757448e+00
1.032807853872051318e+00
1.057998289332345188e+00
1.083188724792639279e+00
1.108379160252933149e+00
1.133569595713228129e+00
1.158760031173520888e+00
1.183950466633815868e+00
1.209140902094109737e+00
1.234331337554403607e+00
1.259521773014697477e+00
1.284712208474991346e+00
1.309902643935285216e+00
1.335093079395579085e+00
1.360283514855872955e+00
1.385473950316166825e+00
1.410664385776460694e+00
1.435854821236754564e+00
1.461045256697048433e+00
1.486235692157342525e+00
1.511426127617636395e+00
1.536616563077930264e+00
1.561806998538225244e+00
1.586997433998518003e+00
1.612187869458812983e+00
1.637378304919105743e+00
1.662568740379400722e+00
1.687759175839694592e+00
1.712949611299988462e+00
1.738140046760282331e+00
1.763330482220576201e+00
1.788520917680870070e+00
1.813711353141163940e+00
1.838901788601457810e+00
1.864092224061751679e+00
1.889282659522045549e+00
1.914473094982339640e+00
1.939663530442633510e+00
1.964853965902927380e+00
1.990044401363221249e+00
2.015234836823514897e+00
2.040425272283810099e+00
2.065615707744102636e+00
2.090806143204397838e+00
2.115996578664690375e+00
2.141187014124985577e+00
2.166377449585279447e+00
2.191567885045573316e+00
2.216758320505867186e+00
2.241948755966161055e+00
2.267139191426454925e+00
2.292329626886748795e+00
2.317520062347042664e+00
2.342710497807336534e+00
2.367900933267630403e+00
2.393091368727924273e+00
2.418281804188218143e+00
2.443472239648512012e+00
2.468662675108805882e+00
2.493853110569099751e+00
2.519043546029394953e+00
2.544233981489687491e+00
2.569424416949982692e+00
2.594614852410275674e+00
2.619805287870570432e+00
2.644995723330863413e+00
2.670186158791158171e+00
2.695376594251452040e+00
2.720567029711745910e+00
2.745757465172039780e+00
2.770947900632333649e+00
2.796138336092627519e+00
2.821328771552921388e+00
2.846519207013215258e+00
2.871709642473509128e+00
2.896900077933804329e+00
2.922090513394096867e+00
2.947280948854392069e+00
2.972471384314685050e+00
2.997661819774979808e+00
3.022852255235272789e+00
3.048042690695567547e+00
3.073233126155860528e+00
3.098423561616155286e+00
3.123613997076449156e+00
3.148804432536743025e+00
3.173994867997036895e+00
3.199185303457330765e+00
3.224375738917624634e+00
3.249566174377918504e+00
3.274756609838212373e+00
3.299947045298506243e+00
3.325137480758800113e+00
3.350327916219093982e+00
3.375518351679389184e+00
3.400708787139682165e+00
3.425899222599976923e+00
3.451089658060269905e+00
3.476280093520564662e+00
3.501470528980857644e+00
3.526660964441152402e+00
3.551851399901445383e+00
3.577041835361740141e+00
3.602232270822034010e+00
3.627422706282327880e+00
3.652613141742621750e+00
3.677803577202915619e+00
3.702994012663209489e+00
3.728184448123503358e+00
3.753374883583797228e+00
3.778565319044091098e+00
3.803755754504386299e+00
3.828946189964679281e+00
3.854136625424974039e+00
3.879327060885267020e+00
3.904517496345561778e+00
3.929707931805854759e+00
3.954898367266149517e+00
3.980088802726442498e+00
4.005279238186737700e+00
4.030469673647031570e+00
4.055660109107325439e+00
4.080850544567619309e+00
4.106040980027913179e+00
4.131231415488207048e+00
4.156421850948500918e+00
4.181612286408794787e+00
4.206802721869088657e+00
4.231993157329382527e+00
4.257183592789676396e+00
4.282374028249971154e+00
4.307564463710264135e+00
4.332754899170558893e+00
4.357945334630851875e+00
4.383135770091146632e+00
4.408326205551439614e+00
4.433516641011734372e+00
4.458707076472027353e+00
4.483897511932322111e+00
4.509087947392615980e+00
4.534278382852909850e+00
4.559468818313203720e+00
4.584659253773497589e+00
4.609849689233791459e+00
4.635040124694085328e+00
4.660230560154379198e+00
4.685420995614673068e+00
4.710611431074966937e+00
4.735801866535260807e+00
4.760992301995556453e+00
4.786182737455848546e+00
4.811373172916144192e+00
4.836563608376436285e+00
4.861754043836731931e+00
4.886944479297024024e+00
4.912134914757319670e+00
4.937325350217611764e+00
4.962515785677907409e+00
4.987706221138199503e+00
5.012896656598495149e+00
5.038087092058789906e+00
5.063277527519082888e+00
5.088467962979374981e+00
5.113658398439670627e+00
5.138848833899965385e+00
5.164039269360258366e+00
5.189229704820551348e+00
5.214420140280846105e+00
5.239610575741140863e+00
5.264801011201433845e+00
5.289991446661726826e+00
5.315181882122021584e+00
5.340372317582316342e+00
5.365562753042611099e+00
5.390753188502904081e+00
5.415943623963197062e+00
5.441134059423491820e+00
5.466324494883787466e+00
5.491514930344079559e+00
5.516705365804372541e+00
5.541895801264667298e+00
5.567086236724962944e+00
5.592276672185255038e+00
5.617467107645548019e+00
5.642657543105842777e+00
5.667847978566138423e+00
5.693038414026430516e+00
5.718228849486723497e+00
5.743419284947018255e+00
5.768609720407313901e+00
5.793800155867608659e+00
5.818990591327901640e+00
5.844181026788193734e+00
5.869371462248489379e+00
5.894561897708784137e+00
5.919752333169077119e+00
5.944942768629370100e+00
5.970133204089664858e+00
5.995323639549959616e+00
6.020514075010252597e+00
6.045704510470545578e+00
6.070894945930840336e+00
6.096085381391135094e+00
6.121275816851428075e+00
6.146466252311721057e+00
6.171656687772015815e+00
6.196847123232310572e+00
6.222037558692606218e+00
6.247227994152898312e+00
6.272418429613191293e+00
6.297608865073486051e+00
6.322799300533781697e+00
6.347989735994073790e+00
6.373180171454366771e+00
6.398370606914661529e+00
6.423561042374957175e+00
6.448751477835249268e+00
6.473941913295542250e+00
6.499132348755837008e+00
6.524322784216132654e+00
6.549513219676424747e+00
6.574703655136717728e+00
6.599894090597012486e+00
6.625084526057308132e+00
6.650274961517600225e+00
6.675465396977893207e+00
6.700655832438187964e+00
6.725846267898483610e+00
6.751036703358778368e+00
6.776227138819071349e+00
6.801417574279364331e+00
6.826608009739659089e+00
6.851798445199953846e+00
6.876988880660246828e+00
6.902179316120539809e+00
6.927369751580834567e+00
6.952560187041129325e+00
6.977750622501422306e+00
7.002941057961715288e+00
7.028131493422010045e+00
7.053321928882304803e+00
7.078512364342597785e+00
7.103702799802890766e+00
7.128893235263185524e+00
7.154083670723480282e+00
7.179274106183775928e+00
7.204464541644068021e+00
7.229654977104361002e+00
7.254845412564655760e+00
7.280035848024951406e+00
7.305226283485243499e+00
7.330416718945536481e+00
7.355607154405831238e+00
7.380797589866126884e+00
7.405988025326418978e+00
7.431178460786711959e+00
7.456368896247006717e+00
7.481559331707302363e+00
7.506749767167594456e+00
7.531940202627887437e+00
7.557130638088182195e+00
7.582321073548477841e+00
7.607511509008772599e+00
7.632701944469065580e+00
7.657892379929358562e+00
7.683082815389653319e+00
7.708273250849948077e+00
7.733463686310241059e+00
7.758654121770534040e+00
7.783844557230828798e+00
7.809034992691123556e+00
7.834225428151416537e+00
7.859415863611709518e+00
7.884606299072004276e+00
7.909796734532299034e+00
7.934987169992592015e+00
7.960177605452884997e+00
7.985368040913179755e+00
8.010558476373475401e+00
8.035748911833767494e+00
8.060939347294063140e+00
8.086129782754355233e+00
8.111320218214650879e+00
8.136510653674944749e+00
8.161701089135238618e+00
8.186891524595530711e+00
8.212081960055826357e+00
8.237272395516120227e+00
8.262462830976414097e+00
8.287653266436706190e+00
8.312843701897001836e+00
8.338034137357295705e+00
8.363224572817589575e+00
8.388415008277881668e+00
8.413605443738177314e+00
8.438795879198471184e+00
8.463986314658765053e+00
8.489176750119057147e+00
8.514367185579352793e+00
8.539557621039646662e+00
8.564748056499942308e+00
8.589938491960234401e+00
8.615128927420528271e+00
8.640319362880822140e+00
8.665509798341117786e+00
8.690700233801409880e+00
8.715890669261703749e+00
8.741081104721997619e+00
8.766271540182293265e+00
8.791461975642585358e+00
8.816652411102879228e+00
8.841842846563174874e+00
8.867033282023468743e+00
8.892223717483762613e+00
8.917414152944054706e+00
8.942604588404350352e+00
8.967795023864644222e+00
8.992985459324939868e+00
9.018175894785231961e+00
9.043366330245525830e+00
9.068556765705819700e+00
9.093747201166115346e+00
9.118937636626407439e+00
9.144128072086701309e+00
9.169318507546995178e+00
9.194508943007290824e+00
9.219699378467582918e+00
9.244889813927876787e+00
9.270080249388170657e+00
9.295270684848466303e+00
9.320461120308758396e+00
9.345651555769052266e+00
9.370841991229346135e+00
9.396032426689641781e+00
9.421222862149933874e+00
9.446413297610229520e+00
9.471603733070521614e+00
9.496794168530817259e+00
9.521984603991112905e+00
9.547175039451404999e+00
9.572365474911697092e+00
9.597555910371992738e+00
9.622746345832288384e+00
9.647936781292580477e+00
9.673127216752872570e+00
9.698317652213168216e+00
9.723508087673463862e+00
9.748698523133755955e+00
9.773888958594048049e+00
9.799079394054343695e+00
9.824269829514639341e+00
9.849460264974931434e+00
9.874650700435223527e+00
9.899841135895519173e+00
9.925031571355814819e+00
9.950222006816108689e+00
9.975412442276402558e+00
1.000060287773669465e+01
1.002579331319699030e+01
1.005098374865728417e+01
1.007617418411757804e+01
1.010136461957787013e+01
1.012655505503816578e+01
1.015174549049845965e+01
1.017693592595875351e+01
1.020212636141904561e+01
1.022731679687934125e+01
1.025250723233963512e+01
1.027769766779992899e+01
1.030288810326022286e+01
1.032807853872051673e+01
1.035326897418081060e+01
1.037845940964110447e+01
1.040364984510139834e+01
1.042884028056169221e+01
1.045403071602198608e+01
1.047922115148227995e+01
1.050441158694257560e+01
1.052960202240286769e+01
1.055479245786316334e+01
1.057998289332345543e+01
1.060517332878375107e+01
1.063036376424404494e+01
1.065555419970433881e+01
1.068074463516463268e+01
1.070593507062492655e+01
1.073112550608522042e+01
1.075631594154551429e+01
1.078150637700580816e+01
1.080669681246610203e+01
1.083188724792639590e+01
1.085707768338668977e+01
1.088226811884698364e+01
1.090745855430727751e+01
1.093264898976757138e+01
1.095783942522786525e+01
1.098302986068815912e+01
1.100822029614845299e+01
1.103341073160874686e+01
1.105860116706904250e+01
1.108379160252933460e+01
1.110898203798963024e+01
1.113417247344992234e+01
1.115936290891021798e+01
1.118455334437051008e+01
1.120974377983080572e+01
1.123493421529109781e+01
1.126012465075139346e+01
1.128531508621168555e+01
1.131050552167198120e+01
1.133569595713227329e+01
1.136088639259256894e+01
1.138607682805286103e+01
1.141126726351315668e+01
1.143645769897344877e+01
1.146164813443374442e+01
1.148683856989403651e+01
1.151202900535433216e+01
1.153721944081462780e+01
1.156240987627491990e+01
1.158760031173521554e+01
1.161279074719550763e+01
1.163798118265580328e+01
1.166317161811609537e+01
1.168836205357639102e+01
1.171355248903668311e+01
1.173874292449697876e+01
1.176393335995727085e+01
1.178912379541756650e+01
1.181431423087785859e+01
1.183950466633815424e+01
1.186469510179844633e+01
1.188988553725874198e+01
1.191507597271903407e+01
1.194026640817932972e+01
1.196545684363962181e+01
1.199064727909991745e+01
1.201583771456021132e+01
1.204102815002050519e+01
1.206621858548079906e+01
1.209140902094109293e+01
1.211659945640138680e+01
1.214178989186168067e+01
1.216698032732197632e+01
1.219217076278226841e+01
1.221736119824256406e+01
1.224255163370285615e+01
1.226774206916315180e+01
1.229293250462344389e+01
1.231812294008373954e+01
1.234331337554403163e+01
1.236850381100432728e+01
1.239369424646461937e+01
1.241888468192491501e+01
1.244407511738520888e+01
1.246926555284550275e+01
1.249445598830579662e+01
1.251964642376609049e+01
1.254483685922638436e+01
1.257002729468667823e+01
1.259521773014697210e+01
1.262040816560726597e+01
1.264559860106755984e+01
1.267078903652785371e+01
1.269597947198814758e+01
1.272116990744844145e+01
1.274636034290873532e+01
1.277155077836902919e+01
1.279674121382932306e+01
1.282193164928961693e+01
1.284712208474991080e+01
1.287231252021020467e+01
1.289750295567049854e+01
1.292269339113079418e+01
1.294788382659108628e+01
1.297307426205138192e+01
1.299826469751167402e+01
1.302345513297196966e+01
1.304864556843226175e+01
1.307383600389255740e+01
1.309902643935284949e+01
1.312421687481314514e+01
1.314940731027343723e+01
1.317459774573373288e+01
1.319978818119402497e+01
1.322497861665432062e+01
1.325016905211461271e+01
1.327535948757490836e+01
1.330054992303520045e+01
1.332574035849549610e+01
1.335093079395578819e+01
1.337612122941608384e+01
1.340131166487637948e+01
1.342650210033667157e+01
1.345169253579696722e+01
1.347688297125725931e+01
1.350207340671755496e+01
1.352726384217784705e+01
1.355245427763814270e+01
1.357764471309843479e+01
1.360283514855873044e+01
1.362802558401902253e+01
1.365321601947931818e+01
1.367840645493961027e+01
1.370359689039990592e+01
1.372878732586019801e+01
1.375397776132049366e+01
1.377916819678078575e+01
1.380435863224108139e+01
1.382954906770137704e+01
1.385473950316166913e+01
1.387992993862196478e+01
1.390512037408225687e+01
1.393031080954255252e+01
1.395550124500284461e+01
1.398069168046314026e+01
1.400588211592343235e+01
1.403107255138372800e+01
1.405626298684402009e+01
1.408145342230431574e+01
1.410664385776460783e+01
1.413183429322490348e+01
1.415702472868519557e+01
1.418221516414549122e+01
1.420740559960578331e+01
1.423259603506607895e+01
1.425778647052637105e+01
1.428297690598666669e+01
1.430816734144696056e+01
1.433335777690725443e+01
1.435854821236754830e+01
1.438373864782784217e+01
1.440892908328813604e+01
1.443411951874842991e+01
1.445930995420872378e+01
1.448450038966901765e+01
1.450969082512931152e+01
1.453488126058960539e+01
1.456007169604989926e+01
1.458526213151019313e+01
1.461045256697048700e+01
1.463564300243078087e+01
1.466083343789107474e+01
1.468602387335136861e+01
1.471121430881166248e+01
1.473640474427195635e+01
1.476159517973225022e+01
1.478678561519254586e+01
1.481197605065283796e+01
1.483716648611313360e+01
1.486235692157342569e+01
1.488754735703372134e+01
1.491273779249401343e+01
1.493792822795430908e+01
1.496311866341460117e+01
1.498830909887489682e+01
1.501349953433518891e+01
1.503868996979548456e+01
1.506388040525577665e+01
1.508907084071607230e+01
1.511426127617636439e+01
1.513945171163666004e+01
1.516464214709695391e+01
1.518983258255724778e+01
1.521502301801754342e+01
1.524021345347783551e+01
1.526540388893813116e+01
1.529059432439842503e+01
1.531578475985872068e+01
1.534097519531901099e+01
1.536616563077930664e+01
1.539135606623959696e+01
1.541654650169989260e+01
1.544173693716018647e+01
1.546692737262048212e+01
1.549211780808077776e+01
1.551730824354107163e+01
1.554249867900136195e+01
1.556768911446165760e+01
1.559287954992194791e+01
1.561806998538224356e+01
1.564326042084253743e+01
1.566845085630283307e+01
1.569364129176312872e+01
1.571883172722342259e+01
1.574402216268371824e+01
1.576921259814400855e+01
1.579440303360430420e+01
1.581959346906459452e+01
1.584478390452488838e+01
1.586997433998518403e+01
1.589516477544547968e+01
1.592035521090577355e+01
1.594554564636606919e+01
1.597073608182635951e+01
1.599592651728665516e+01
1.602111695274694370e+01
1.604630738820723934e+01
1.607149782366753499e+01
1.609668825912783063e+01
1.612187869458812628e+01
1.614706913004841837e+01
1.617225956550871402e+01
1.619745000096900611e+01
1.622264043642930176e+01
1.624783087188959030e+01
1.627302130734988594e+01
1.629821174281018159e+01
1.632340217827047724e+01
1.634859261373077288e+01
1.637378304919106498e+01
1.639897348465135707e+01
1.642416392011165271e+01
1.644935435557194126e+01
1.647454479103223690e+01
1.649973522649253255e+01
1.652492566195282819e+01
1.655011609741312384e+01
1.657530653287341593e+01
1.660049696833371158e+01
1.662568740379400367e+01
1.665087783925429932e+01
1.667606827471458786e+01
1.670125871017488350e+01
1.672644914563517915e+01
1.675163958109547480e+01
1.677683001655576689e+01
1.680202045201606253e+01
1.682721088747635463e+01
1.685240132293665027e+01
1.687759175839693881e+01
1.690278219385723446e+01
1.692797262931753011e+01
1.695316306477782575e+01
1.697835350023811785e+01
1.700354393569841349e+01
1.702873437115870559e+01
1.705392480661900123e+01
1.707911524207929332e+01
1.710430567753958542e+01
1.712949611299988106e+01
1.715468654846017671e+01
1.717987698392046880e+01
1.720506741938076445e+01
1.723025785484106009e+01
1.725544829030135219e+01
1.728063872576164428e+01
1.730582916122193637e+01
1.733101959668223202e+01
1.735621003214252767e+01
1.738140046760281976e+01
1.740659090306311541e+01
1.743178133852341105e+01
1.745697177398370314e+01
1.748216220944399524e+01
1.750735264490429088e+01
1.753254308036458298e+01
1.755773351582487862e+01
1.758292395128517072e+01
1.760811438674546636e+01
1.763330482220576201e+01
1.765849525766605765e+01
1.768368569312634975e+01
1.770887612858664184e+01
1.773406656404693393e+01
1.775925699950722958e+01
1.778444743496752523e+01
1.780963787042781732e+01
1.783482830588811296e+01
1.786001874134840861e+01
1.788520917680870070e+01
1.791039961226899280e+01
1.793559004772928489e+01
1.796078048318958054e+01
1.798597091864987618e+01
1.801116135411016828e+01
1.803635178957046392e+01
1.806154222503075957e+01
1.808673266049105521e+01
1.811192309595134375e+01
1.813711353141163940e+01
1.816230396687193149e+01
1.818749440233222714e+01
1.821268483779251923e+01
1.823787527325281488e+01
1.826306570871311052e+01
1.828825614417340617e+01
1.831344657963369471e+01
1.833863701509399036e+01
1.836382745055428245e+01
1.838901788601457810e+01
1.841420832147487019e+01
1.843939875693516584e+01
1.846458919239546148e+01
1.848977962785575713e+01
1.851497006331605277e+01
1.854016049877634131e+01
1.856535093423663696e+01
1.859054136969692905e+01
1.861573180515722115e+01
1.864092224061751679e+01
1.866611267607781244e+01
1.869130311153810808e+01
1.871649354699840373e+01
1.874168398245869227e+01
1.876687441791898792e+01
1.879206485337928001e+01
1.881725528883957210e+01
1.884244572429986775e+01
1.886763615976016339e+01
1.889282659522045904e+01
1.891801703068075469e+01
1.894320746614105033e+01
1.896839790160133887e+01
1.899358833706163452e+01
1.901877877252192661e+01
1.904396920798221871e+01
1.906915964344251435e+01
1.909435007890281000e+01
1.911954051436310564e+01
1.914473094982340129e+01
1.916992138528368983e+01
1.919511182074398548e+01
1.922030225620427757e+01
1.924549269166456966e+01
1.927068312712486531e+01
1.929587356258516095e+01
1.932106399804545660e+01
1.934625443350575225e+01
1.937144486896604434e+01
1.939663530442633643e+01
1.942182573988663208e+01
1.944701617534692062e+01
1.947220661080721626e+01
1.949739704626751191e+01
1.952258748172780756e+01
1.954777791718810320e+01
1.957296835264839530e+01
1.959815878810868739e+01
1.962334922356898304e+01
1.964853965902927158e+01
1.967373009448956722e+01
1.969892052994986287e+01
1.972411096541015851e+01
1.974930140087045416e+01
1.977449183633074981e+01
1.979968227179103835e+01
1.982487270725133399e+01
1.985006314271162964e+01
1.987525357817191818e+01
1.990044401363221382e+01
1.992563444909250947e+01
1.995082488455280512e+01
1.997601532001310076e+01
2.000120575547339286e+01
2.002639619093368495e+01
2.005158662639398059e+01
2.007677706185426914e+01
2.010196749731456478e+01
2.012715793277486043e+01
2.015234836823515607e+01
2.017753880369545172e+01
2.020272923915574381e+01
2.022791967461603591e+01
2.025311011007633155e+01
2.027830054553662720e+01
2.030349098099691574e+01
2.032868141645721138e+01
2.035387185191750703e+01
2.037906228737780268e+01
2.040425272283809477e+01
2.042944315829839041e+01
2.045463359375868251e+01
2.047982402921897815e+01
2.050501446467927025e+01
2.053020490013956234e+01
2.055539533559985799e+01
2.058058577106015363e+01
2.060577620652044573e+01
2.063096664198073782e+01
2.065615707744103346e+01
2.068134751290132911e+01
2.070653794836162120e+01
2.073172838382191685e+01
2.075691881928220894e+01
2.078210925474250459e+01
2.080729969020279668e+01
2.083249012566309233e+01
2.085768056112338442e+01
2.088287099658368007e+01
2.090806143204397216e+01
2.093325186750426781e+01
2.095844230296455990e+01
2.098363273842485555e+01
2.100882317388515119e+01
2.103401360934544329e+01
2.105920404480573538e+01
2.108439448026603102e+01
2.110958491572632667e+01
2.113477535118661876e+01
2.115996578664691086e+01
2.118515622210720650e+01
2.121034665756750215e+01
2.123553709302779424e+01
2.126072752848808989e+01
2.128591796394838198e+01
2.131110839940867763e+01
2.133629883486896972e+01
2.136148927032926537e+01
2.138667970578955746e+01
2.141187014124985311e+01
2.143706057671014520e+01
2.146225101217044084e+01
2.148744144763073294e+01
2.151263188309102858e+01
2.153782231855132068e+01
2.156301275401161632e+01
2.158820318947190842e+01
2.161339362493220406e+01
2.163858406039249616e+01
2.166377449585279180e+01
2.168896493131308745e+01
2.171415536677337954e+01
2.173934580223367163e+01
2.176453623769396728e+01
2.178972667315426293e+01
2.181491710861455502e+01
2.184010754407484711e+01
2.186529797953514276e+01
2.189048841499543840e+01
2.191567885045573050e+01
2.194086928591602259e+01
2.196605972137631824e+01
2.199125015683661388e+01
2.201644059229690598e+01
2.204163102775719807e+01
2.206682146321749372e+01
2.209201189867778936e+01
2.211720233413808501e+01
2.214239276959837355e+01
2.216758320505866919e+01
2.219277364051896484e+01
2.221796407597926049e+01
2.224315451143954903e+01
2.226834494689984467e+01
2.229353538236014032e+01
2.231872581782043596e+01
2.234391625328072806e+01
2.236910668874102015e+01
2.239429712420131580e+01
2.241948755966161144e+01
2.244467799512190354e+01
2.246986843058219563e+01
2.249505886604249127e+01
2.252024930150278692e+01
2.254543973696307901e+01
2.257063017242337111e+01
2.259582060788366675e+01
2.262101104334396240e+01
2.264620147880425804e+01
2.267139191426454659e+01
2.269658234972484223e+01
2.272177278518513788e+01
2.274696322064543352e+01
2.277215365610572206e+01
2.279734409156601771e+01
2.282253452702631336e+01
2.284772496248660900e+01
2.287291539794689754e+01
2.289810583340719319e+01
2.292329626886748883e+01
2.294848670432778448e+01
2.297367713978807302e+01
2.299886757524836867e+01
2.302405801070866431e+01
2.304924844616895996e+01
2.307443888162925560e+01
2.309962931708954414e+01
2.312481975254983979e+01
2.315001018801013544e+01
2.317520062347043108e+01
2.320039105893071962e+01
2.322558149439101527e+01
2.325077192985131092e+01
2.327596236531160656e+01
2.330115280077189510e+01
2.332634323623219075e+01
2.335153367169248639e+01
2.337672410715278204e+01
2.340191454261307058e+01
2.342710497807336623e+01
2.345229541353366187e+01
2.347748584899395752e+01
2.350267628445425316e+01
2.352786671991454170e+01
2.355305715537483735e+01
2.357824759083513300e+01
2.360343802629542864e+01
2.362862846175571718e+01
2.365381889721601283e+01
2.367900933267630847e+01
2.370419976813660412e+01
2.372939020359689266e+01
2.375458063905718831e+01
2.377977107451748395e+01
2.380496150997777960e+01
2.383015194543806814e+01
2.385534238089836379e+01
2.388053281635865943e+01
2.390572325181895508e+01
2.393091368727924362e+01
2.395610412273953926e+01
2.398129455819983491e+01
2.400648499366013056e+01
2.403167542912042265e+01
2.405686586458071474e+01
2.408205630004101039e+01
2.410724673550130603e+01
2.413243717096159813e+01
2.415762760642189022e+01
2.418281804188218587e+01
2.420800847734248151e+01
2.423319891280277361e+01
2.425838934826306570e+01
2.428357978372336134e+01
2.430877021918365699e+01
2.433396065464395264e+01
2.435915109010424118e+01
2.438434152556453682e+01
2.440953196102483247e+01
2.443472239648512812e+01
2.445991283194542021e+01
2.448510326740571230e+01
2.451029370286600795e+01
2.453548413832630359e+01
2.456067457378659569e+01
2.458586500924688778e+01
2.461105544470718343e+01
2.463624588016747907e+01
2.466143631562777117e+01
2.468662675108806326e+01
2.471181718654835890e+01
2.473700762200865455e+01
2.476219805746894664e+01
2.478738849292923874e+01
2.481257892838953438e+01
2.483776936384983003e+01
2.486295979931012212e+01
2.488815023477041777e+01
2.491334067023070986e+01
2.493853110569100551e+01
2.496372154115129760e+01
2.498891197661159325e+01
2.501410241207188534e+01
2.503929284753218099e+01
2.506448328299247308e+01
2.508967371845276872e+01
2.511486415391306082e+01
2.514005458937335646e+01
2.516524502483364856e+01
