8.337625139090865112e-03
9.729895438890792322e-03
1.462900980878345351e-02
2.174348084865028452e-02
2.867217207003024126e-02
2.868949391592867659e-02
3.025884055319846139e-02
2.945905205010677930e-02
2.786615878684786315e-02
2.500712145989477525e-02
2.238735083072458665e-02
1.944284498181438753e-02
1.157434253644031540e-02
5.218164454562421520e-03
7.236735758965018653e-03
1.348567087587475115e-02
1.869552144160630328e-02
2.174367120477984500e-02
2.447374754048982359e-02
3.057315750848519503e-02
3.091437620738006833e-02
2.925731730668414826e-02
2.965073024324487924e-02
2.596140660687661084e-02
2.597493258557337370e-02
1.833843352281807823e-02
1.341634789681557700e-02
8.933273243995079604e-03
1.706571195475353124e-04
4.518465796041332833e-03
1.073100150032604144e-02
