0.000000000000000000e+00
2.200949098194136461e-05
8.802387625385680800e-05
1.980150211344333493e-04
3.519454592675505230e-04
5.497684017298072557e-04
7.914277482365891531e-04
1.076858100443808201e-03
1.405984777342154934e-03
1.778723832739924175e-03
2.194982074830318427e-03
2.654657087838429175e-03
3.157637255742321881e-03
3.703801788062849407e-03
4.293020747715524735e-03
4.925155080917866662e-03
5.600056649144659858e-03
6.317568263123703350e-03
7.077523718863283630e-03
7.879747835703129408e-03
8.724056496378885042e-03
9.610256689090856605e-03
1.053814655156667252e-02
1.150751541710652061e-02
1.251814386260088202e-02
1.356980375850810709e-02
1.466225832077965550e-02
1.579526216472094263e-02
1.696856136077414673e-02
1.818189349220955542e-02
1.943498771471190503e-02
2.072756481784559027e-02
2.205933728838613966e-02
2.343000937550005283e-02
2.483927715775969755e-02
2.628682861197466705e-02
2.777234368382375945e-02
2.929549436027104742e-02
3.085594474374780266e-02
3.245335112808170330e-02
3.408736207615585545e-02
3.575761849927886621e-02
3.746375373824483573e-02
3.920539364606643457e-02
4.098215667235898668e-02
4.279365394935558120e-02
4.463948937953101520e-02
4.651925972481910782e-02
4.843255469739141811e-02
5.037895705198550816e-02
5.235804267975536358e-02
5.436938070362191955e-02
5.641253357509954519e-02
5.848705717257877967e-02
6.059250090103825148e-02
6.272840779316088411e-02
6.489431461183481353e-02
6.708975195400855573e-02
6.931424435587876798e-02
7.156731039938538097e-02
7.384846281998665163e-02
7.615720861568765765e-02
7.849304915730126453e-02
8.085548029990631547e-02
8.324399249548523894e-02
8.565807090670556068e-02
8.809719552182744551e-02
9.056084127069893852e-02
9.304847814182110044e-02
9.555957130044683001e-02
9.809358120769183509e-02
1.006499637406234188e-01
1.032281703133026002e-01
1.058276479987486363e-01
1.084478396517955107e-01
1.110881840328157011e-01
1.137481159322755869e-01
1.164270662960978503e-01
1.191244623517975498e-01
1.218397277353641950e-01
1.245722826188567084e-01
1.273215438386862963e-01
1.300869250245490216e-01
1.328678367289853335e-01
1.356636865575271966e-01
1.384738792994145706e-01
1.412978170588326254e-01
1.441348993866579387e-01
1.469845234126662681e-01
1.498460839781801945e-01
1.527189737691227733e-01
1.556025834494438875e-01
1.584963017948908259e-01
1.613995158270885855e-01
1.643116109479028086e-01
1.672319710740476084e-01
1.701599787719107748e-01
1.730950153925648605e-01
1.760364612069318657e-01
1.789836955410648855e-01
1.819360969115271509e-01
1.848930431608212244e-01
1.878539115928519188e-01
1.908180791083773364e-01
1.937849223404292665e-01
1.967538177896612228e-01
1.997241419595986167e-01
2.026952714917580889e-01
2.056665833006026678e-01
2.086374547083043596e-01
2.116072635792837497e-01
2.145753884544891743e-01
2.175412086853933391e-01
2.205041045676676414e-01
2.234634574745135160e-01
2.264186499896082283e-01
2.293690660396448533e-01
2.323140910264319403e-01
2.352531119585192787e-01
2.381855175823273107e-01
2.411106985127429991e-01
2.440280473631585290e-01
2.469369588749139866e-01
2.498368300461309699e-01
2.527270602598852278e-01
2.556070514117124715e-01
2.584762080364022552e-01
2.613339374340579724e-01
2.641796497953947664e-01
2.670127583262418836e-01
2.698326793712324534e-01
2.726388325366398413e-01
2.754306408123431971e-01
2.782075306928876168e-01
2.809689322976194337e-01
2.837142794898632747e-01
2.864430099951204567e-01
2.891545655182526930e-01
2.918483918596418425e-01
2.945239390302809568e-01
2.971806613657851370e-01
2.998180176392943874e-01
3.024354711732366030e-01
3.050324899499372577e-01
3.076085467210439295e-01
3.101631191157438461e-01
3.126956897477535802e-01
3.152057463210535260e-01
3.176927817343492833e-01
3.201562941842331922e-01
3.225957872670272009e-01
3.250107700792831955e-01
3.274007573169201990e-01
3.297652693729793971e-01
3.321038324339743442e-01
3.344159785748145874e-01
3.367012458522854468e-01
3.389591783970663519e-01
3.411893265042672541e-01
3.433912467224538578e-01
3.455645019411684449e-01
3.477086614768985506e-01
3.498233011575005436e-01
3.519080034050461325e-01
3.539623573170793680e-01
3.559859587462742003e-01
3.579784103784650617e-01
3.599393218090449209e-01
3.618683096177080505e-01
3.637649974415347875e-01
3.656290160463867012e-01
3.674600033966158308e-01
3.692576047230642922e-01
3.710214725893425936e-01
3.727512669563791681e-01
3.744466552452238028e-01
3.761073123980974708e-01
3.777329209376723007e-01
3.793231710245796862e-01
3.808777605131253852e-01
3.823963950052122751e-01
3.838787879024553318e-01
3.853246604564801725e-01
3.867337418174016661e-01
3.881057690804673999e-01
3.894404873308661696e-01
3.907376496866866167e-01
3.919970173400298963e-01
3.932183595962572276e-01
3.944014539113813167e-01
3.955460859275783392e-01
3.966520495068385777e-01
3.977191467627315680e-01
3.987471880902895283e-01
3.997359921940101812e-01
4.006853861139697548e-01
4.015952052500440517e-01
4.024652933842413627e-01
4.032955027011380644e-01
4.040856938064246173e-01
4.048357357435514725e-01
4.055455060084811048e-01
4.062148905625517226e-01
4.068437838434358356e-01
4.074320887742152730e-01
4.079797167705636607e-01
4.084865877460374106e-01
4.089526301154829402e-01
4.093777807965593429e-01
4.097619852093860038e-01
4.101051972743058882e-01
4.104073794077898185e-01
4.106685025164632519e-01
4.108885459892799297e-01
4.110674976878349596e-01
4.112053539348338727e-01
4.113021195007140474e-01
4.113578075884343210e-01
4.113724398164356755e-01
4.113460461997821005e-01
4.112786651294852436e-01
4.111703433500337179e-01
4.110211359351212401e-01
4.108311062615925824e-01
4.106003259816146111e-01
4.103288749930850687e-01
4.100168414082828727e-01
4.096643215207787514e-01
4.092714197706125989e-01
4.088382487077570904e-01
4.083649289538648364e-01
4.078515891623303857e-01
4.072983659766610809e-01
4.067054039871897952e-01
4.060728556861273875e-01
4.054008814209729694e-01
4.046896493463048028e-01
4.039393353739526016e-01
4.031501231215813830e-01
4.023222038596887540e-01
4.014557764570385046e-01
4.005510473245502689e-01
3.996082303576517503e-01
3.986275468771182662e-01
3.976092255684134380e-01
3.965535024195485092e-01
3.954606206574824423e-01
3.943308306830716203e-01
3.931643900045948548e-01
3.919615631698761815e-01
3.907226216970069443e-01
3.894478440037099087e-01
3.881375153353441299e-01
3.867919276915857130e-01
3.854113797517924600e-01
3.839961767990823782e-01
3.825466306431404839e-01
3.810630595417729416e-01
3.795457881212413453e-01
3.779951472953818614e-01
3.764114741835434264e-01
3.747951120273604886e-01
3.731464101063831640e-01
3.714657236525888973e-01
3.697534137637974450e-01
3.680098473160040573e-01
3.662353968746734911e-01
3.644304406049879153e-01
3.625953621811021654e-01
3.607305506944087359e-01
3.588364005608427609e-01
3.569133114272532437e-01
3.549616880768603489e-01
3.529819403338244621e-01
3.509744829669472765e-01
3.489397355925371036e-01
3.468781225764531184e-01
3.447900729353592930e-01
3.426760202372123310e-01
3.405364025010019779e-01
3.383716620957775145e-01
3.361822456389760294e-01
3.339686038940879453e-01
3.317311916676699002e-01
3.294704677057486153e-01
3.271868945896224123e-01
3.248809386311004022e-01
3.225530697671935565e-01
3.202037614542894151e-01
3.178334905618356854e-01
3.154427372655539408e-01
3.130319849402104504e-01
3.106017200519729515e-01
3.081524320503749581e-01
3.056846132599113641e-01
3.031987587712980936e-01
3.006953663324137271e-01
2.981749362389504721e-01
2.956379712248061176e-01
2.930849763522287987e-01
2.905164589017545929e-01
2.879329282619563224e-01
2.853348958190248252e-01
2.827228748462194963e-01
2.800973803931978146e-01
2.774589291752658782e-01
2.748080394625604939e-01
2.721452309691976823e-01
2.694710247424055849e-01
2.667859430516721919e-01
2.640905092779289309e-01
2.613852478027991477e-01
2.586706838979259682e-01
2.559473436144187319e-01
2.532157536724303770e-01
2.504764413508956400e-01
2.477299343774520268e-01
2.449767608185693946e-01
2.422174489699093491e-01
2.394525272469435750e-01
2.366825240758436699e-01
2.339079677846820637e-01
2.311293864949509891e-01
2.283473080134360289e-01
2.255622597244549554e-01
2.227747684824957219e-01
2.199853605052720096e-01
2.171945612672114279e-01
2.144028953934149218e-01
2.116108865540922146e-01
2.088190573595056776e-01
2.060279292554438590e-01
2.032380224192392171e-01
2.004498556563605038e-01
1.976639462975904316e-01
1.948808100968243973e-01
1.921009611294922648e-01
1.893249116916392860e-01
1.865531721996772363e-01
1.837862510908326308e-01
1.810246547243032078e-01
1.782688872831481863e-01
1.755194506769337526e-01
1.727768444451441010e-01
1.700415656613851467e-01
1.673141088383952590e-01
1.645949658338824728e-01
1.618846257572040259e-01
1.591835748769107051e-01
1.564922965291695722e-01
1.538112710270801986e-01
1.511409755709078317e-01
1.484818841592470406e-01
1.458344675011274405e-01
1.431991929290858112e-01
1.405765243132148512e-01
1.379669219762053867e-01
1.353708426093985229e-01
1.327887391898617264e-01
1.302210608984999685e-01
1.276682530392243275e-01
1.251307569591858238e-01
1.226090099700878344e-01
1.201034452705940919e-01
1.176144918698432129e-01
1.151425745120854965e-01
1.126881136024466545e-01
1.102515251338417879e-01
1.078332206150414002e-01
1.054336069999095293e-01
1.030530866178174382e-01
1.006920571052483254e-01
9.835091133860424106e-02
9.603003736822370018e-02
9.372981835361936243e-02
9.145063249994543619e-02
8.919285299570929582e-02
8.695684795172704817e-02
8.474298034133996571e-02
8.255160794189779494e-02
8.038308327751123028e-02
7.823775356309273232e-02
7.611596064968201292e-02
7.401804097107024527e-02
7.194432549172519176e-02
6.989513965602763002e-02
6.787080333882269945e-02
6.587163079729331516e-02
6.389793062415748126e-02
6.195000570220140362e-02
6.002815316014620955e-02
5.813266432985907811e-02
5.626382470490368798e-02
5.442191390044632399e-02
5.260720561451092542e-02
5.081996759059075747e-02
4.906046158161794096e-02
4.732894331529429593e-02
4.562566246078583743e-02
4.395086259678381707e-02
4.230478118092872303e-02
4.068764952060505841e-02
3.909969274510493448e-02
3.754112977916074234e-02
3.601217331784686143e-02
3.451302980285190364e-02
3.304389940012095878e-02
3.160497597886580828e-02
3.019644709194363105e-02
2.881849395760190460e-02
2.747129144258935243e-02
2.615500804662823295e-02
2.486980588825227559e-02
2.361584069199661531e-02
2.239326177695005055e-02
2.120221204665666964e-02
2.004282798036855981e-02
1.891523962564372816e-02
1.781957059228765974e-02
1.675593804763035946e-02
1.572445271313978321e-02
1.472521886236230655e-02
1.375833432018707878e-02
1.282389046342973654e-02
1.192197222272824153e-02
1.105265808574613061e-02
1.021602010167639227e-02
9.412123887041481604e-03
8.641028632778768870e-03
7.902787112609738901e-03
7.197445692681379500e-03
6.525044342475787122e-03
5.885616646976678593e-03
5.279189820089720195e-03
4.705784719303401746e-03
4.165415861586119727e-03
3.658091440508859458e-03
3.183813344585033431e-03
2.742577176818567115e-03
2.334372275451150527e-03
1.959181735898558614e-03
1.616982433866799357e-03
1.307745049638225302e-03
1.031434093516884250e-03
7.880079324235142327e-04
5.774188176288615410e-04
3.996129136153004193e-04
2.545303280550883476e-04
1.421051428946822884e-04
6.226544653346294364e-05
1.493336708535013120e-05
2.510671168787143797e-08
1.745097701347406128e-05
6.711543547086634069e-05
1.489171229176636615e-04
2.627489020385158076e-04
4.084978968760147691e-04
5.860455333353209928e-04
7.952675806730175913e-04
1.036034193957442034e-03
1.308209957487299364e-03
1.611653929154918154e-03
1.946219685741285704e-03
2.311755369128274794e-03
2.708103733415696563e-03
3.135102192927638129e-03
3.592582871095666500e-03
4.080372650204052570e-03
4.598293221982208481e-03
5.146161139031118006e-03
5.723787867068951506e-03
6.330979837980516174e-03
6.967538503657155595e-03
7.633260390611016841e-03
8.327937155350278314e-03
9.051355640498899222e-03
9.803297931647381516e-03
1.058354141491748938e-02
1.139185883522837554e-02
1.222801835524607410e-02
1.309178361500319687e-02
1.398291379217211916e-02
1.490116366297720117e-02
1.584628366372945948e-02
1.681801995296871091e-02
1.781611447419817126e-02
1.884030501919477935e-02
1.989032529188006562e-02
2.096590497273501108e-02
2.206676978374641496e-02
2.319264155386300055e-02
2.434323828495141978e-02
2.551827421823247427e-02
2.671745990118428934e-02
2.794050225489348727e-02
2.918710464184143261e-02
3.045696693410884781e-02
3.174978558198123663e-02
3.306525368294114392e-02
3.440306105103094203e-02
3.576289428656965336e-02
3.714443684620807873e-02
3.854736911330793048e-02
3.997136846862513193e-02
4.141610936128689580e-02
4.288126338004260435e-02
4.436649932477412794e-02
4.587148327824897703e-02
4.739587867810458183e-02
4.893934638904003792e-02
5.050154477520948926e-02
5.208212977279271655e-02
5.368075496273386898e-02
5.529707164362829275e-02
5.693072890474559777e-02
5.858137369917148368e-02
6.024865091705342013e-02
6.193220345893510337e-02
6.363167230916429162e-02
6.534669660936046065e-02
6.707691373192359308e-02
6.882195935357360295e-02
7.058146752890283315e-02
7.235507076392636017e-02
7.414240008961757444e-02
7.594308513541381256e-02
7.775675420267462445e-02
7.958303433808396055e-02
8.142155140697564242e-02
8.327193016657266633e-02
8.513379433912256211e-02
8.700676668492056398e-02
8.889046907519711216e-02
9.078452256486488348e-02
9.268854746510950260e-02
9.460216341580494903e-02
9.652498945774828920e-02
9.845664410469272265e-02
1.003967454151736410e-01
1.023449110641049958e-01
1.043007584141450450e-01
1.062639045868035287e-01
1.082339665332948675e-01
1.102105611051070466e-01
1.121933051242907237e-01
1.141818154534397362e-01
1.161757090653676716e-01
1.181746031124503576e-01
1.201781149956415717e-01
1.221858624331299825e-01
1.241974635286468981e-01
1.262125368393936520e-01
1.282307014435903336e-01
1.302515770076308477e-01
1.322747838528295083e-01
1.342999430217561019e-01
1.363266763441397245e-01
1.383546065023396332e-01
1.403833570963639865e-01
1.424125527084334764e-01
1.444418189670759467e-01
1.464707826107423672e-01
1.484990715509351689e-01
1.505263149348384788e-01
1.525521432074422867e-01
1.545761881731494425e-01
1.565980830568561855e-01
1.586174625644996838e-01
1.606339629430612315e-01
1.626472220400168589e-01
1.646568793622285032e-01
1.666625761342656331e-01
1.686639553561498639e-01
1.706606618605137904e-01
1.726523423691671832e-01
1.746386455490636647e-01
1.766192220676582048e-01
1.785937246476490270e-01
1.805618081210990100e-01
1.825231294829227358e-01
1.844773479437443742e-01
1.864241249821065038e-01
1.883631243960313673e-01
1.902940123539281492e-01
1.922164574448366470e-01
1.941301307280028365e-01
1.960347057817841965e-01
1.979298587518700525e-01
1.998152683988224099e-01
2.016906161449268098e-01
2.035555861203451056e-01
2.054098652085707410e-01
2.072531430911780659e-01
2.090851122918658545e-01
2.109054682197835651e-01
2.127139092121407005e-01
2.145101365760966050e-01
2.162938546299220943e-01
2.180647707434341109e-01
2.198225953776935526e-01
2.215670421239731291e-01
2.232978277419795099e-01
2.250146721973350361e-01
2.267172986983178873e-01
2.284054337318472960e-01
2.300788070987240252e-01
2.317371519481150333e-01
2.333802048112822713e-01
2.350077056345589721e-01
2.366193978115571084e-01
2.382150282146287545e-01
2.397943472255463504e-01
2.413571087654408642e-01
2.429030703239520306e-01
2.444319929876319075e-01
2.459436414675694182e-01
2.474377841262521416e-01
2.489141930036578576e-01
2.503726438425784018e-01
2.518129161131735239e-01
2.532347930367557232e-01
2.546380616088044224e-01
2.560225126212136160e-01
2.573879406837676909e-01
2.587341442448510276e-01
2.600609256113891044e-01
2.613680909680203279e-01
2.626554503955051967e-01
2.639228178883673004e-01
2.651700113717713192e-01
2.663968527176390766e-01
2.676031677600014813e-01
2.687887863095938523e-01
2.699535421676909630e-01
2.710972731391862456e-01
2.722198210449189859e-01
2.733210317332441797e-01
2.744007550908579840e-01
2.754588450528711596e-01
2.764951596121414390e-01
2.775095608278596582e-01
2.785019148333982009e-01
2.794720918434238643e-01
2.804199661602700955e-01
2.813454161795896913e-01
2.822483243952670362e-01
2.831285774036187974e-01
2.839860659068620952e-01
2.848206847158732957e-01
2.856323327522288791e-01
2.864209130495399824e-01
2.871863327540776778e-01
2.879285031246985316e-01
2.886473395320685031e-01
2.893427614571998374e-01
2.900146924892912370e-01
2.906630603228879117e-01
2.912877967543581748e-01
2.918888376776969662e-01
2.924661230796540279e-01
2.930195970341996636e-01
2.935492076963257535e-01
2.940549072951914034e-01
2.945366521266175042e-01
2.949944025449323659e-01
2.954281229541789178e-01
2.958377817986824199e-01
2.962233515529908434e-01
2.965848087111865872e-01
2.969221337755829637e-01
2.972353112447994050e-01
2.975243296012363703e-01
2.977891812979396868e-01
2.980298627448741411e-01
2.982463742946016572e-01
2.984387202273758311e-01
2.986069087356579277e-01
2.987509519080577824e-01
2.988708657127089330e-01
2.989666699800841432e-01
2.990383883852519298e-01
2.990860484295900790e-01
2.991096814219536548e-01
2.991093224593075472e-01
2.990850104068309423e-01
2.990367878774998767e-01
2.989647012111514846e-01
2.988688004530383746e-01
2.987491393318846833e-01
2.986057752374379204e-01
2.984387691975406431e-01
2.982481858547105236e-01
2.980340934422504584e-01
2.977965637598860571e-01
2.975356721489426648e-01
2.972514974670665833e-01
2.969441220624963185e-01
2.966136317478925699e-01
2.962601157737370094e-01
2.958836668012967408e-01
2.954843808751749235e-01
2.950623573954418988e-01
2.946176990893657477e-01
2.941505119827368397e-01
2.936609053708053030e-01
2.931489917888303598e-01
2.926148869822522980e-01
2.920587098764934053e-01
2.914805825463948619e-01
2.908806301852970844e-01
2.902589810737708498e-01
2.896157665480045829e-01
2.889511209678580772e-01
2.882651816845872572e-01
2.875580890082495289e-01
2.868299861747921620e-01
2.860810193128380252e-01
2.853113374101702293e-01
2.845210922799236153e-01
2.837104385264943018e-01
2.828795335111679576e-01
2.820285373174806209e-01
2.811576127163137317e-01
2.802669251307339238e-01
2.793566426005837378e-01
2.784269357468305284e-01
2.774779777356794486e-01
2.765099442424597265e-01
2.755230134152895638e-01
2.745173658385270943e-01
2.734931844960159508e-01
2.724506547341306595e-01
2.713899642246284660e-01
2.703113029273173096e-01
2.692148630525437736e-01
2.681008390235090633e-01
2.669694274384239452e-01
2.658208270324992073e-01
2.646552386397922896e-01
2.634728651549030909e-01
2.622739114945391581e-01
2.610585845589438736e-01
2.598270931932057937e-01
2.585796481484480824e-01
2.573164620429083671e-01
2.560377493229146206e-01
2.547437262237651767e-01
2.534346107305162077e-01
2.521106225386868793e-01
2.507719830148861240e-01
2.494189151573678598e-01
2.480516435565233713e-01
2.466703943553150424e-01
2.452753952096561330e-01
2.438668752487476721e-01
2.424450650353761616e-01
2.410101965261750023e-01
2.395625030318633275e-01
2.381022191774626040e-01
2.366295808624966912e-01
2.351448252211862100e-01
2.336481905826399141e-01
2.321399164310474772e-01
2.306202433658854634e-01
2.290894130621334568e-01
2.275476682305174192e-01
2.259952525777748356e-01
2.244324107669552482e-01
2.228593883777578444e-01
2.212764318669137031e-01
2.196837885286182235e-01
2.180817064550152340e-01
2.164704344967476324e-01
2.148502222235671444e-01
2.132213198850211322e-01
2.115839783712134270e-01
2.099384491736456804e-01
2.082849843461495043e-01
2.066238364659082616e-01
2.049552585945761951e-01
2.032795042395024454e-01
2.015968273150595125e-01
1.999074821040860983e-01
1.982117232194472167e-01
1.965098055657151233e-01
1.948019843009783925e-01
1.930885147987827233e-01
1.913696526102056650e-01
1.896456534260769489e-01
1.879167730393397351e-01
1.861832673075633771e-01
1.844453921156130327e-01
1.827034033384733192e-01
1.809575568042391114e-01
1.792081082572721251e-01
1.774553133215299172e-01
1.756994274640675535e-01
1.739407059587258497e-01
1.721794038499948887e-01
1.704157759170729924e-01
1.686500766381131278e-01
1.668825601546662929e-01
1.651134802363242171e-01
1.633430902455663691e-01
1.615716431028099143e-01
1.597993912516779413e-01
1.580265866244736361e-01
1.562534806078757221e-01
1.544803240088570839e-01
1.527073670208238532e-01
1.509348591899849767e-01
1.491630493819519343e-01
1.473921857485738229e-01
1.456225156950080313e-01
1.438542858470343300e-01
1.420877420186109075e-01
1.403231291796763480e-01
1.385606914242044629e-01
1.368006719385083947e-01
1.350433129698023482e-01
1.332888557950188402e-01
1.315375406898913746e-01
1.297896068982963003e-01
1.280452926018626758e-01
1.263048348898513362e-01
1.245684697293040072e-01
1.228364319354671164e-01
1.211089551424918143e-01
1.193862717744108570e-01
1.176686130163973887e-01
1.159562087863072466e-01
1.142492877065049983e-01
1.125480770759775540e-01
1.108528028427372275e-01
1.091636895765160931e-01
1.074809604417541475e-01
1.058048371708815577e-01
1.041355400378968787e-01
1.024732878322476559e-01
1.008182978330084550e-01
9.917078578336210870e-02
9.753096586538356760e-02
9.589905067513239401e-02
9.427525119804935905e-02
9.265977678466172374e-02
9.105283512660064527e-02
8.945463223292664245e-02
8.786537240677134986e-02
8.628525822229043962e-02
8.471449050193362307e-02
8.315326829402833186e-02
8.160178885068580801e-02
8.006024760602074852e-02
7.852883815469388629e-02
7.700775223077392651e-02
7.549717968692234993e-02
7.399730847389937582e-02
7.250832462039528969e-02
7.103041221318322218e-02
6.956375337760149768e-02
6.810852825835700397e-02
6.666491500065857556e-02
6.523308973167657454e-02
6.381322654232854386e-02
6.240549746939709486e-02
6.101007247797296529e-02
5.962711944422958987e-02
5.825680413852640793e-02
5.689929020884349625e-02
5.555473916454628514e-02
5.422331036048020497e-02
5.290516098139828177e-02
5.160044602671932934e-02
5.030931829561752916e-02
4.903192837244414737e-02
4.776842461248080596e-02
4.651895312802556415e-02
4.528365777481028337e-02
4.406268013875033751e-02
4.285615952302621046e-02
4.166423293549684909e-02
4.048703507644611094e-02
3.932469832665943382e-02
3.817735273583300337e-02
3.704512601131264987e-02
3.592814350716771327e-02
3.482652821359093209e-02
3.374040074663277322e-02
3.266987933826275697e-02
3.161507982676391854e-02
3.057611564745401841e-02
2.955309782373756466e-02
2.854613495848392843e-02
2.755533322573737454e-02
2.658079636275082619e-02
2.562262566234884548e-02
2.468091996561512166e-02
2.375577565490858550e-02
2.284728664720134597e-02
2.195554438774348013e-02
2.108063784404991953e-02
2.022265350021112615e-02
1.938167535152635415e-02
1.855778489945757517e-02
1.775106114690420955e-02
1.696158059379734157e-02
1.618941723301396338e-02
1.543464254660825534e-02
1.469732550236009863e-02
1.397753255063955563e-02
1.327532762158757304e-02
1.259077212260970025e-02
1.192392493618361048e-02
1.127484241797827892e-02
1.064357839528496004e-02
1.003018416575787199e-02
9.434708496463292335e-03
8.857197623237162212e-03
8.297695250348340046e-03
7.756242550468826769e-03
7.232878164946657772e-03
6.727638204382769584e-03
6.240556249508728316e-03
5.771663352366683368e-03
5.320988037786672682e-03
4.888556305163110557e-03
4.474391630527305153e-03
4.078514968915848693e-03
3.700944757032421407e-03
3.341696916202590260e-03
3.000784855619333894e-03
2.678219475879122045e-03
2.374009172805569175e-03
2.088159841560495358e-03
1.820674881040306456e-03
1.571555198556346365e-03
1.340799214797850454e-03
1.128402869075819477e-03
9.343596248463892058e-04
7.586604755120752216e-04
6.012939504994786353e-04
4.622461216117995479e-04
3.415006096545149207e-04
2.390385913326222023e-04
1.548388064181138420e-04
8.887756518559761937e-05
4.112875611481207487e-05
1.156385385811295063e-05
1.519274714903882383e-07
6.859648907237410627e-06
3.165130176668596576e-05
7.448879031129895692e-05
1.353316487303365761e-04
2.141370506634135819e-04
3.108598189762281695e-04
4.254524357875845040e-04
5.578650527462157603e-04
7.080455015551265609e-04
8.759393047423141235e-04
1.061489686675449236e-03
1.264637584819293132e-03
1.485321661233313714e-03
1.723478314308438944e-03
1.979041690740493842e-03
2.251943697738967472e-03
2.542114015468594987e-03
2.849480109722577099e-03
3.173967244825278301e-03
3.515498496762238263e-03
3.873994766535909361e-03
4.249374793745319678e-03
4.641555170387176056e-03
5.050450354877379817e-03
5.475972686290029971e-03
5.918032398812450232e-03
6.376537636414479106e-03
6.851394467729768345e-03
7.342506901147257889e-03
7.849776900110377875e-03
8.373104398622833663e-03
8.912387316958085559e-03
9.467521577571970728e-03
1.003840112121369595e-02
1.062491792323645365e-02
1.122696201010343030e-02
1.184442147608822868e-02
1.247718250016669264e-02
1.312512936309898591e-02
1.378814446469974961e-02
1.446610834129378499e-02
1.515889968335587881e-02
1.586639535333159851e-02
1.658847040363809616e-02
1.732499809484286390e-02
1.807584991401706837e-02
1.884089559326247720e-02
1.962000312840994284e-02
2.041303879788617520e-02
2.121986718174879993e-02
2.204035118088445641e-02
