0.000000000000000000e+00
8.192896554559997435e-01
1.638579310912000375e+00
2.457868966368000230e+00
3.277158621824001195e+00
4.096448277280000383e+00
4.915737932736000459e+00
5.735027588191999648e+00
6.554317243648001501e+00
7.373606899104001577e+00
8.192896554559998989e+00
9.012186210015999066e+00
9.831475865472000919e+00
1.065076552092800100e+01
1.147005517638399930e+01
1.228934483183999937e+01
1.310863448729599945e+01
1.392792414275199953e+01
1.474721379820800138e+01
1.556650345366399790e+01
1.638579310911999798e+01
1.720508276457599806e+01
1.802437242003199813e+01
1.884366207548800176e+01
1.966295173094399829e+01
2.048224138639999836e+01
2.130153104185600199e+01
2.212082069731199852e+01
2.294011035276800214e+01
2.375940000822399867e+01
2.457868966368000230e+01
2.539797931913600237e+01
2.621726897459200600e+01
2.703655863004800253e+01
2.785584828550399905e+01
2.867513794096000268e+01
