0.000000000000000000e+00
2.519070435755976431e-02
5.038140871511952862e-02
7.557211307267928946e-02
1.007628174302390572e-01
1.259535217877988111e-01
1.511442261453585789e-01
1.763349305029183467e-01
2.015256348604781145e-01
2.267163392180390202e-01
2.519070435755987880e-01
2.770977479331585558e-01
3.022884522907183236e-01
3.274791566482780913e-01
3.526698610058378591e-01
3.778605653633976269e-01
4.030512697209573392e-01
4.282419740785171069e-01
4.534326784360768747e-01
4.786233827936366425e-01
5.038140871511964658e-01
5.290047915087562336e-01
5.541954958663160014e-01
5.793862002238757691e-01
6.045769045814354259e-01
6.297676089389951937e-01
6.549583132965549614e-01
6.801490176541147292e-01
7.053397220116757182e-01
7.305304263692354860e-01
7.557211307267952538e-01
7.809118350843549106e-01
8.061025394419146783e-01
8.312932437994744461e-01
8.564839481570342139e-01
8.816746525145939817e-01
9.068653568721537495e-01
9.320560612297135172e-01
9.572467655872732850e-01
9.824374699448330528e-01
1.007628174302392932e+00
1.032818878659952588e+00
1.058009583017512467e+00
1.083200287375072124e+00
1.108390991732632003e+00
1.133581696090192770e+00
1.158772400447751538e+00
1.183963104805312305e+00
1.209153809162872184e+00
1.234344513520431841e+00
1.259535217877991720e+00
1.284725922235551376e+00
1.309916626593111255e+00
1.335107330950670912e+00
1.360298035308230791e+00
1.385488739665790447e+00
1.410679444023350104e+00
1.435870148380909983e+00
1.461060852738469640e+00
1.486251557096029519e+00
1.511442261453589175e+00
1.536632965811149054e+00
1.561823670168709821e+00
1.587014374526268590e+00
1.612205078883829357e+00
1.637395783241388125e+00
1.662586487598948892e+00
1.687777191956508771e+00
1.712967896314068428e+00
1.738158600671628307e+00
1.763349305029187963e+00
1.788540009386747842e+00
1.813730713744307499e+00
1.838921418101867378e+00
1.864112122459427034e+00
1.889302826816986913e+00
1.914493531174546570e+00
1.939684235532106449e+00
1.964874939889666106e+00
1.990065644247225984e+00
2.015256348604785863e+00
2.040447052962346408e+00
2.065637757319905177e+00
2.090828461677466166e+00
2.116019166035024934e+00
2.141209870392585479e+00
2.166400574750145580e+00
2.191591279107705237e+00
2.216781983465264894e+00
2.241972687822824550e+00
2.267163392180384651e+00
2.292354096537944308e+00
2.317544800895503965e+00
2.342735505253063621e+00
2.367926209610623722e+00
2.393116913968183379e+00
2.418307618325743036e+00
2.443498322683302693e+00
2.468689027040862793e+00
2.493879731398422450e+00
2.519070435755983439e+00
2.544261140113541764e+00
2.569451844471102753e+00
2.594642548828661521e+00
2.619833253186222510e+00
2.645023957543780835e+00
2.670214661901341824e+00
2.695405366258901481e+00
2.720596070616461581e+00
2.745786774974021238e+00
2.770977479331580895e+00
2.796168183689140552e+00
2.821358888046700208e+00
2.846549592404260309e+00
2.871740296761819966e+00
2.896931001119380955e+00
2.922121705476939280e+00
2.947312409834500269e+00
2.972503114192059037e+00
2.997693818549620026e+00
3.022884522907178351e+00
3.048075227264739340e+00
3.073265931622298108e+00
3.098456635979859097e+00
3.123647340337418754e+00
3.148838044694978411e+00
3.174028749052538068e+00
3.199219453410098168e+00
3.224410157767657825e+00
3.249600862125217482e+00
3.274791566482777139e+00
3.299982270840337240e+00
3.325172975197896896e+00
3.350363679555456553e+00
3.375554383913017542e+00
3.400745088270576311e+00
3.425935792628136856e+00
3.451126496985695624e+00
3.476317201343256613e+00
3.501507905700815382e+00
3.526698610058375927e+00
3.551889314415934695e+00
3.577080018773495684e+00
3.602270723131055341e+00
3.627461427488614998e+00
3.652652131846175099e+00
3.677842836203734755e+00
3.703033540561294412e+00
3.728224244918854069e+00
3.753414949276414170e+00
3.778605653633973827e+00
3.803796357991534816e+00
3.828987062349093140e+00
3.854177766706654129e+00
3.879368471064212898e+00
3.904559175421773887e+00
3.929749879779332211e+00
3.954940584136893200e+00
3.980131288494451969e+00
4.005321992852012514e+00
4.030512697209572615e+00
4.055703401567132715e+00
4.080894105924691928e+00
4.106084810282252029e+00
4.131275514639811242e+00
4.156466218997371342e+00
4.181656923354931443e+00
4.206847627712490656e+00
4.232038332070050757e+00
4.257229036427609969e+00
4.282419740785170958e+00
4.307610445142730171e+00
4.332801149500291160e+00
4.357991853857849485e+00
4.383182558215410474e+00
4.408373262572968798e+00
4.433563966930529787e+00
4.458754671288088112e+00
4.483945375645649101e+00
4.509136080003209202e+00
4.534326784360769302e+00
4.559517488718328515e+00
4.584708193075888616e+00
4.609898897433447829e+00
4.635089601791007929e+00
4.660280306148568030e+00
4.685471010506127243e+00
4.710661714863687344e+00
4.735852419221247445e+00
4.761043123578807545e+00
4.786233827936366758e+00
4.811424532293927747e+00
4.836615236651486072e+00
4.861805941009047061e+00
4.886996645366605385e+00
4.912187349724166374e+00
4.937378054081725587e+00
4.962568758439285688e+00
4.987759462796844900e+00
5.012950167154405889e+00
5.038140871511966878e+00
5.063331575869525203e+00
5.088522280227083527e+00
5.113712984584644516e+00
5.138903688942205505e+00
5.164094393299763830e+00
5.189285097657323043e+00
5.214475802014884032e+00
5.239666506372445021e+00
5.264857210730003345e+00
5.290047915087561670e+00
5.315238619445122659e+00
5.340429323802683648e+00
5.365620028160244637e+00
5.390810732517802961e+00
5.416001436875362174e+00
5.441192141232923163e+00
5.466382845590483264e+00
5.491573549948042476e+00
5.516764254305600801e+00
5.541954958663161790e+00
5.567145663020722779e+00
5.592336367378281103e+00
5.617527071735840316e+00
5.642717776093400417e+00
5.667908480450961406e+00
5.693099184808520619e+00
5.718289889166078943e+00
5.743480593523639932e+00
5.768671297881200921e+00
5.793862002238761910e+00
5.819052706596320235e+00
5.844243410953878559e+00
5.869434115311439548e+00
5.894624819669000537e+00
5.919815524026559750e+00
5.945006228384118074e+00
5.970196932741679063e+00
5.995387637099240052e+00
6.020578341456798377e+00
6.045769045814356701e+00
6.070959750171917690e+00
6.096150454529478679e+00
6.121341158887037892e+00
6.146531863244596217e+00
6.171722567602157206e+00
6.196913271959718195e+00
6.222103976317279184e+00
6.247294680674837508e+00
6.272485385032395833e+00
6.297676089389956822e+00
6.322866793747517811e+00
6.348057498105076135e+00
6.373248202462635348e+00
6.398438906820196337e+00
6.423629611177757326e+00
6.448820315535315650e+00
6.474011019892873975e+00
6.499201724250434964e+00
6.524392428607995953e+00
6.549583132965554277e+00
6.574773837323113490e+00
6.599964541680674479e+00
6.625155246038235468e+00
6.650345950395793793e+00
6.675536654753352117e+00
6.700727359110913106e+00
6.725918063468474095e+00
6.751108767826035084e+00
6.776299472183593409e+00
6.801490176541152621e+00
6.826680880898713610e+00
6.851871585256273711e+00
6.877062289613832924e+00
6.902252993971391248e+00
6.927443698328952237e+00
6.952634402686513226e+00
6.977825107044071551e+00
7.003015811401630764e+00
7.028206515759190864e+00
7.053397220116751853e+00
7.078587924474311066e+00
7.103778628831869391e+00
7.128969333189430380e+00
7.154160037546991369e+00
7.179350741904552358e+00
7.204541446262110682e+00
7.229732150619669007e+00
7.254922854977229996e+00
7.280113559334790985e+00
7.305304263692350197e+00
7.330494968049908522e+00
7.355685672407469511e+00
7.380876376765030500e+00
7.406067081122588824e+00
7.431257785480147149e+00
7.456448489837708138e+00
7.481639194195269127e+00
7.506829898552828340e+00
7.532020602910386664e+00
7.557211307267947653e+00
7.582402011625508642e+00
7.607592715983069631e+00
7.632783420340627956e+00
7.657974124698186280e+00
7.683164829055747269e+00
7.708355533413308258e+00
7.733546237770866583e+00
7.758736942128425795e+00
7.783927646485986784e+00
7.809118350843547773e+00
7.834309055201106098e+00
7.859499759558664422e+00
7.884690463916225411e+00
7.909881168273786400e+00
7.935071872631344725e+00
7.960262576988903938e+00
7.985453281346464927e+00
8.010643985704025027e+00
8.035834690061584240e+00
8.061025394419145229e+00
8.086216098776704442e+00
8.111406803134265431e+00
8.136597507491824643e+00
8.161788211849383856e+00
8.186978916206943069e+00
8.212169620564504058e+00
8.237360324922065047e+00
8.262551029279622483e+00
8.287741733637181696e+00
8.312932437994742685e+00
8.338123142352303674e+00
8.363313846709862887e+00
8.388504551067420323e+00
8.413695255424981312e+00
8.438885959782542301e+00
8.464076664140101514e+00
8.489267368497660726e+00
8.514458072855219939e+00
8.539648777212780928e+00
8.564839481570341917e+00
8.590030185927901130e+00
8.615220890285460342e+00
8.640411594643021331e+00
8.665602299000582320e+00
8.690793003358139757e+00
8.715983707715698969e+00
8.741174412073259958e+00
8.766365116430820947e+00
8.791555820788380160e+00
8.816746525145937596e+00
8.841937229503498585e+00
8.867127933861059574e+00
8.892318638218618787e+00
8.917509342576176223e+00
8.942700046933737212e+00
8.967890751291298201e+00
8.993081455648859190e+00
9.018272160006418403e+00
9.043462864363977616e+00
9.068653568721538605e+00
9.093844273079099594e+00
9.119034977436657030e+00
9.144225681794216243e+00
9.169416386151777232e+00
9.194607090509338221e+00
9.219797794866895657e+00
9.244988499224454870e+00
9.270179203582015859e+00
9.295369907939576848e+00
9.320560612297136061e+00
9.345751316654693497e+00
9.370942021012254486e+00
9.396132725369815475e+00
9.421323429727374688e+00
9.446514134084935677e+00
9.471704838442494889e+00
9.496895542800055878e+00
9.522086247157615091e+00
9.547276951515174304e+00
9.572467655872733516e+00
9.597658360230294505e+00
9.622849064587855494e+00
9.648039768945412931e+00
9.673230473302972143e+00
9.698421177660533132e+00
9.723611882018094121e+00
9.748802586375653334e+00
9.773993290733210770e+00
9.799183995090771759e+00
9.824374699448332748e+00
9.849565403805891961e+00
9.874756108163451174e+00
9.899946812521010386e+00
9.925137516878571375e+00
9.950328221236132364e+00
9.975518925593691577e+00
1.000070962995125079e+01
1.002590033430881178e+01
1.005109103866637277e+01
1.007628174302393020e+01
1.010147244738148942e+01
1.012666315173905041e+01
1.015185385609661139e+01
1.017704456045417061e+01
1.020223526481172804e+01
1.022742596916928903e+01
1.025261667352685002e+01
1.027780737788440923e+01
1.030299808224197022e+01
1.032818878659952766e+01
1.035337949095708865e+01
1.037857019531464786e+01
1.040376089967220885e+01
1.042895160402976806e+01
1.045414230838732905e+01
1.047933301274488649e+01
1.050452371710244748e+01
1.052971442146000669e+01
1.055490512581756768e+01
1.058009583017512512e+01
1.060528653453268610e+01
1.063047723889024709e+01
1.065566794324780631e+01
1.068085864760536730e+01
1.070604935196292651e+01
1.073124005632048750e+01
1.075643076067804493e+01
1.078162146503560592e+01
1.080681216939316514e+01
1.083200287375072612e+01
1.085719357810828534e+01
1.088238428246584633e+01
1.090757498682340376e+01
1.093276569118096475e+01
1.095795639553852396e+01
1.098314709989608495e+01
1.100833780425364239e+01
1.103352850861120338e+01
1.105871921296876437e+01
1.108390991732632358e+01
1.110910062168388457e+01
1.113429132604144378e+01
1.115948203039900477e+01
1.118467273475656221e+01
1.120986343911412320e+01
1.123505414347168241e+01
1.126024484782924340e+01
1.128543555218680083e+01
1.131062625654436182e+01
1.133581696090192104e+01
1.136100766525948202e+01
1.138619836961704124e+01
1.141138907397460223e+01
1.143657977833215966e+01
1.146177048268972065e+01
1.148696118704727986e+01
1.151215189140484085e+01
1.153734259576240184e+01
1.156253330011996105e+01
1.158772400447752027e+01
1.161291470883507948e+01
1.163810541319264047e+01
1.166329611755019968e+01
1.168848682190776067e+01
1.171367752626531811e+01
1.173886823062287910e+01
1.176405893498043831e+01
1.178924963933799930e+01
1.181444034369555851e+01
1.183963104805311950e+01
1.186482175241067694e+01
1.189001245676823793e+01
1.191520316112579714e+01
1.194039386548335813e+01
1.196558456984091556e+01
1.199077527419847655e+01
1.201596597855603754e+01
1.204115668291359675e+01
1.206634738727115774e+01
1.209153809162871696e+01
1.211672879598627794e+01
1.214191950034383538e+01
1.216711020470139637e+01
1.219230090905895558e+01
1.221749161341651657e+01
1.224268231777407578e+01
1.226787302213163677e+01
1.229306372648919421e+01
1.231825443084675520e+01
1.234344513520431441e+01
1.236863583956187540e+01
1.239382654391943284e+01
1.241901724827699383e+01
1.244420795263455481e+01
1.246939865699211403e+01
1.249458936134967502e+01
1.251978006570723423e+01
1.254497077006479522e+01
1.257016147442235265e+01
1.259535217877991364e+01
1.262054288313747286e+01
1.264573358749503385e+01
1.267092429185259128e+01
1.269611499621015227e+01
1.272130570056771148e+01
1.274649640492527247e+01
1.277168710928283168e+01
1.279687781364039267e+01
1.282206851799795011e+01
1.284725922235551110e+01
1.287244992671307031e+01
1.289764063107063130e+01
1.292283133542819229e+01
1.294802203978575150e+01
1.297321274414331072e+01
1.299840344850086993e+01
1.302359415285843092e+01
1.304878485721599013e+01
1.307397556157355112e+01
1.309916626593110855e+01
1.312435697028866954e+01
1.314954767464622876e+01
1.317473837900378975e+01
1.319992908336134896e+01
1.322511978771890995e+01
1.325031049207646738e+01
1.327550119643402837e+01
1.330069190079158759e+01
1.332588260514914857e+01
1.335107330950670601e+01
1.337626401386426700e+01
1.340145471822182799e+01
1.342664542257938720e+01
1.345183612693694819e+01
1.347702683129450740e+01
1.350221753565206839e+01
1.352740824000962583e+01
1.355259894436718682e+01
1.357778964872474603e+01
1.360298035308230702e+01
1.362817105743986623e+01
1.365336176179742722e+01
1.367855246615498466e+01
1.370374317051254565e+01
1.372893387487010486e+01
1.375412457922766585e+01
1.377931528358522328e+01
1.380450598794278427e+01
1.382969669230034526e+01
1.385488739665790447e+01
1.388007810101546546e+01
1.390526880537302468e+01
1.393045950973058567e+01
1.395565021408814310e+01
1.398084091844570409e+01
1.400603162280326330e+01
1.403122232716082429e+01
1.405641303151838173e+01
1.408160373587594272e+01
1.410679444023350193e+01
1.413198514459106292e+01
1.415717584894862213e+01
1.418236655330618312e+01
1.420755725766374056e+01
1.423274796202130155e+01
1.425793866637886076e+01
1.428312937073642175e+01
1.430832007509398274e+01
1.433351077945154195e+01
1.435870148380910116e+01
1.438389218816666038e+01
1.440908289252422136e+01
1.443427359688178058e+01
1.445946430123934157e+01
1.448465500559689900e+01
1.450984570995445999e+01
1.453503641431201920e+01
1.456022711866958019e+01
1.458541782302713941e+01
1.461060852738470039e+01
1.463579923174225783e+01
1.466098993609981882e+01
1.468618064045737803e+01
1.471137134481493902e+01
1.473656204917249646e+01
1.476175275353005745e+01
1.478694345788761844e+01
1.481213416224517765e+01
1.483732486660273864e+01
1.486251557096029785e+01
1.488770627531785884e+01
1.491289697967541628e+01
1.493808768403297726e+01
1.496327838839053648e+01
1.498846909274809747e+01
1.501365979710565668e+01
1.503885050146321767e+01
1.506404120582077510e+01
1.508923191017833609e+01
1.511442261453589531e+01
1.513961331889345630e+01
1.516480402325101373e+01
1.518999472760857472e+01
1.521518543196613571e+01
1.524037613632369492e+01
1.526556684068125591e+01
1.529075754503881690e+01
1.531594824939637789e+01
1.534113895375393355e+01
1.536632965811149454e+01
1.539152036246905197e+01
1.541671106682661296e+01
1.544190177118417218e+01
1.546709247554173317e+01
1.549228317989929415e+01
1.551747388425685514e+01
1.554266458861441258e+01
1.556785529297197357e+01
1.559304599732952923e+01
1.561823670168709022e+01
1.564342740604465121e+01
1.566861811040221220e+01
1.569380881475977318e+01
1.571899951911733417e+01
1.574419022347489516e+01
1.576938092783245082e+01
1.579457163219001181e+01
1.581976233654756747e+01
1.584495304090512846e+01
1.587014374526268945e+01
1.589533444962025044e+01
1.592052515397781143e+01
1.594571585833537242e+01
1.597090656269292985e+01
1.599609726705049084e+01
1.602128797140804650e+01
1.604647867576560571e+01
1.607166938012316848e+01
1.609686008448072769e+01
1.612205078883829046e+01
1.614724149319584967e+01
1.617243219755341244e+01
1.619762290191096810e+01
1.622281360626853086e+01
1.624800431062608652e+01
1.627319501498364573e+01
1.629838571934120850e+01
1.632357642369876771e+01
1.634876712805633048e+01
1.637395783241388969e+01
1.639914853677144535e+01
1.642433924112900812e+01
1.644952994548656378e+01
1.647472064984412299e+01
1.649991135420168575e+01
1.652510205855924497e+01
1.655029276291680773e+01
1.657548346727436694e+01
1.660067417163192971e+01
1.662586487598948537e+01
1.665105558034704458e+01
1.667624628470460380e+01
1.670143698906216301e+01
1.672662769341972577e+01
1.675181839777728499e+01
1.677700910213484775e+01
1.680219980649240696e+01
1.682739051084996262e+01
1.685258121520752539e+01
1.687777191956508105e+01
1.690296262392264026e+01
1.692815332828020303e+01
1.695334403263776224e+01
1.697853473699532501e+01
1.700372544135288422e+01
1.702891614571043988e+01
1.705410685006800264e+01
1.707929755442556186e+01
1.710448825878312107e+01
1.712967896314068028e+01
1.715486966749824305e+01
1.718006037185580226e+01
1.720525107621336502e+01
1.723044178057092424e+01
1.725563248492847990e+01
1.728082318928604266e+01
1.730601389364359832e+01
1.733120459800115754e+01
1.735639530235872030e+01
1.738158600671627951e+01
1.740677671107384228e+01
1.743196741543140149e+01
1.745715811978895715e+01
1.748234882414651992e+01
1.750753952850407913e+01
1.753273023286163834e+01
1.755792093721919755e+01
1.758311164157676032e+01
1.760830234593431953e+01
1.763349305029187875e+01
1.765868375464944151e+01
1.768387445900699717e+01
1.770906516336455994e+01
1.773425586772211560e+01
1.775944657207967481e+01
1.778463727643723757e+01
1.780982798079479679e+01
1.783501868515235955e+01
1.786020938950991876e+01
1.788540009386747442e+01
1.791059079822503719e+01
1.793578150258259285e+01
1.796097220694015562e+01
1.798616291129771483e+01
1.801135361565527404e+01
1.803654432001283681e+01
1.806173502437039602e+01
1.808692572872795878e+01
1.811211643308551444e+01
1.813730713744307721e+01
1.816249784180063287e+01
1.818768854615819208e+01
1.821287925051575485e+01
1.823806995487331406e+01
1.826326065923087683e+01
1.828845136358843604e+01
1.831364206794599170e+01
1.833883277230355446e+01
1.836402347666111012e+01
1.838921418101867289e+01
1.841440488537623210e+01
1.843959558973379131e+01
1.846478629409135408e+01
1.848997699844891329e+01
1.851516770280647606e+01
1.854035840716403172e+01
1.856554911152159448e+01
1.859073981587915014e+01
1.861593052023670936e+01
1.864112122459427212e+01
1.866631192895183133e+01
1.869150263330939410e+01
1.871669333766695331e+01
1.874188404202450897e+01
1.876707474638207174e+01
1.879226545073962740e+01
1.881745615509718661e+01
1.884264685945474938e+01
1.886783756381230859e+01
1.889302826816987135e+01
1.891821897252743057e+01
1.894340967688499333e+01
1.896860038124254899e+01
1.899379108560011176e+01
1.901898178995766742e+01
1.904417249431522663e+01
1.906936319867278939e+01
1.909455390303034861e+01
1.911974460738791137e+01
1.914493531174547059e+01
1.917012601610302625e+01
1.919531672046058901e+01
1.922050742481814467e+01
1.924569812917570388e+01
1.927088883353326665e+01
1.929607953789082586e+01
1.932127024224838863e+01
1.934646094660594784e+01
1.937165165096351060e+01
1.939684235532106626e+01
1.942203305967862548e+01
1.944722376403618469e+01
1.947241446839374390e+01
1.949760517275130667e+01
1.952279587710886588e+01
1.954798658146642865e+01
1.957317728582398786e+01
1.959836799018154352e+01
1.962355869453910628e+01
1.964874939889666194e+01
1.967394010325422116e+01
1.969913080761178392e+01
1.972432151196934313e+01
1.974951221632690590e+01
1.977470292068446511e+01
1.979989362504202077e+01
1.982508432939958354e+01
1.985027503375714275e+01
1.987546573811470196e+01
1.990065644247226118e+01
1.992584714682982394e+01
1.995103785118738315e+01
1.997622855554494592e+01
2.000141925990250513e+01
2.002660996426006079e+01
2.005180066861762356e+01
2.007699137297517922e+01
2.010218207733273843e+01
2.012737278169030120e+01
2.015256348604786041e+01
2.017775419040542317e+01
2.020294489476298239e+01
2.022813559912053805e+01
2.025332630347810081e+01
2.027851700783566002e+01
2.030370771219321924e+01
2.032889841655077845e+01
2.035408912090834121e+01
2.037927982526590043e+01
2.040447052962345964e+01
2.042966123398102241e+01
2.045485193833857807e+01
2.048004264269614083e+01
2.050523334705370004e+01
2.053042405141125570e+01
2.055561475576881847e+01
2.058080546012637768e+01
2.060599616448394045e+01
2.063118686884149611e+01
2.065637757319905532e+01
2.068156827755661809e+01
2.070675898191417730e+01
2.073194968627174006e+01
2.075714039062929572e+01
2.078233109498685494e+01
2.080752179934441770e+01
2.083271250370197691e+01
2.085790320805953613e+01
2.088309391241709534e+01
2.090828461677465810e+01
2.093347532113221732e+01
2.095866602548977298e+01
2.098385672984733574e+01
2.100904743420489496e+01
2.103423813856245772e+01
2.105942884292001338e+01
2.108461954727757259e+01
2.110981025163513536e+01
2.113500095599269457e+01
2.116019166035025023e+01
2.118538236470781300e+01
2.121057306906537221e+01
2.123576377342293497e+01
2.126095447778049419e+01
2.128614518213805340e+01
2.131133588649561261e+01
2.133652659085317538e+01
2.136171729521073459e+01
2.138690799956829025e+01
2.141209870392585302e+01
2.143728940828341223e+01
2.146248011264097499e+01
2.148767081699853065e+01
2.151286152135608987e+01
2.153805222571365263e+01
2.156324293007121184e+01
2.158843363442876750e+01
2.161362433878633027e+01
2.163881504314388948e+01
2.166400574750145225e+01
2.168919645185901146e+01
2.171438715621657067e+01
2.173957786057412989e+01
2.176476856493169265e+01
2.178995926928925186e+01
2.181514997364680752e+01
2.184034067800437029e+01
2.186553138236192950e+01
2.189072208671949227e+01
2.191591279107704793e+01
2.194110349543460714e+01
2.196629419979216991e+01
2.199148490414972912e+01
2.201667560850728478e+01
2.204186631286484754e+01
2.206705701722240676e+01
2.209224772157996952e+01
2.211743842593752873e+01
2.214262913029508795e+01
2.216781983465264716e+01
2.219301053901020637e+01
2.221820124336776914e+01
2.224339194772532480e+01
2.226858265208288756e+01
2.229377335644044678e+01
2.231896406079800954e+01
2.234415476515556520e+01
2.236934546951312441e+01
2.239453617387068718e+01
2.241972687822824639e+01
2.244491758258580205e+01
2.247010828694336482e+01
2.249529899130092403e+01
2.252048969565848680e+01
2.254568040001604246e+01
2.257087110437360167e+01
2.259606180873116443e+01
2.262125251308872365e+01
2.264644321744628641e+01
2.267163392180384207e+01
2.269682462616140484e+01
2.272201533051896405e+01
2.274720603487652681e+01
2.277239673923408247e+01
2.279758744359164169e+01
2.282277814794920445e+01
2.284796885230676367e+01
2.287315955666431933e+01
2.289835026102188209e+01
2.292354096537944130e+01
2.294873166973700407e+01
2.297392237409455973e+01
2.299911307845211894e+01
2.302430378280968171e+01
2.304949448716724092e+01
2.307468519152480368e+01
2.309987589588235934e+01
2.312506660023992211e+01
2.315025730459748132e+01
2.317544800895504054e+01
2.320063871331259975e+01
2.322582941767015896e+01
2.325102012202772173e+01
2.327621082638528094e+01
2.330140153074283660e+01
2.332659223510039936e+01
2.335178293945795858e+01
2.337697364381552134e+01
2.340216434817307700e+01
2.342735505253063621e+01
2.345254575688819898e+01
2.347773646124575819e+01
2.350292716560332096e+01
2.352811786996087662e+01
2.355330857431843583e+01
2.357849927867599860e+01
2.360368998303355781e+01
2.362888068739111702e+01
2.365407139174867623e+01
2.367926209610623900e+01
2.370445280046379821e+01
2.372964350482135387e+01
2.375483420917891664e+01
2.378002491353647585e+01
2.380521561789403862e+01
2.383040632225159428e+01
2.385559702660915349e+01
2.388078773096671625e+01
2.390597843532427547e+01
2.393116913968183113e+01
2.395635984403939389e+01
2.398155054839695310e+01
2.400674125275451587e+01
2.403193195711207508e+01
2.405712266146963429e+01
2.408231336582719351e+01
2.410750407018475627e+01
2.413269477454231549e+01
2.415788547889987115e+01
2.418307618325743391e+01
2.420826688761499312e+01
2.423345759197255589e+01
2.425864829633011155e+01
2.428383900068767076e+01
2.430902970504523353e+01
2.433422040940279274e+01
2.435941111376034840e+01
2.438460181811791117e+01
2.440979252247547038e+01
2.443498322683303314e+01
2.446017393119059236e+01
2.448536463554815157e+01
2.451055533990571078e+01
2.453574604426327355e+01
2.456093674862083276e+01
2.458612745297838842e+01
2.461131815733595118e+01
2.463650886169351040e+01
2.466169956605107316e+01
2.468689027040862882e+01
2.471208097476618804e+01
2.473727167912375080e+01
2.476246238348131001e+01
2.478765308783886567e+01
2.481284379219642844e+01
2.483803449655398765e+01
2.486322520091155042e+01
2.488841590526910963e+01
2.491360660962666884e+01
2.493879731398422805e+01
2.496398801834178727e+01
2.498917872269935003e+01
2.501436942705690569e+01
2.503956013141446846e+01
2.506475083577202767e+01
2.508994154012959044e+01
2.511513224448714610e+01
2.514032294884470531e+01
2.516551365320226807e+01
