1.767199999999998980e-02
2.405039514376388493e-02
5.525649334956614367e-02
1.295142318126095149e-01
2.530783073787030157e-01
2.730595220564557835e-01
3.215998773744754291e-01
3.362571528477970029e-01
3.042316549919649726e-01
2.365530489155196203e-01
1.715822153799877181e-01
1.170182877238439278e-01
3.806389794736231291e-02
7.267382326622686545e-03
1.338196041086624904e-02
4.658073630068215731e-02
9.157387650315162997e-02
1.278908062014014746e-01
1.690817701829982755e-01
2.872358598148496145e-01
3.071710125540721426e-01
2.782579999999998943e-01
2.862217132509962125e-01
2.198245684338821226e-01
2.098033893419904983e-01
9.834641844971032942e-02
4.944270948024197254e-02
2.094500466348452397e-02
7.448744369112821242e-06
5.146536807327706589e-03
2.928199999999994349e-02
