0.000000000000000000e+00
2.201005753719802952e-05
8.802614593463271907e-05
1.980201354651587892e-04
3.519545644117755886e-04
5.497826481739488290e-04
7.914482904724870352e-04
1.076886096650249208e-03
1.406021389065262132e-03
1.778770224572892231e-03
2.195039414092138808e-03
2.654726544251905310e-03
3.157720001111509033e-03
3.703898995949900848e-03
4.293133593117033978e-03
4.925284739940821548e-03
5.600204298682253529e-03
6.317735080530660803e-03
7.077710881631415520e-03
7.879956521136505937e-03
8.724287881269198949e-03
9.610511949392996911e-03
1.053842686207446741e-02
1.150782195112871539e-02
1.251847779163770338e-02
1.357016625192797830e-02
1.466265054549704440e-02
1.579568528487419049e-02
1.696901653740443688e-02
1.818238188294081514e-02
1.943551047343113763e-02
2.072812309438493150e-02
2.205993222820520211e-02
2.343064211937000846e-02
2.483994884144862664e-02
2.628754036593352120e-02
2.777309663287436808e-02
2.929628962329614006e-02
3.085678343338127405e-02
3.245423435040160898e-02
3.408829093037871183e-02
3.575859407745583807e-02
3.746477712495991513e-02
3.920646591813688187e-02
4.098327889853690259e-02
4.279482719003246949e-02
4.464071468644476709e-02
4.652053814076240884e-02
4.843388725592256278e-02
5.038034477714313508e-02
5.235948658577423143e-02
5.437088179465126431e-02
5.641409284492491377e-02
5.848867560434670848e-02
6.059417946698227725e-02
6.273014745433287687e-02
6.489611631783666346e-02
6.709161664272832171e-02
6.931617295323067029e-02
7.156930381905082794e-02
7.385052196316012341e-02
7.615933437082612889e-02
7.849524239987536178e-02
8.085774189215634566e-02
8.324632328617943833e-02
8.566047173090429734e-02
8.809966720064778267e-02
9.056338461108570659e-02
9.305109393631953718e-02
9.556226032698122985e-02
9.809634422934536413e-02
1.006528015054244385e-01
1.032310835540132948e-01
1.058306374326578314e-01
1.084509059805166403e-01
1.110913279420876476e-01
1.137513380917685724e-01
1.164303673592224225e-01
1.191278429555191337e-01
1.218431885000213766e-01
1.245758241479837380e-01
1.273251667188408653e-01
1.300906298251416626e-01
1.328716240021174666e-01
1.356675568378311048e-01
1.384778331038979682e-01
1.413018548867295276e-01
1.441390217192808909e-01
1.469887307132669574e-01
1.498503766918131974e-01
1.527233523225130507e-01
1.556070482508610520e-01
1.585008532340253240e-01
1.614041542749375946e-01
1.643163367566552180e-01
1.672367845769768269e-01
1.701648802832741447e-01
1.731000052075046813e-01
1.760415396013820521e-01
1.789888627716657299e-01
1.819413532155403634e-01
1.848983887560533834e-01
1.878593466775813070e-01
1.908236038612876051e-01
1.937905369205463191e-01
1.967595223362945123e-01
1.997299365922911574e-01
2.027011563102375791e-01
2.056725583847387739e-01
2.086435201180749377e-01
2.116134193547397069e-01
2.145816346157286558e-01
2.175475452325401904e-01
2.205105314808557537e-01
2.234699747138737258e-01
2.264252574952631825e-01
2.293757637317077602e-01
2.323208788050099838e-01
2.352599897037230547e-01
2.381924851542853439e-01
2.411177557516213099e-01
2.440351940891830607e-01
2.469441948884022742e-01
2.498441551275257799e-01
2.527344741697935548e-01
2.556145538909516679e-01
2.584837988060479375e-01
2.613416161954999484e-01
2.641874162303948226e-01
2.670206120970010089e-01
2.698406201204586741e-01
2.726468598876231053e-01
2.754387543690346440e-01
2.782157300399824007e-01
2.809772170006487046e-01
2.837226490952862723e-01
2.864514640304219317e-01
2.891631034920496002e-01
2.918570132617886448e-01
2.945326433319837567e-01
2.971894480197191379e-01
2.998268860797256297e-01
3.024444208161485292e-01
3.050415201931626630e-01
3.076176569444004638e-01
3.101723086811742358e-01
3.127049579994689021e-01
3.152150925856865848e-01
3.177022053211021602e-01
3.201657943850398369e-01
3.226053633567126933e-01
3.250204213157316668e-01
3.274104829412427531e-01
3.297750686096924122e-01
3.321137044911739444e-01
3.344259226443613842e-01
3.367112611099907782e-01
3.389692640028842407e-01
3.411994816024850330e-01
3.434014704418937858e-01
3.455747933953874362e-01
3.477190197643952319e-01
3.498337253619227538e-01
3.519184925954049747e-01
3.539729105479657023e-01
3.559965750580775801e-01
3.579890887975969438e-01
3.599500613481648736e-01
3.618791092759546246e-01
3.637758562047573863e-01
3.656399328873820020e-01
3.674709772753675940e-01
3.692686345869850006e-01
3.710325573735177018e-01
3.727624055838170691e-01
3.744578466271056838e-01
3.761185554340302772e-01
3.777442145159465303e-01
3.793345140224266832e-01
3.808891517969804630e-01
3.824078334309772287e-01
3.838902723157650576e-01
3.853361896929731745e-01
3.867453147029872862e-01
3.881173844316027077e-01
3.894521439548282449e-01
3.907493463818522139e-01
3.920087528961530565e-01
3.932301327947517744e-01
3.944132635256014652e-01
3.955579307231052999e-01
3.966639282417684931e-01
3.977310581879590634e-01
3.987591309498001446e-01
3.997479652251718085e-01
4.006973880478228445e-01
4.016072348115966584e-01
4.024773492927634089e-01
4.033075836704579920e-01
4.040977985452249288e-01
4.048478629556672703e-01
4.055576543932015721e-01
4.062270588149143880e-01
4.068559706545316068e-01
4.074442928314887524e-01
4.079919367581133494e-01
4.084988223449190214e-01
4.089648780040116560e-01
4.093900406506147394e-01
4.097742557027105881e-01
4.101174770788159063e-01
4.104196671938715180e-01
4.106807969532821900e-01
4.109008457450806784e-01
4.110798014302472492e-01
4.112176603311757384e-01
4.113144272182929773e-01
4.113701152948537332e-01
4.113847461798947336e-01
4.113583498893779167e-01
4.112909648155139708e-01
4.111826377042936964e-01
4.110334236312096490e-01
4.108433859752069206e-01
4.106125963908512366e-01
4.103411347787358499e-01
4.100290892541307852e-01
4.096765561138963063e-01
4.092836398016532762e-01
4.088504528712485486e-01
4.083771159485028446e-01
4.078637576912671481e-01
4.073105147477952270e-01
4.067175317134532619e-01
4.060849610857708569e-01
4.054129632178519183e-01
4.047017062701597223e-01
4.039513661606915496e-01
4.031621265135572063e-01
4.023341786059775327e-01
4.014677213137137213e-01
4.005629610549558683e-01
3.996201117326733110e-01
3.986393946754512863e-01
3.976210385768289002e-01
3.965652794331588904e-01
3.954723604800018943e-01
3.943425321270756512e-01
3.931760518917775116e-01
3.919731843313029040e-01
3.907342009733681953e-01
3.894593802455687537e-01
3.881490074033827620e-01
3.868033744568493137e-01
3.854227800959299510e-01
3.840075296145830652e-01
3.825579348335692020e-01
3.810743140220035907e-01
3.795569918176825985e-01
3.780062991462058153e-01
3.764225731389059248e-01
3.748061570496215023e-01
3.731574001703216736e-01
3.714766577456166674e-01
3.697642908861683564e-01
3.680206664810209416e-01
3.662461571088869716e-01
3.644411409484004105e-01
3.626060016873603464e-01
3.607411284309955390e-01
3.588469156092675139e-01
3.569237628832354070e-01
3.549720750505098166e-01
3.529922619498195302e-01
3.509847383647088370e-01
3.489499239263968433e-01
3.468882430158205521e-01
3.448001246648851326e-01
3.426860024569437502e-01
3.405463144265380437e-01
3.383815029584203993e-01
3.361920146858764502e-01
3.339783003883871615e-01
3.317408148886387131e-01
3.294800169489208175e-01
3.271963691669261265e-01
3.248903378709816492e-01
3.225623930147401008e-01
3.202130080713483373e-01
3.178426599271257369e-01
3.154518287747752892e-01
3.130409980061498731e-01
3.106106541046054215e-01
3.081612865369577903e-01
3.056933876450788623e-01
3.032074525371483698e-01
3.007039789785924677e-01
2.981834672827324284e-01
2.956464202011664377e-01
2.930933428139160801e-01
2.905247424193564409e-01
2.879411284239621338e-01
2.853430122318836304e-01
2.827309071343921953e-01
2.801053281992074151e-01
2.774667921597414044e-01
2.748158173042772323e-01
2.721529233651136526e-01
2.694786314076923484e-01
2.667934637197428294e-01
2.640979437004606356e-01
2.613925957497510999e-01
2.586779451575542121e-01
2.559545179932855574e-01
2.532228409954101478e-01
2.504834414611762372e-01
2.477368471365294644e-01
2.449835861062442943e-01
2.422241866842717861e-01
2.394591773043574234e-01
2.366890864109271464e-01
2.339144423502845793e-01
2.311357732621217853e-01
2.283536069713900662e-01
2.255684708805403282e-01
2.227808918621488332e-01
2.199913961519712746e-01
2.172005092424299233e-01
2.144087557765654573e-01
2.116166594424683245e-01
2.088247428682222240e-01
2.060335275173667824e-01
2.032435335849200886e-01
2.004552798939586988e-01
1.976692837927968849e-01
1.948860610527786696e-01
1.921061257666965838e-01
1.893299902478696728e-01
1.865581649298884703e-01
1.837911582670612998e-01
1.810294766355660390e-01
1.782736242353371581e-01
1.755241029927078200e-01
1.727814124638140658e-01
1.700460497388009418e-01
1.673185093468251838e-01
1.645992831618867391e-01
1.618888603095116896e-01
1.591877270742872996e-01
1.564963668082842152e-01
1.538152598403660920e-01
1.511448833864247054e-01
1.484857114605336870e-01
1.458382147870571355e-01
1.432028607137142140e-01
1.405801131256262937e-01
1.379704323603558325e-01
1.353742751239566944e-01
1.327920944080435428e-01
1.302243394079043159e-01
1.276714554416629455e-01
1.251338838705106926e-01
1.226120620200177730e-01
1.201064231025348039e-01
1.176173961407083746e-01
1.151454058921118073e-01
1.126908727750094014e-01
1.102542127952642892e-01
1.078358374744052967e-01
1.054361537788597730e-01
1.030555640503659498e-01
1.006944659375768880e-01
9.835325232886080182e-02
9.603231128632103153e-02
9.373202598102792216e-02
9.145277462948669944e-02
8.919493043134403554e-02
8.695886150834469808e-02
8.474493084454351455e-02
8.255349622778697383e-02
8.038491019246571390e-02
7.823951996355110738e-02
7.611766740192069114e-02
7.401968895097847667e-02
7.194591558458035552e-02
6.989667275626895715e-02
6.787228034982170644e-02
6.587305263112375187e-02
6.389929820136386329e-02
6.195131995156618471e-02
6.002941501845565631e-02
5.813387474166593211e-02
5.626498462229176378e-02
5.442302428279222060e-02
5.260826742824407237e-02
5.082098180895353728e-02
4.906142918442413930e-02
4.732986528868681625e-02
4.562653979699423518e-02
4.395169629387857962e-02
4.230557224257801285e-02
4.068839895582872929e-02
3.910040156802813832e-02
3.754179900876755682e-02
3.601280397773239800e-02
3.451362292097544943e-02
3.304445600855655113e-02
3.160549711355473135e-02
3.019693379244517070e-02
2.881894726684378766e-02
2.747171240661947650e-02
2.615539771436460256e-02
2.487016531123307367e-02
2.361617092413163116e-02
2.239356387427064027e-02
2.120248706706691702e-02
2.004307698339537203e-02
1.891546367218851360e-02
1.781977074437712805e-02
1.675611536816843522e-02
1.572460826566006789e-02
1.472535371077931914e-02
1.375844952855075076e-02
1.282398709567782701e-02
1.192205134244078875e-02
1.105272075590036165e-02
1.021606738440242364e-02
9.412156843378007703e-03
8.641048322430712469e-03
7.902794593706300580e-03
7.197442021534459188e-03
6.525030573340238373e-03
5.885593831811531708e-03
5.279159008319692439e-03
4.705746957582249840e-03
4.165372193561301187e-03
3.658042906586832319e-03
3.183760981698317578e-03
2.742522018193915400e-03
2.334315350379185736e-03
1.959124069505045404e-03
1.616925046884971776e-03
1.307688958182974147e-03
1.031380308860393134e-03
7.879574607726739675e-04
5.773726599041035168e-04
3.995720652313775934e-04
2.544957787035108344e-04
1.420778763280118942e-04
6.224644035133368480e-05
1.492359252256579971e-05
2.552842809221918298e-08
1.746255288590591823e-05
6.713911638707595689e-05
1.489538525723119655e-04
2.627996167312341997e-04
4.085635253116967278e-04
5.861269964264445749e-04
7.953657913443589909e-04
1.036150056952859751e-03
1.308344369178876185e-03
1.611807777354614312e-03
1.946393849514590222e-03
2.311950718610510623e-03
2.708321129630679100e-03
3.135342487608896132e-03
3.592846906509901666e-03
4.080661258977485474e-03
4.598607226929097257e-03
5.146501352985293279e-03
5.724155092717495008e-03
6.331374867700406174e-03
6.967962119354722574e-03
7.633713363563348134e-03
8.328420246050717568e-03
9.051869598503873779e-03
9.803843495426739149e-03
1.058411931170773201e-02
1.139246978088810300e-02
1.222866305411550274e-02
1.309246275976481792e-02
1.398362806371622989e-02
1.490191373026811782e-02
1.584707018367702280e-02
1.681884357030110494e-02
1.781697582133836763e-02
1.884120471613960970e-02
1.989126394608286066e-02
2.096688317899142798e-02
2.206778812408176707e-02
2.319370059742460743e-02
2.434433858790293476e-02
2.551941632365169882e-02
2.671864433896386018e-02
2.794172954164471367e-02
2.918837528080173507e-02
3.045828141505160791e-02
3.175114438112907472e-02
3.306665726288290919e-02
3.440450986064101657e-02
3.576438876093084029e-02
3.714597740653827196e-02
3.854895616688826937e-02
3.997300240873379734e-02
4.141779056713378038e-02
4.288299221670879846e-02
4.436827614315356355e-02
4.587330841499406842e-02
4.739775245557507205e-02
4.894126911525428780e-02
5.050351674379961048e-02
5.208415126296291053e-02
5.368282623922173563e-02
5.529919295666996248e-02
5.693290049004303549e-02
5.858359577786396988e-02
6.025092369569183537e-02
6.193452712945962668e-02
6.363404704888497854e-02
6.534912258094098536e-02
6.707939108336899436e-02
6.882448821822047258e-02
7.058404802541257128e-02
7.235770299628199731e-02
7.414508414712388251e-02
7.594582109270030246e-02
7.775954211970158292e-02
7.958587426015174826e-02
8.142444336473741995e-02
8.327487417604950704e-02
8.513679040172315859e-02
8.700981478746190600e-02
8.889356918992942502e-02
9.078767464950047994e-02
9.269175146285307809e-02
9.460541925538726304e-02
9.652829705346384348e-02
9.846000335643916024e-02
1.004001562084956001e-01
1.023483732702394344e-01
1.043042718900700772e-01
1.062674691752908823e-01
1.082375820629641050e-01
1.102142273904836989e-01
1.121970219658657564e-01
1.141855826377348587e-01
1.161795263649992166e-01
1.181784702862006542e-01
1.201820317885284040e-01
1.221898285764833891e-01
1.242014787401850284e-01
1.262166008233033820e-01
1.282348138906098112e-01
1.302557375951346463e-01
1.322789922449173206e-01
1.343041988693428335e-01
1.363309792850490310e-01
1.383589561613999264e-01
1.403877530855058287e-01
1.424169946267917486e-01
1.444463064010922948e-01
1.464753151342711168e-01
1.485036487253519333e-01
1.505309363091514030e-01
1.525568083184035417e-01
1.545808965453713268e-01
1.566028342029284481e-01
1.586222559851110381e-01
1.606387981271193977e-01
1.626520984647741863e-01
1.646617964934086742e-01
1.666675334261922548e-01
1.686689522518768081e-01
1.706656977919582818e-01
1.726574167572465512e-01
1.746437578038296523e-01
1.766243715884387167e-01
1.785989108231873512e-01
1.805670303296974533e-01
1.825283870925883678e-01
1.844826403123343006e-01
1.864294514574760531e-01
1.883684843161874956e-01
1.902994050471786824e-01
1.922218822299448793e-01
1.941355869143439328e-01
1.960401926695010677e-01
1.979353756320328950e-01
1.998208145535897429e-01
2.016961908477070131e-01
2.035611886359586786e-01
2.054154947934168640e-01
2.072587989934012997e-01
2.090907937515220638e-01
2.109111744690106149e-01
2.127196394753289310e-01
2.145158900700602222e-01
2.162996305640723371e-01
2.180705683199528899e-01
2.198284137917108638e-01
2.215728805637418586e-01
2.233036853890535967e-01
2.250205482267492452e-01
2.267231922787666942e-01
2.284113440258663252e-01
2.300847332628716546e-01
2.317430931331548316e-01
2.333861601623681836e-01
2.350136742914168408e-01
2.366253789086741333e-01
2.382210208814352081e-01
2.398003505866072582e-01
2.413631219406383865e-01
2.429090924286785858e-01
2.444380231329753572e-01
2.459496787605045531e-01
2.474438276698295303e-01
2.489202418971953601e-01
2.503786971818527385e-01
2.518189729906101793e-01
2.532408525416205980e-01
2.546441228273989554e-01
2.560285746370636883e-01
2.573940025778196916e-01
2.587402050956634780e-01
2.600669844953255039e-01
2.613741469594434430e-01
2.626615025669716275e-01
2.639288653108198823e-01
2.651760531147340783e-01
2.664028878494106301e-01
2.676091953478488827e-01
2.687948054199478798e-01
2.699595518663384097e-01
2.711032724914652081e-01
2.722258091159104332e-01
2.733270075879674077e-01
2.744067177944631841e-01
2.754647936708330969e-01
2.765010932104512986e-01
2.775154784732186686e-01
2.785078155934088695e-01
2.794779747867813802e-01
2.804258303569554522e-01
2.813512607010592581e-01
2.822541483146440711e-01
2.831343797958820185e-01
2.839918458490360842e-01
2.848264412872169027e-01
2.856380650344247374e-01
2.864266201268804157e-01
2.871920137136534379e-01
2.879341570565823738e-01
2.886529655295044239e-01
2.893483586167851507e-01
2.900202599111613155e-01
2.906685971108990407e-01
2.912933020162706832e-01
2.918943105253566372e-01
2.924715626291714554e-01
2.930250024061308300e-01
2.935545780158507756e-01
2.940602416922916684e-01
2.945419497362521954e-01
2.949996625072150436e-01
2.954333444145501031e-01
2.958429639080843443e-01
2.962284934680392001e-01
2.965899095943423380e-01
2.969271927953210377e-01
2.972403275757780072e-01
2.975293024244631823e-01
2.977941098009403986e-01
2.980347461218552096e-01
2.982512117466141199e-01
2.984435109624778981e-01
2.986116519690752424e-01
2.987556468623434047e-01
2.988755116179007687e-01
2.989712660738615413e-01
2.990429339130920017e-01
2.990905426449181892e-01
2.991141235862980197e-01
2.991137118424486707e-01
2.990893462869519404e-01
2.990410695413313613e-01
2.989689279541187239e-01
2.988729715794066766e-01
2.987532541548985621e-01
2.986098330794658140e-01
2.984427693902101386e-01
2.982521277390489667e-01
2.980379763688186245e-01
2.978003870889135984e-01
2.975394352504591167e-01
2.972551997210318153e-01
2.969477628589302642e-01
2.966172104870007376e-01
2.962636318660361590e-01
2.958871196677376192e-01
2.954877699472633901e-01
2.950656821153599396e-01
2.946209589100858839e-01
2.941537063681404773e-01
2.936640337957945324e-01
2.931520537394412540e-01
2.926178819557624933e-01
2.920616373815320133e-01
2.914834421030471634e-01
2.908834213252080025e-01
2.902617033402474789e-01
2.896184194961153313e-01
2.889537041645310333e-01
2.882676947087053354e-01
2.875605314507429511e-01
2.868323576387319385e-01
2.860833194135245505e-01
2.853135657752206567e-01
2.845232485493568997e-01
2.837125223528144113e-01
2.828815445594449196e-01
2.820304752654291813e-01
2.811594772543704601e-01
2.802687159621313207e-01
2.793583594414227322e-01
2.784285783261515879e-01
2.774795457955290257e-01
2.765114375379578160e-01
2.755244317146919308e-01
2.745187089232884459e-01
2.734944521608473900e-01
2.724518467870584715e-01
2.713910804870481308e-01
2.703123432340457932e-01
2.692158272518713202e-01
2.681017269772465461e-01
2.669702390219487187e-01
2.658215621347995716e-01
2.646558971635086244e-01
2.634734470163670461e-01
2.622744166238110686e-01
2.610590128998476200e-01
2.598274447033613876e-01
2.585799227993015315e-01
2.573166598197604849e-01
2.560378702249465066e-01
2.547437702640620305e-01
2.534345779360884232e-01
2.521105129504893627e-01
2.507717966878345028e-01
2.494186521603544426e-01
2.480513039724290825e-01
2.466699782810181929e-01
2.452749027560422734e-01
2.438663065407138952e-01
2.424444202118352654e-01
2.410094757400556564e-01
2.395617064501107396e-01
2.381013469810334682e-01
2.366286332463542197e-01
2.351438023942930000e-01
2.336470927679476506e-01
2.321387438654842761e-01
2.306189963003415500e-01
2.290880917614452339e-01
2.275462729734484268e-01
2.259937836569942404e-01
2.244308684890147509e-01
2.228577730630670606e-01
2.212747438497121855e-01
2.196820281569450695e-01
2.180798740906780553e-01
2.164685305152881656e-01
2.148482470142254741e-01
2.132192738506966390e-01
2.115818619284243474e-01
2.099362627524872793e-01
2.082827283902488058e-01
2.066215114323770863e-01
2.049528649539628100e-01
2.032770424757397443e-01
2.015942979254123912e-01
1.999048855990966378e-01
1.982090601228764237e-01
1.965070764144846993e-01
1.947991896451088389e-01
1.930856552013296146e-01
1.913667286471951168e-01
1.896426656864378946e-01
1.879137221248341760e-01
1.861801538327155781e-01
1.844422167076353591e-01
1.827001666371915467e-01
1.809542594620152378e-01
1.792047509389250171e-01
1.774518967042532924e-01
1.756959522373487681e-01
1.739371728242591619e-01
1.721758135215957219e-01
1.704121291205886179e-01
1.686463741113327364e-01
1.668788026472276254e-01
1.651096685096202499e-01
1.633392250726486417e-01
1.615677252682917453e-01
1.597954215516328436e-01
1.580225658663355348e-01
1.562494096103354546e-01
1.544762036017570117e-01
1.527031980450513637e-01
1.509306424973645144e-01
1.491587858351344220e-01
1.473878762209256121e-01
1.456181610704965490e-01
1.438498870201138646e-01
1.420832998941057024e-01
1.403186446726622794e-01
1.385561654598889969e-01
1.367961054521097397e-01
1.350387069064253598e-01
1.332842111095316473e-01
1.315328583467984536e-01
1.297848878716111876e-01
1.280405378749789602e-01
1.263000454554121799e-01
1.245636465890696681e-01
1.228315761001818884e-01
1.211040676317490655e-01
1.193813536165170830e-01
1.176636652482338508e-01
1.159512324531914162e-01
1.142442838620501833e-01
1.125430467819512614e-01
1.108477471689179317e-01
1.091586096005496415e-01
1.074758572490072811e-01
1.057997118542955556e-01
1.041303936978399125e-01
1.024681215763651038e-01
1.008131127760726886e-01
9.916558304712100314e-02
9.752574657840745731e-02
9.589381597266108392e-02
9.427000222183579137e-02
9.265451468281754588e-02
9.104756105343786432e-02
8.944934734880023719e-02
8.786007787791984269e-02
8.627995522067591350e-02
8.470918020508015622e-02
8.314795188486076571e-02
8.159646751736564230e-02
8.005492254178300793e-02
7.852351055768234944e-02
7.700242330387473133e-02
7.549185063759779324e-02
7.399198051402082477e-02
7.250299896607473316e-02
7.102509008460422546e-02
6.955843599884944939e-02
6.810321685724878005e-02
6.665961080857144005e-02
6.522779398337570644e-02
6.380794047579525785e-02
6.240022232565506366e-02
6.100480950091465016e-02
5.962186988044166497e-02
5.825156923711440060e-02
5.689407122125688526e-02
5.554953734440141316e-02
5.421812696338473847e-02
5.289999726477290914e-02
5.159530324962086079e-02
5.030419771856056710e-02
4.902683125722272911e-02
4.776335222198894309e-02
4.651390672607860072e-02
4.527863862596499117e-02
4.405768950812474771e-02
4.285119867611957012e-02
4.165930313800896706e-02
4.048213759409619028e-02
3.931983442500539688e-02
3.817252368008981073e-02
3.704033306617135479e-02
3.592338793661288554e-02
3.482181128071950432e-02
3.373572371347182547e-02
3.266524346558741243e-02
3.161048637391530164e-02
3.057156587215709848e-02
2.954859298191845479e-02
2.854167630408837100e-02
2.755092201054800197e-02
2.657643383620475822e-02
2.561831307135611913e-02
2.467665855437636835e-02
2.375156666473286424e-02
2.284313131632470170e-02
2.195144395114679431e-02
2.107659353327803048e-02
2.021866654319100925e-02
1.937774697238637059e-02
1.855391631834626270e-02
1.774725357981010027e-02
1.695783525236854369e-02
1.618573532437843354e-02
1.543102527319361109e-02
1.469377406171497313e-02
1.397404813525446494e-02
1.327191141871664030e-02
1.258742531409233131e-02
1.192064869826720171e-02
1.127163792114098048e-02
1.064044680405930657e-02
1.002712663855433867e-02
9.431726185395221396e-03
8.854291673945408406e-03
8.294866801827381966e-03
7.753492734892600616e-03
7.230208107495764147e-03
6.725049023071794779e-03
6.238049055014823277e-03
5.769239247858171278e-03
5.318648118752955858e-03
4.886301659245184496e-03
4.472223337348724473e-03
4.076434099914932538e-03
3.698952375295034775e-03
3.339794076295867289e-03
2.998972603426157922e-03
2.676498848433579280e-03
2.372381198129319604e-03
2.086625538500033999e-03
1.819235259105186301e-03
1.570211257758297521e-03
1.339551945491120749e-03
1.127253251798296125e-03
9.333086301618932507e-04
7.577090638536266697e-04
6.004430720137387059e-04
4.614967160045930052e-04
3.408536060374241401e-04
2.384949080707805000e-04
1.543993509791578974e-04
8.854323398981135500e-05
4.090043438645669368e-05
1.144241547802236458e-05
1.382348308999123262e-07
6.954552762889775753e-06
3.185564109723547843e-05
7.480339217502405863e-05
1.357573281241792977e-04
2.146746103834071598e-04
3.115100494792452223e-04
4.262161150545302341e-04
5.587429461466139483e-04
7.090383617131603431e-04
8.770478714042519728e-04
1.062714686578679736e-03
1.265979731562657433e-03
1.486781655149200035e-03
1.725056842336143313e-03
1.980739426301345377e-03
2.253761300612907355e-03
2.544052131672396716e-03
2.851539371389696063e-03
3.176148270087128609e-03
3.517801889631395982e-03
3.876421116790834936e-03
4.251924676816774308e-03
4.644229147246466474e-03
5.053248971925824312e-03
5.478896475250887715e-03
5.921081876624097011e-03
6.379713305125563234e-03
6.854696814395971199e-03
7.345936397730111825e-03
7.853334003377576006e-03
8.376789550050811259e-03
8.916200942636008306e-03
9.471464088107787310e-03
1.004247291164219943e-02
1.062911937292906027e-02
1.123129348267983690e-02
1.184888331933045026e-02
1.248177504593411292e-02
1.312985292724651830e-02
1.379299934699711704e-02
1.447109482534717460e-02
1.516401803653156209e-02
1.587164582668134163e-02
1.659385323182710134e-02
1.733051349607915223e-02
1.808149808998349775e-02
1.884667672905049676e-02
1.962591739245530750e-02
2.041908634190720342e-02
2.122604814068661944e-02
2.204666567284486317e-02
