1.540987654320986183e-04
1.977506172839512636e-03
2.871135802469131429e-03
7.135802469135768327e-04
1.052861728395066039e-02
6.702246913580244686e-03
2.469135802469118513e-04
2.754469135802483249e-03
3.186409876543210701e-02
5.577799999999991098e-02
6.024306172839511558e-02
3.790422222222215864e-02
2.424891358024683710e-02
5.049135802469176346e-04
8.595061728395304011e-05
4.367654320987589375e-04
4.593817283950620695e-02
2.853395061728398671e-02
4.293555555555566942e-03
6.528088888888887442e-02
1.676483950617286070e-02
4.823802469135790409e-03
8.268888888888873160e-04
1.131676543209875554e-02
2.372839506172846977e-03
7.040888888888879524e-03
2.251950617283951343e-03
1.007506172839500117e-03
2.275555555555528137e-04
1.580469135802472710e-03
3.621950617283934120e-03
