0.000000000000000000e+00
6.543996554889051076e-01
1.308799310977810215e+00
1.963198966466713991e+00
2.617598621955619098e+00
3.271998277444524206e+00
3.926397932933427981e+00
4.580797588422333533e+00
5.235197243911238196e+00
5.889596899400143748e+00
6.543996554889046635e+00
7.198396210377951299e+00
7.852795865866855962e+00
8.507195521355761514e+00
9.161595176844667066e+00
9.815994832333569065e+00
1.047039448782247462e+01
1.112479414331138017e+01
1.177919379880028394e+01
1.243359345428918949e+01
1.308799310977809327e+01
1.374239276526699705e+01
1.439679242075590437e+01
1.505119207624480815e+01
1.570559173173371015e+01
1.635999138722261748e+01
1.701439104271151948e+01
1.766879069820042858e+01
1.832319035368933058e+01
1.897759000917823258e+01
1.963198966466714168e+01
